350	0.08528510481119156
351	0.0898231752216816
352	0.08840164542198181
353	0.08882179483771324
354	0.08985540270805359
355	0.0862709619104862
356	0.0854405350983143
357	0.0868341736495495
358	0.08810246363282205
359	0.08876126632094386
360	0.08899031206965445
361	0.089166559278965
362	0.0902978852391243
363	0.08909658342599866
364	0.0859363526105881
365	0.0865771919488907
366	0.08978353440761566
367	0.09267889708280566
368	0.0909194089472294
369	0.0897927209734917
370	0.09059035032987595
371	0.0927131660282612
372	0.0896128229796886
373	0.08762569352984426
374	0.09072551503777504
375	0.09160418063402176
376	0.0918613150715828
377	0.09209123626351355
378	0.09100095927715299
379	0.09192042425274849
380	0.09406764805316925
381	0.09433042258024216
382	0.0937868058681488
383	0.09286464378237724
384	0.09204752370715141
385	0.09277999401092529
386	0.09411370754241946
387	0.09511519968509674
388	0.09549663588404655
389	0.09634243696928024
390	0.09745777025818825
391	0.09658697247505191
392	0.09687838330864905
393	0.09781519323587415
394	0.09700638055801389
395	0.0970843657851219
396	0.09802115336060524
397	0.09899722784757614
398	0.09834606945514679
399	0.09825334697961804
400	0.09978894889354706
401	0.1000730246305468
402	0.100210674107075
403	0.100640669465065
404	0.101003561168909
405	0.1010977365076545
406	0.1010808423161505
407	0.101321380585432
408	0.1020040288567545
409	0.10270519182086
410	0.102984335273504
411	0.1033111922442915
412	0.103740394115448
413	0.10423681885004
414	0.104665700346231
415	0.1050154604017735
416	0.1052813045680525
417	0.1054234839975835
418	0.10576044768095
419	0.1062933802604675
420	0.1068549677729605
421	0.1072435677051545
422	0.1076082475483415
423	0.108151599764824
424	0.108839757740498
425	0.1094067953526975
426	0.1097132675349715
427	0.1099436432123185
428	0.1103478111326695
429	0.1109522543847565
430	0.111504130065441
431	0.112032037228346
432	0.112574726343155
433	0.1131900921463965
434	0.1137230768799785
435	0.1143116503953935
436	0.1150843389332295
437	0.1156711727380755
438	0.1161861233413215
439	0.1167523562908175
440	0.117414351552725
441	0.1180014610290525
442	0.118509352207184
443	0.1191467307507995
444	0.119737919420004
445	0.120300520211458
446	0.1209331415593625
447	0.1214796155691145
448	0.122042637318373
449	0.1227183528244495
450	0.1232037656009195
451	0.1236365102231505
452	0.1241422966122625
453	0.1247463636100295
454	0.1252979934215545
455	0.125787056982517
456	0.126377806067467
457	0.126870170235634
458	0.127325847744942
459	0.1279176995158195
460	0.128444731235504
461	0.1289382800459865
462	0.1294563710689545
463	0.1299085319042205
464	0.1303205117583275
465	0.1307492852210995
466	0.131341524422169
467	0.13178700953722
468	0.132112495601177
469	0.1327071636915205
470	0.132999509572983
471	0.133149154484272
472	0.133585751056671
473	0.13406765460968
474	0.1344925835728645
475	0.134843669831753
476	0.1353989988565445
477	0.135938823223114
478	0.1363569647073745
479	0.1368134319782255
480	0.137263983488083
481	0.1377329304814335
482	0.1383089944720265
483	0.138741098344326
484	0.1391362249851225
485	0.139704257249832
486	0.140234254300594
487	0.140798479318619
488	0.1414472535252575
489	0.1419834345579145
490	0.142477907240391
491	0.142986513674259
492	0.1435337811708455
493	0.1440458670258525
494	0.144530482590199
495	0.1450460255146025
496	0.145608276128769
497	0.146193906664848
498	0.1467717587947845
499	0.147383771836758
500	0.1480282694101335
501	0.148681588470936
502	0.1492738649249075
503	0.149868108332157
504	0.150477059185505
505	0.15104716271162
506	0.1515675336122515
507	0.1521018370985985
508	0.1527587696909905
509	0.153422638773918
510	0.1540544256567955
511	0.1546515226364135
512	0.155303977429867
513	0.1559424623847005
514	0.156536005437374
515	0.157187096774578
516	0.1577862277626995
517	0.1583394780755045
518	0.158977195620537
519	0.1596652269363405
520	0.160367622971535
521	0.161040164530277
522	0.161722794175148
523	0.1623542085289955
524	0.162908099591732
525	0.1635994166135785
526	0.164307504892349
527	0.164962001144886
528	0.1656247824430465
529	0.166313573718071
530	0.1670030653476715
531	0.1676274538040165
532	0.1683414429426195
533	0.16909559071064
534	0.169785901904106
535	0.1704923808574675
536	0.171195611357689
537	0.171889550983906
538	0.1726580187678335
539	0.1734220311045645
540	0.174158804118633
541	0.174931675195694
542	0.1757037341594695
543	0.1764616370201115
544	0.1772014647722245
545	0.178012669086456
546	0.178862988948822
547	0.179697223007679
548	0.180554233491421
549	0.181407369673252
550	0.182256542146206
551	0.1831865161657335
552	0.184179373085499
553	0.185219578444958
554	0.1862991005182265
555	0.18736956268549
556	0.1884148567914965
557	0.189436137676239
558	0.1904091760516165
559	0.1913476064801215
560	0.192280746996403
561	0.1932529881596565
562	0.1942160353064535
563	0.195148602128029
564	0.196078956127167
565	0.196983076632023
566	0.197883620858192
567	0.1988303363323215
568	0.1997782811522485
569	0.2007098272442815
570	0.2016131579875945
571	0.202466793358326
572	0.2032953277230265
573	0.204129695892334
574	0.205001153051853
575	0.205896854400635
576	0.206796295940876
577	0.207678161561489
578	0.2085109502077105
579	0.2093155831098555
580	0.2101485878229145
581	0.210971690714359
582	0.2117600068449975
583	0.212503209710121
584	0.2132258787751195
585	0.2139476016163825
586	0.214679718017578
587	0.215414822101593
588	0.216121181845665
589	0.2168051823973655
590	0.2175037041306495
591	0.218138925731182
592	0.218711756169796
593	0.2192502617836
594	0.2197658866643905
595	0.220266617834568
596	0.2207701206207275
597	0.2213416695594785
598	0.221985824406147
599	0.222667172551155
600	0.2233137860894205
601	0.2239549085497855
602	0.2245736867189405
603	0.22514982521534
604	0.2257871851325035
605	0.226435534656048
606	0.227034531533718
607	0.227587252855301
608	0.228161118924618
609	0.228771261870861
610	0.2293340265750885
611	0.229911766946316
612	0.230507493019104
613	0.2310883030295375
614	0.231673024594784
615	0.23224488645792
616	0.2327873408794405
617	0.2333606109023095
618	0.233952969312668
619	0.234538450837135
620	0.2350730150938035
621	0.235622577369213
622	0.2361866161227225
623	0.2367015480995175
624	0.2372323647141455
625	0.237782306969166
626	0.238335333764553
627	0.23889347165823
628	0.2394433543086055
629	0.2399749755859375
630	0.240477949380875
631	0.2409929484128955
632	0.2415401116013525
633	0.2421148419380185
634	0.242657020688057
635	0.2431709542870525
636	0.2436907142400745
637	0.2442066073417665
638	0.2447358742356305
639	0.245287649333477
640	0.245829850435257
641	0.246365487575531
642	0.2468953132629395
643	0.2474166676402095
644	0.2479382753372195
645	0.248464398086071
646	0.2489985302090645
647	0.2495283633470535
648	0.2500458583235745
649	0.2505533024668695
650	0.251085922122002
651	0.2516188770532605
652	0.2521368116140365
653	0.2526566833257675
654	0.253144770860672
655	0.2536254078149795
656	0.2541731595993045
657	0.254683032631874
658	0.2551649212837215
659	0.255661606788635
660	0.2561895847320555
661	0.2567140460014345
662	0.2572145760059355
663	0.2577386647462845
664	0.258249491453171
665	0.258746415376663
666	0.2592698484659195
667	0.259786665439606
668	0.2602945417165755
669	0.2608046382665635
670	0.2613337635993955
671	0.2618652284145355
672	0.2623810321092605
673	0.2628661692142485
674	0.2633640319108965
675	0.2638890594244005
676	0.2644196897745135
677	0.264931544661522
678	0.2654524594545365
679	0.266022115945816
680	0.2665180265903475
681	0.2670107036828995
682	0.2675621807575225
683	0.268087923526764
684	0.2686150968074795
685	0.269150733947754
686	0.2696747034788135
687	0.270198419690132
688	0.270731985569
689	0.2712855488061905
690	0.2718221843242645
691	0.272360771894455
692	0.272920474410057
693	0.2734698504209515
694	0.2740019857883455
695	0.274522572755814
696	0.2750531136989595
697	0.275560066103935
698	0.276064306497574
699	0.2766096442937855
700	0.2771373391151425
701	0.2776547819375995
702	0.2781786918640135
703	0.2787135094404225
704	0.279237389564514
705	0.2797400355339055
706	0.280228406190872
707	0.2807504534721375
708	0.281289756298065
709	0.2817966043949125
710	0.2823206931352615
711	0.2828448414802555
712	0.283350929617882
713	0.2838720083236695
714	0.2843845784664155
715	0.284884735941887
716	0.2854072898626325
717	0.285919263958931
718	0.286416009068489
719	0.286905616521835
720	0.287401959300041
721	0.2879074960947035
722	0.2884172201156615
723	0.2889158725738525
724	0.2894267141819
725	0.2899502515792845
726	0.2904501855373385
727	0.2909543514251705
728	0.2914659678936005
729	0.2919802516698835
730	0.292486235499382
731	0.292989447712898
732	0.2934995889663695
733	0.2940143048763275
734	0.294520512223244
735	0.295019328594208
736	0.295529425144196
737	0.296030655503273
738	0.296526223421097
739	0.29702889919281
740	0.2975243479013445
741	0.298021048307419
742	0.298520714044571
743	0.298982933163643
744	0.2994718700647355
745	0.299994334578514
746	0.3004813492298125
747	0.300983965396881
748	0.301487296819687
749	0.301959678530693
750	0.3024596869945525
751	0.3029581904411315
752	0.303433179855347
753	0.3039159774780275
754	0.3044101744890215
755	0.3049075454473495
756	0.3053847551345825
757	0.305868178606033
758	0.3063559979200365
759	0.306835785508156
760	0.3072999119758605
761	0.307768940925598
762	0.3082533180713655
763	0.3087376356124875
764	0.3092137426137925
765	0.3096833527088165
766	0.3101581037044525
767	0.3106308728456501
768	0.311102017760277
769	0.311572179198265
770	0.3120259642601015
771	0.3124896436929701
772	0.312966972589493
773	0.313403278589249
774	0.3138427287340165
775	0.3142954856157305
776	0.314751088619232
777	0.315195024013519
778	0.3156353384256365
779	0.3160813748836515
780	0.3165368139743805
781	0.3169855177402495
782	0.3174218237400055
783	0.31786085665226
784	0.318314343690872
785	0.318764194846153
786	0.319183349609375
787	0.3196171820163725
788	0.3200418800115585
789	0.3204430192708965
790	0.3208677172660825
791	0.3212990164756775
792	0.321728482842445
793	0.322152093052864
794	0.3225716203451156
795	0.32298418879509
796	0.323385924100876
797	0.3237860947847365
798	0.3241823017597195
799	0.3245716094970705
800	0.324950963258743
801	0.3253431469202045
802	0.325743556022644
803	0.3261300325393675
804	0.3265173435211185
805	0.3269077241420745
806	0.327300652861595
807	0.3276936411857605
808	0.3280782997608185
809	0.3284543603658675
810	0.3288317024707795
811	0.3292054235935215
812	0.329574018716812
813	0.3299353569746015
814	0.3302900791168215
815	0.3306546360254285
816	0.3310311883687975
817	0.33137372136116
818	0.331727236509323
819	0.3320879936218265
820	0.332410246133804
821	0.332746610045433
822	0.333088964223862
823	0.3334183394908905
824	0.333738774061203
825	0.3340603709220885
826	0.33439002931118
827	0.3347282111644745
828	0.335049644112587
829	0.3353622257709505
830	0.335687234997749
831	0.33599479496479
832	0.3363085389137265
833	0.33663909137249
834	0.3369309455156325
835	0.337226673960686
836	0.3375356793403625
837	0.3378377854824065
838	0.338122084736824
839	0.33840948343277
840	0.338722497224808
841	0.339029312133789
842	0.339325428009033
843	0.339610904455185
844	0.339887946844101
845	0.340158000588417
846	0.3404326140880585
847	0.3407256603240965
848	0.341019943356514
849	0.341304421424866
850	0.341577485203743
851	0.341861814260483
852	0.3421541452407835
853	0.342446342110634
854	0.342725574970245
855	0.3430053740739825
856	0.3432816714048385
857	0.3435509502887725
858	0.343831419944763
859	0.34412182867527
860	0.344412550330162
861	0.3446786403656005
862	0.344948127865791
863	0.345213055610657
864	0.3454607725143435
865	0.345773845911026
866	0.3460911363363265
867	0.3463690876960755
868	0.3466342985630035
869	0.3468857407569885
870	0.347132742404938
871	0.3473926186561585
872	0.3476738631725315
873	0.347968578338623
874	0.3482643365859985
875	0.3485408574342725
876	0.3488207161426545
877	0.349101319909096
878	0.3493515849113465
879	0.3496251851320265
880	0.349914640188217
881	0.3501940667629245
882	0.3504489958286285
883	0.350727021694183
884	0.351032853126526
885	0.3512972295284275
886	0.3515769988298415
887	0.351868882775307
888	0.3521502614021305
889	0.352432355284691
890	0.3527156114578245
891	0.3530001640319825
892	0.353284955024719
893	0.353570505976677
894	0.3538575768470765
895	0.3541467040777205
896	0.3544423580169676
897	0.354730784893036
898	0.355005100369453
899	0.355295181274414
900	0.3555778414011005
901	0.355852574110031
902	0.356138199567795
903	0.356410667300224
904	0.3566987067461015
905	0.357024013996124
906	0.357325091958046
907	0.3576427251100545
908	0.357979029417038
909	0.358285754919052
910	0.3585647344589235
911	0.3588311374187469
912	0.3591054528951645
913	0.359401077032089
914	0.3597146272659305
915	0.3600275963544845
916	0.360298603773117
917	0.3606151789426805
918	0.360954985022545
919	0.361260414123535
920	0.361564099788666
921	0.361872762441635
922	0.362190216779709
923	0.3625219464302065
924	0.3628281503915785
925	0.3631175309419635
926	0.3634191155433655
927	0.3637272715568545
928	0.3640269488096235
929	0.364314556121826
930	0.364622160792351
931	0.364930883049965
932	0.365235224366188
933	0.3655419051647185
934	0.3659051805734635
935	0.366246700286865
936	0.36652210354805
937	0.3668359220027925
938	0.3671457320451735
939	0.3674643933773045
940	0.367834210395813
941	0.368172988295555
942	0.368478447198868
943	0.3687717020511631
944	0.3690984547138215
945	0.3694289326667785
946	0.369748830795288
947	0.370059594511986
948	0.370417907834053
949	0.370766758918762
950	0.371055334806442
951	0.3713320940732955
952	0.371653005480766
953	0.372009932994843
954	0.3723336756229405
955	0.372630923986435
956	0.372920289635658
957	0.3732176423072815
958	0.3735151886940005
959	0.373833402991295
960	0.3741646558046345
961	0.3744781464338305
962	0.3747722059488295
963	0.3750877380371095
964	0.375446617603302
965	0.375755161046982
966	0.376037433743477
967	0.3763222992420195
968	0.3766402900218965
969	0.377002403140068
970	0.3773461282253265
971	0.377626806497574
972	0.3779407292604445
973	0.3782640844583515
974	0.37858484685421
975	0.378904774785042
976	0.379250541329384
977	0.379569128155708
978	0.379826202988625
979	0.38011360168457
980	0.3804497867822645
981	0.380812183022499
982	0.381139203906059
983	0.381401479244232
984	0.3816631436347965
985	0.381978690624237
986	0.3822942823171614
987	0.382603108882904
988	0.3828954100608825
989	0.383167162537575
990	0.3835292905569075
991	0.383901938796043
992	0.384204015135765
993	0.3844704180955885
994	0.384718522429466
995	0.3849900513887405
996	0.3853294551372525
997	0.3855692595243455
998	0.3858041018247605
999	0.38610865175724
1000	0.386370912194252
1001	0.385163426399231
1002	0.385489523410797
1003	0.3858131766319275
1004	0.3862238973379135
1005	0.3864923864603045
1006	0.3866888880729675
1007	0.3869126439094545
1008	0.3870372027158735
1009	0.387260928750038
1010	0.387539029121399
1011	0.3878244161605835
1012	0.3881773352622985
1013	0.388484179973602
1014	0.3888119459152225
1015	0.389087423682213
1016	0.389348328113556
1017	0.389544427394867
1018	0.3898157328367235
1019	0.390135556459427
1020	0.3903722763061525
1021	0.3905981332063675
1022	0.390824273228645
1023	0.3909620344638824
1024	0.391167730093002
1025	0.3914304226636885
1026	0.3916821628808975
1027	0.391943991184235
1028	0.3921990990638735
1029	0.3924668729305265
1030	0.3927518129348755
1031	0.3930193930864335
1032	0.393295928835869
1033	0.3935388624668125
1034	0.393746629357338
1035	0.3939801156520845
1036	0.3942090719938275
1037	0.394441232085228
1038	0.3946935683488845
1039	0.3949370980262755
1040	0.39523047208786
1041	0.395388424396515
1042	0.3956304639577865
1043	0.395890697836876
1044	0.3961172252893445
1045	0.3963419646024705
1046	0.396573841571808
1047	0.3968210965394975
1048	0.3970072120428085
1049	0.3971083611249925
1050	0.3973189294338225
1051	0.3975500166416165
1052	0.3977808356285095
1053	0.398155376315117
1054	0.398407503962517
1055	0.3985505402088165
1056	0.398681953549385
1057	0.398880496621132
1058	0.399073675274849
1059	0.3992951661348345
1060	0.399591073393822
1061	0.399818316102028
1062	0.4000240862369535
1063	0.4002093225717545
1064	0.400326505303383
1065	0.4005301594734195
1066	0.400756403803825
1067	0.400976791977882
1068	0.4012343287467955
1069	0.40154242515564
1070	0.40175786614418
1071	0.4018853306770325
1072	0.4021094739437105
1073	0.402360737323761
1074	0.4025873243808745
1075	0.402846023440361
1076	0.403094083070755
1077	0.403317406773567
1078	0.403515726327896
1079	0.403705939650536
1080	0.4039271175861355
1081	0.4041195958852765
1082	0.404361739754677
1083	0.404600203037262
1084	0.4047957956790925
1085	0.4050112664699555
1086	0.405186370015144
1087	0.4054054766893385
1088	0.405693024396896
1089	0.405896469950676
1090	0.4060189425945285
1091	0.406231135129929
1092	0.4064856320619585
1093	0.406701698899269
1094	0.406938061118126
1095	0.4071765691041945
1096	0.40740467607975
1097	0.4075849503278735
1098	0.4077354818582535
1099	0.4080196171998975
1100	0.4082450717687605
1101	0.4084266275167465
1102	0.4086384624242785
1103	0.408893644809723
1104	0.4090958386659626
1105	0.4092645049095155
1106	0.4094627201557155
1107	0.4096556305885315
1108	0.409865066409111
1109	0.410122662782669
1110	0.410320520401001
1111	0.4105128049850465
1112	0.4106651842594145
1113	0.410765781998634
1114	0.410954013466835
1115	0.411165028810501
1116	0.411430463194847
1117	0.411644920706749
1118	0.411868244409561
1119	0.412083730101585
1120	0.412271112203598
1121	0.4124756753444675
1122	0.4127279072999955
1123	0.4129272997379305
1124	0.4130884259939195
1125	0.4132355749607085
1126	0.413407400250435
1127	0.4136399179697035
1128	0.4138207286596295
1129	0.413992166519165
1130	0.4142063558101655
1131	0.414416000247002
1132	0.4145810306072235
1133	0.4147935211658475
1134	0.41499100625515
1135	0.415067419409752
1136	0.415255904197693
1137	0.415603533387184
1138	0.415806457400322
1139	0.415908008813858
1140	0.416111499071121
1141	0.4163976013660435
1142	0.4165322333574295
1143	0.4167030453681945
1144	0.416968494653702
1145	0.417155832052231
1146	0.4172294437885285
1147	0.4173926711082455
1148	0.417613610625267
1149	0.417798101902008
1150	0.4179732948541645
1151	0.4181551784276965
1152	0.418354108929634
1153	0.4185106605291365
1154	0.4186339527368545
1155	0.418813481926918
1156	0.4190242439508435
1157	0.4192362278699875
1158	0.419498786330223
1159	0.4197455197572705
1160	0.4199357032775875
1161	0.4201466590166095
1162	0.4203328043222425
1163	0.4204792529344555
1164	0.420657470822334
1165	0.4208157658576965
1166	0.421026349067688
1167	0.421337813138962
1168	0.421560063958168
1169	0.4217696636915205
1170	0.421932592988014
1171	0.422097980976105
1172	0.422259613871574
1173	0.422441124916077
1174	0.422688201069832
1175	0.422957643866539
1176	0.423161417245865
1177	0.423378273844719
1178	0.4235971122980115
1179	0.423789948225021
1180	0.4239066243171695
1181	0.424112319946289
1182	0.424383744597435
1183	0.4245824664831165
1184	0.42476849257946
1185	0.424976795911789
1186	0.4251401275396345
1187	0.425322353839874
1188	0.4255551993846895
1189	0.4257423132658005
1190	0.425900712609291
1191	0.4260934591293335
1192	0.426345735788345
1193	0.426585614681244
1194	0.4267608523368835
1195	0.4268790036439895
1196	0.427077770233154
1197	0.427266985177994
1198	0.427452191710472
1199	0.427708327770233
1200	0.427907183766365
1201	0.428024485707283
1202	0.428206145763397
1203	0.4284378588199615
1204	0.4286591112613675
1205	0.428851455450058
1206	0.4290343821048735
1207	0.4292419850826265
1208	0.4294578433036805
1209	0.4297083616256715
1210	0.4299239367246625
1211	0.430052727460861
1212	0.430235370993614
1213	0.4304427653551105
1214	0.430699959397316
1215	0.430894821882248
1216	0.4310959875583645
1217	0.431259602308273
1218	0.4314209669828415
1219	0.4316434413194655
1220	0.431838512420654
1221	0.432019054889679
1222	0.432231605052948
1223	0.432408705353737
1224	0.432583808898926
1225	0.4328029304742815
1226	0.433022901415825
1227	0.4332094341516495
1228	0.4333901107311245
1229	0.433613583445549
1230	0.433816596865654
1231	0.433963656425476
1232	0.4341427981853485
1233	0.434343799948692
1234	0.434560164809227
1235	0.434748247265816
1236	0.4349696934223175
1237	0.4351949244737625
1238	0.4353921711444855
1239	0.43559068441391
1240	0.435766264796257
1241	0.435939759016037
1242	0.436150088906288
1243	0.436345234513283
1244	0.436522111296654
1245	0.4367592930793765
1246	0.437012657523155
1247	0.4372087866067885
1248	0.437401697039604
1249	0.4376015961170195
1250	0.437785252928734
1251	0.437926322221756
1252	0.4380820095539095
1253	0.438296437263489
1254	0.438545778393745
1255	0.438770666718483
1256	0.438992887735367
1257	0.4392077028751376
1258	0.4393656104803085
1259	0.439527586102486
1260	0.439715340733528
1261	0.4398897141218185
1262	0.440086424350739
1263	0.4403337985277175
1264	0.4405817389488225
1265	0.440766543149948
1266	0.4409786611795425
1267	0.441201969981194
1268	0.4413954615592955
1269	0.4415509849786755
1270	0.4417811632156375
1271	0.44203794002533
1272	0.442240312695503
1273	0.4424365907907485
1274	0.4426233768463135
1275	0.44279782474041
1276	0.4429767429828645
1277	0.4431652724742891
1278	0.4433689415454865
1279	0.443550631403923
1280	0.443700909614563
1281	0.443865031003952
1282	0.444088160991669
1283	0.44432370364666
1284	0.444496884942055
1285	0.44465571641922
1286	0.4448582679033275
1287	0.4450448602437975
1288	0.445243492722511
1289	0.445408686995506
1290	0.445551812648773
1291	0.445700898766518
1292	0.445902183651924
1293	0.446109563112259
1294	0.4462722539901735
1295	0.4464551359415055
1296	0.4465885311365125
1297	0.4466997683048245
1298	0.4469018280506135
1299	0.447130560874939
1300	0.4473288208246236
1301	0.447482764720917
1302	0.447643756866455
1303	0.447828233242035
1304	0.448002278804779
1305	0.44819250702858
1306	0.44837786257267
1307	0.448598474264145
1308	0.4487599432468415
1309	0.448887690901756
1310	0.4490667134523395
1311	0.449267238378525
1312	0.44945265352726
1313	0.44965586066246
1314	0.4498679488897325
1315	0.450064450502396
1316	0.450250133872032
1317	0.4504514187574385
1318	0.450638547539711
1319	0.4508016258478165
1320	0.45098777115345
1321	0.451191172003746
1322	0.451394468545914
1323	0.451590910553932
1324	0.4517538845539095
1325	0.4519301503896715
1326	0.452109560370445
1327	0.452269494533539
1328	0.452447175979614
1329	0.4526605904102325
1330	0.452829927206039
1331	0.4529924243688584
1332	0.4531714022159575
1333	0.453328862786293
1334	0.453492492437363
1335	0.4536878168582915
1336	0.453906059265137
1337	0.4540956914424895
1338	0.454279452562332
1339	0.454483613371849
1340	0.4546639323234555
1341	0.454843282699585
1342	0.4550267159938815
1343	0.4551488906145095
1344	0.455246910452843
1345	0.4553998112678525
1346	0.4555899798870085
1347	0.4557646363973615
1348	0.4559137970209125
1349	0.456067860126495
1350	0.4562144577503205
1351	0.45633964240551
1352	0.456472873687744
1353	0.4566509425640105
1354	0.4568317234516145
1355	0.456984356045723
1356	0.4571243673563005
1357	0.457286313176155
1358	0.457412391901016
1359	0.4575112164020535
1360	0.4576619267463685
1361	0.457772731781006
1362	0.4578507244586945
1363	0.4579832404851915
1364	0.45811727643013
1365	0.4582470655441285
1366	0.4583543688058855
1367	0.4584385454654695
1368	0.4585444927215575
1369	0.458615630865097
1370	0.4586656093597415
1371	0.4587223529815675
1372	0.4587610512971875
1373	0.4587724059820175
1374	0.4587629288434985
1375	0.458745777606964
1376	0.4587032943964005
1377	0.4586571156978605
1378	0.458601325750351
1379	0.4585420936346055
1380	0.4584546834230425
1381	0.4583589136600495
1382	0.4582363814115525
1383	0.4580734223127365
1384	0.457967594265938
1385	0.4578610062599185
1386	0.4576852023601535
1387	0.457524657249451
1388	0.457380637526512
1389	0.4572144746780395
1390	0.457016959786415
1391	0.456773191690445
1392	0.456543862819672
1393	0.456313207745552
1394	0.4560248851776125
1395	0.4557560086250305
1396	0.455537438392639
1397	0.455254539847374
1398	0.454926297068596
1399	0.454610884189606
1400	0.454292461276054
1401	0.453934356570244
1402	0.4535750299692155
1403	0.453231856226921
1404	0.452884063124657
1405	0.452496260404587
1406	0.45209826529026
1407	0.4517383724451065
1408	0.451419025659561
1409	0.451122850179672
1410	0.4508703351020815
1411	0.4506461173295975
1412	0.4505279511213305
1413	0.4505269527435305
1414	0.4506558030843735
1415	0.4510072618722915
1416	0.451435372233391
1417	0.4519237279891965
1418	0.4524855762720105
1419	0.453078955411911
1420	0.453685238957405
1421	0.454210236668587
1422	0.454755589365959
1423	0.455326825380325
1424	0.4558457285165785
1425	0.456321969628334
1426	0.456821069121361
1427	0.4573282897472385
1428	0.4577682316303255
1429	0.4582195430994035
1430	0.458687722682953
1431	0.459106206893921
1432	0.459513559937477
1433	0.459941387176514
1434	0.4603490233421325
1435	0.460732221603394
1436	0.4611121714115139
1437	0.461461290717125
1438	0.4618068039417265
1439	0.462198570370674
1440	0.4625708311796185
1441	0.4628871381282805
1442	0.4631979167461395
1443	0.4635168612003325
1444	0.4638303369283675
1445	0.4641492664813995
1446	0.464467093348503
1447	0.4647603631019595
1448	0.465041220188141
1449	0.465310677886009
1450	0.4655583798885345
1451	0.4658051580190655
1452	0.4660507142543791
1453	0.466288164258003
1454	0.466502964496613
1455	0.466727375984192
1456	0.4669732451438905
1457	0.46717768907547
1458	0.4673510640859605
1459	0.467546194791794
1460	0.4677622467279435
1461	0.467944636940956
1462	0.4681040793657305
1463	0.468310981988907
1464	0.468514442443848
1465	0.468682423233986
1466	0.4689029902219775
1467	0.469139710068703
1468	0.469327390193939
1469	0.4695511609315876
1470	0.469812497496605
1471	0.47006331384182
1472	0.470326229929924
1473	0.470578208565712
1474	0.4708113968372345
1475	0.4710472971200945
1476	0.471301466226578
1477	0.471558079123497
1478	0.471794545650482
1479	0.472020268440247
1480	0.4722240120172505
1481	0.4724285155534745
1482	0.4726486206054685
1483	0.4728864133358005
1484	0.4731057584285735
1485	0.473328247666359
1486	0.4735469073057175
1487	0.4737608730793
1488	0.4739649444818495
1489	0.474175274372101
1490	0.4743626564741135
1491	0.4744951277971265
1492	0.474683627486229
1493	0.474899545311928
1494	0.475103810429573
1495	0.4753036350011825
1496	0.4755257219076155
1497	0.4757240116596225
1498	0.475907936692238
1499	0.4760968536138535
1500	0.4762866497039795
1501	0.4764525443315505
1502	0.476629614830017
1503	0.4768732041120525
1504	0.477084040641785
1505	0.477272197604179
1506	0.477506011724472
1507	0.4776824861764905
1508	0.4778301268815995
1509	0.4780312031507495
1510	0.4782281517982485
1511	0.4784338027238845
1512	0.478649005293846
1513	0.478834480047226
1514	0.479012727737427
1515	0.4791543930768965
1516	0.479321330785751
1517	0.479538396000862
1518	0.479683592915535
1519	0.4798142313957215
1520	0.4799840748310085
1521	0.4801533818244935
1522	0.48032434284687
1523	0.480489924550056
1524	0.480660006403923
1525	0.4808351546525955
1526	0.481019049882889
1527	0.4811782985925675
1528	0.4813178181648256
1529	0.481475457549095
1530	0.481618881225586
1531	0.4817816764116285
1532	0.481985807418823
1533	0.482175216078758
1534	0.4823735654354095
1535	0.4825186282396315
1536	0.482652232050896
1537	0.4827948659658435
1538	0.4829353988170625
1539	0.483099475502968
1540	0.4832789450883865
1541	0.4834216982126235
1542	0.4835498332977295
1543	0.48369063436985
1544	0.4838267117738725
1545	0.4840076714754105
1546	0.484203711152077
1547	0.484317824244499
1548	0.484448194503784
1549	0.4846207052469255
1550	0.484761133790016
1551	0.484937518835068
1552	0.485120192170143
1553	0.485257640480995
1554	0.4854047894477845
1555	0.4855291843414305
1556	0.485646367073059
1557	0.485813170671463
1558	0.4859741628170015
1559	0.4861188083887105
1560	0.4862421005964275
1561	0.4863482266664505
1562	0.4864867180585865
1563	0.4866192638874055
1564	0.4867430180311205
1565	0.486872598528862
1566	0.486984610557556
1567	0.4871329814195635
1568	0.4873497635126115
1569	0.4875639081001285
1570	0.4877027720212935
1571	0.4878138452768325
1572	0.4879531413316725
1573	0.488072112202644
1574	0.4882006496191025
1575	0.488370954990387
1576	0.488526701927185
1577	0.488633170723915
1578	0.4887899458408355
1579	0.4890149384737015
1580	0.489175796508789
1581	0.489298313856125
1582	0.489439085125923
1583	0.4895648658275605
1584	0.489720970392227
1585	0.489900916814804
1586	0.4900651574134825
1587	0.4902479201555255
1588	0.4903884679079055
1589	0.490492880344391
1590	0.490633353590965
1591	0.4907714575529095
1592	0.4909018725156785
1593	0.4910291135311125
1594	0.4911951869726185
1595	0.491342008113861
1596	0.4914398342370985
1597	0.4915474206209185
1598	0.491676613688469
1599	0.4918032437562945
1600	0.491913005709648
1601	0.492034062743187
1602	0.492195397615433
1603	0.49235337972641
1604	0.4924854636192325
1605	0.4926132410764695
1606	0.492736965417862
1607	0.4928711503744125
1608	0.493015050888062
1609	0.493147552013397
1610	0.493253171443939
1611	0.493339493870735
1612	0.493451029062271
1613	0.493602439761162
1614	0.493765950202942
1615	0.493866801261902
1616	0.4939540028572085
1617	0.4941178262233735
1618	0.494265735149384
1619	0.494386613368988
1620	0.494536519050598
1621	0.4946707487106325
1622	0.494774714112282
1623	0.4948931336402895
1624	0.495042458176613
1625	0.495187982916832
1626	0.495318681001663
1627	0.4954556375741955
1628	0.4956026524305345
1629	0.4957316964864735
1630	0.4958667904138565
1631	0.496017664670944
1632	0.496170446276665
1633	0.496351033449173
1634	0.49648779630661
1635	0.4965961277484895
1636	0.4967010468244555
1637	0.496764898300171
1638	0.4968620091676715
1639	0.496981143951416
1640	0.497113913297653
1641	0.4972471445798875
1642	0.4973548501729965
1643	0.4974939972162245
1644	0.497640982270241
1645	0.4977770149707795
1646	0.497925505042076
1647	0.498065620660782
1648	0.4982030242681504
1649	0.4983496963977815
1650	0.4984330683946611
1651	0.4984929263591765
1652	0.4986307919025425
1653	0.498767152428627
1654	0.4988781660795215
1655	0.499041691422462
1656	0.499194085597992
1657	0.4992685616016385
1658	0.4993709474802019
1659	0.499511167407036
1660	0.499595135450363
1661	0.499663606286049
1662	0.4997793287038805
1663	0.499924689531326
1664	0.500036641955376
1665	0.5000961422920225
1666	0.5001729279756545
1667	0.5003130584955215
1668	0.5004306733608245
1669	0.500532850623131
1670	0.500712379813194
1671	0.5008351653814315
1672	0.5008824318647385
1673	0.5010494142770769
1674	0.5012290477752686
1675	0.5012660175561905
1676	0.5013418793678285
1677	0.501465156674385
1678	0.501507952809334
1679	0.5015939027071
1680	0.501722514629364
1681	0.5018008798360825
1682	0.501881808042526
1683	0.501980543136597
1684	0.5020962655544285
1685	0.5021877139806745
1686	0.5022353678941724
1687	0.502349302172661
1688	0.5024755150079729
1689	0.5025521367788315
1690	0.5026694387197495
1691	0.5027881562709811
1692	0.5028705894947055
1693	0.5029676258563995
1694	0.503071501851082
1695	0.5031421184539795
1696	0.503208607435226
1697	0.5033191442489625
1698	0.5033968836069105
1699	0.5034421086311345
1700	0.5035667419433595
1701	0.503672748804092
1702	0.503708615899086
1703	0.503815859556198
1704	0.5039544701576235
1705	0.5040432661771775
1706	0.5041944682598115
1707	0.5044233351945879
1708	0.504574418067932
1709	0.5046357959508895
1710	0.5047401934862135
1711	0.50487020611763
1712	0.504939302802086
1713	0.505013272166252
1714	0.5051324367523196
1715	0.5051924288272855
1716	0.5051888972520825
1717	0.505244717001915
1718	0.505313366651535
1719	0.5053465068340299
1720	0.505412384867668
1721	0.505488693714142
1722	0.505571037530899
1723	0.5056852102279665
1724	0.505787044763565
1725	0.505836561322212
1726	0.5058461576700215
1727	0.5058465301990505
1728	0.5058830976486205
1729	0.5059808790683745
1730	0.506062433123589
1731	0.5061092078685759
1732	0.5062015652656555
1733	0.5062781870365141
1734	0.50632905960083
1735	0.5064190030097965
1736	0.506487563252449
1737	0.506534859538078
1738	0.506606087088585
1739	0.506712004542351
1740	0.5067922323942186
1741	0.5068426579236984
1742	0.5069566369056699
1743	0.507063299417496
1744	0.5071349292993546
1745	0.5072322934865949
1746	0.507310196757317
1747	0.507344335317612
1748	0.5073649138212205
1749	0.5074097663164135
1750	0.5074746161699295
1751	0.507526695728302
1752	0.5075842440128325
1753	0.50763738155365
1754	0.5076771974563595
1755	0.507735699415207
1756	0.5078373551368716
1757	0.507902055978775
1758	0.5079008638858795
1759	0.507976770401001
1760	0.5081156492233274
1761	0.5081887841224675
1762	0.50825434923172
1763	0.508352905511856
1764	0.5084280073642731
1765	0.50849848985672
1766	0.5086252391338345
1767	0.5087025463581085
1768	0.508738726377487
1769	0.5087977945804595
1770	0.5088346898555756
1771	0.508892387151718
1772	0.509018182754517
1773	0.5091561675071721
1774	0.5092225670814514
1775	0.509301096200943
1776	0.5094086825847626
1777	0.509491503238678
1778	0.5096244215965275
1779	0.509716421365738
1780	0.5097166299819945
1781	0.509784519672394
1782	0.5098977386951444
1783	0.5100042521953585
1784	0.510151594877243
1785	0.510209411382675
1786	0.510239452123642
1787	0.5103488862514495
1788	0.510410845279694
1789	0.5104515254497526
1790	0.5104676783084869
1791	0.5104920566082005
1792	0.510604023933411
1793	0.5107345581054685
1794	0.510865390300751
1795	0.510969638824463
1796	0.511000722646713
1797	0.511078983545303
1798	0.5112513303756715
1799	0.5113364458084105
1800	0.5114017128944399
1801	0.5108719766139984
1802	0.5110238492488861
1803	0.5112282037734985
1804	0.5114238262176509
1805	0.511521399021149
1806	0.5117544531822205
1807	0.5118941366672516
1808	0.5119935274124146
1809	0.5121917724609375
1810	0.5123105049133305
1811	0.5123960971832275
1812	0.5125568211078646
1813	0.5127314627170565
1814	0.5128575563430785
1815	0.513057470321655
1816	0.513197124004364
1817	0.5132043957710265
1818	0.5132966935634611
1819	0.5133903622627256
1820	0.513464778661728
1821	0.5135814547538755
1822	0.513778626918793
1823	0.5138658285140996
1824	0.514014005661011
1825	0.5142910778522496
1826	0.5144273042678835
1827	0.5145621597766875
1828	0.5146955251693724
1829	0.514696568250656
1830	0.514799177646637
1831	0.5150197446346285
1832	0.5151263773441315
1833	0.5152519047260284
1834	0.5155161917209625
1835	0.515636622905731
1836	0.515696823596954
1837	0.5157997012138364
1838	0.5158492624759674
1839	0.5159285664558411
1840	0.516059160232544
1841	0.5161378681659695
1842	0.516245096921921
1843	0.5163555443286896
1844	0.5163885056972499
1845	0.51654115319252
1846	0.516725391149521
1847	0.5170115232467649
1848	0.5171367228031155
1849	0.5172205567359925
1850	0.517350792884827
1851	0.5174019932746885
1852	0.5173580944538115
1853	0.5173916816711426
1854	0.5174663364887235
1855	0.5174838304519656
1856	0.517421215772629
1857	0.5174408853054046
1858	0.517503350973129
1859	0.5175312161445615
1860	0.5174810290336604
1861	0.5174444019794464
1862	0.5175006985664365
1863	0.5174479484558105
1864	0.5172815024852755
1865	0.517136961221695
1866	0.5170442759990695
1867	0.516865760087967
1868	0.5167810916900635
1869	0.516676485538483
1870	0.5164602398872375
1871	0.5162442326545715
1872	0.5159982442855835
1873	0.515671283006668
1874	0.515266567468643
1875	0.514909356832504
1876	0.514505922794342
1877	0.514004737138748
1878	0.5134279429912569
1879	0.5128664374351499
1880	0.5121788680553435
1881	0.511433869600296
1882	0.5107815563678739
1883	0.510068416595459
1884	0.509175568819046
1885	0.508211612701416
1886	0.5069850087165835
1887	0.505589082837105
1888	0.5041072964668275
1889	0.502678647637367
1890	0.501078262925148
1891	0.4991393387317655
1892	0.497277528047562
1893	0.4952140301465985
1894	0.492794677615166
1895	0.4904574155807495
1896	0.4881037771701815
1897	0.485682040452957
1898	0.4831710159778595
1899	0.4807964712381365
1900	0.4785629510879515
1901	0.476666361093521
1902	0.4749454110860825
1903	0.473222017288208
1904	0.47183096408844
1905	0.470708057284355
1906	0.4697031378746035
1907	0.468751400709152
1908	0.4681242406368255
1909	0.467750892043114
1910	0.467467680573463
1911	0.467333644628525
1912	0.4674084931612015
1913	0.467558413743973
1914	0.4677774608135225
1915	0.4681207835674285
1916	0.4686030447483065
1917	0.4692827612161635
1918	0.470010966062546
1919	0.470683619379997
1920	0.471431389451027
1921	0.4722840785980225
1922	0.473035126924515
1923	0.4736973196268085
1924	0.474396839737892
1925	0.4751553386449815
1926	0.4759290516376495
1927	0.4767031222581865
1928	0.47745381295681
1929	0.4782970249652865
1930	0.479053720831871
1931	0.479759767651558
1932	0.480605274438858
1933	0.481321707367897
1934	0.481940612196922
1935	0.482618987560272
1936	0.48325277864933
1937	0.483862221240997
1938	0.484428271651268
1939	0.485007286071777
1940	0.485713064670563
1941	0.4864386022090915
1942	0.487042412161827
1943	0.487574815750122
1944	0.488105461001396
1945	0.488677605986595
1946	0.489217460155487
1947	0.489720031619072
1948	0.4902496486902235
1949	0.4907139986753465
1950	0.4911776036024095
1951	0.4917326867580415
1952	0.492229372262955
1953	0.492661118507385
1954	0.493053779006004
1955	0.493413522839546
1956	0.4938470721244815
1957	0.494467094540596
1958	0.494939744472504
1959	0.495320051908493
1960	0.495717331767082
1961	0.496288552880287
1962	0.496857851743698
1963	0.497411474585533
1964	0.4979465454816815
1965	0.4983427822589875
1966	0.4987232387065885
1967	0.4991207122802735
1968	0.4995099902153015
1969	0.499946266412735
1970	0.5004018545150755
1971	0.500853583216667
1972	0.5013124346733094
1973	0.5017718374729155
1974	0.5023301094770429
1975	0.5029855221509935
1976	0.503455728292465
1977	0.5038480609655385
1978	0.50431227684021
1979	0.504668325185776
1980	0.5050501078367235
1981	0.5054595917463305
1982	0.5060039162635805
1983	0.50650842487812
1984	0.5068870037794115
1985	0.5072628110647199
1986	0.5078470259904859
1987	0.508459746837616
1988	0.508902817964554
1989	0.509415119886398
1990	0.5100545585155485
1991	0.510559141635895
1992	0.5108886361122129
1993	0.5113480091094971
1994	0.511872112751007
1995	0.5123120844364165
1996	0.5127231776714325
1997	0.5132098495960236
1998	0.5137114226818085
1999	0.5140681862831116
2000	0.5144377052783965
2001	0.5150073766708375
2002	0.5154979526996615
2003	0.515932500362396
2004	0.51644042134285
2005	0.5170914232730865
2006	0.5175150036811831
2007	0.5177201330661775
2008	0.5181108713150024
2009	0.5185209810733795
2010	0.5189237892627715
2011	0.51941391825676
2012	0.519921898841858
2013	0.5203863084316255
2014	0.5206513702869415
2015	0.5210815668106075
2016	0.521711766719818
2017	0.5221698880195615
2018	0.5225498080253606
2019	0.5229635536670685
2020	0.5233777761459351
2021	0.5237429141998295
2022	0.5240349769592285
2023	0.5244112014770506
2024	0.524803310632706
2025	0.525031328201294
2026	0.5253628492355344
2027	0.525864452123642
2028	0.5262127220630645
2029	0.526372194290161
2030	0.526729315519333
2031	0.5272127389907839
2032	0.5275697708129881
2033	0.527840137481689
2034	0.528173953294754
2035	0.528456509113312
2036	0.5286946594715115
2037	0.5290563106536865
2038	0.5294683873653415
2039	0.5297491252422335
2040	0.5298742949962615
2041	0.5300762355327604
2042	0.5302158892154695
2043	0.530455052852631
2044	0.53080216050148
2045	0.5310969948768616
2046	0.531323343515396
2047	0.5316042602062225
2048	0.5317766070365905
2049	0.5318638384342195
2050	0.5321246683597565
2051	0.5325063169002531
2052	0.532797783613205
2053	0.533149361610413
2054	0.5334427058696745
2055	0.533696085214615
2056	0.533892512321472
2057	0.5339801013469695
2058	0.5342624187469485
2059	0.5344356298446655
2060	0.5344836711883545
2061	0.5348709225654604
2062	0.5352393984794614
2063	0.5354349017143245
2064	0.535634309053421
2065	0.5358379483222959
2066	0.535900771617889
2067	0.5360464155673981
2068	0.536214381456375
2069	0.5364558696746825
2070	0.536729395389557
2071	0.536993592977524
2072	0.5372220575809475
2073	0.5375663638114925
2074	0.537859708070755
2075	0.5379391312599184
2076	0.538080304861069
2077	0.538510799407959
2078	0.538802444934845
2079	0.5391130149364476
2080	0.539266109466553
2081	0.539269208908081
2082	0.5394391119480135
2083	0.5395840108394621
2084	0.5397285223007204
2085	0.5400065779685975
2086	0.5402392446994785
2087	0.5402929782867435
2088	0.5404933393001554
2089	0.540753930807114
2090	0.5408630073070531
2091	0.5410312712192535
2092	0.5411593914031985
2093	0.5413702130317685
2094	0.541718453168869
2095	0.5418598055839535
2096	0.5418263673782351
2097	0.5420036911964415
2098	0.542254835367203
2099	0.5423795282840724
2100	0.5425542891025545
2101	0.5427303910255435
2102	0.5428807735443115
2103	0.5429700911045074
2104	0.5432708859443665
2105	0.5436840057373045
2106	0.5438857972621916
2107	0.5438350141048435
2108	0.5440984666347505
2109	0.5445027053356171
2110	0.5447179675102235
2111	0.5449478328227995
2112	0.54524302482605
2113	0.5454503297805785
2114	0.545683801174164
2115	0.5460322201251985
2116	0.546372473239899
2117	0.5465612411499026
2118	0.5468686223030095
2119	0.547482490539551
2120	0.547931224107742
2121	0.5481811463832855
2122	0.5482868254184725
2123	0.548537403345108
2124	0.5486576557159425
2125	0.548803806304932
2126	0.549077808856964
2127	0.549304187297821
2128	0.5494171679019925
2129	0.5495373606681819
2130	0.5498009920120239
2131	0.5499143600463869
2132	0.549799352884293
2133	0.5498254597187044
2134	0.5499157011508945
2135	0.549854964017868
2136	0.5499111711978915
2137	0.5499299466609955
2138	0.5497578680515289
2139	0.5493695437908175
2140	0.5492371320724485
2141	0.549081265926361
2142	0.5489173233509065
2143	0.549065202474594
2144	0.548838347196579
2145	0.548196703195572
2146	0.5478512942790985
2147	0.5475396811962125
2148	0.5471560955047605
2149	0.546800047159195
2150	0.5466126799583435
2151	0.5462342202663425
2152	0.5458725094795229
2153	0.5454663038253784
2154	0.5448602139949801
2155	0.5442683696746825
2156	0.5434725284576415
2157	0.5428068041801455
2158	0.5421432256698605
2159	0.5415844619274139
2160	0.5411243140697479
2161	0.5405468344688416
2162	0.540061414241791
2163	0.539507746696472
2164	0.5388157963752744
2165	0.5380907952785495
2166	0.5373427271842954
2167	0.5366033911705019
2168	0.535744190216064
2169	0.535065293312073
2170	0.5344958007335661
2171	0.533811241388321
2172	0.533178120851517
2173	0.5324868559837339
2174	0.5319550037384035
2175	0.531673401594162
2176	0.531013071537018
2177	0.5301920175552366
2178	0.5295091271400455
2179	0.5286503434181216
2180	0.5278618335723875
2181	0.5273307859897616
2182	0.5265879333019254
2183	0.525510549545288
2184	0.5246592462062836
2185	0.5238303244113924
2186	0.5232337117195129
2187	0.5223936438560486
2188	0.5215901136398315
2189	0.520755618810654
2190	0.5196795761585236
2191	0.5187253952026365
2192	0.517825782299042
2193	0.516932517290115
2194	0.515978842973709
2195	0.5151288509368894
2196	0.514370948076248
2197	0.5136055052280425
2198	0.5129391849040985
2199	0.5121457278728485
2200	0.511125564575195
2201	0.510470449924469
2202	0.510111004114151
2203	0.509463608264923
2204	0.5087705850601195
2205	0.508286207914352
2206	0.5076413303613665
2207	0.507005363702774
2208	0.5069070756435394
2209	0.5069954246282575
2210	0.5070749223232269
2211	0.5071810483932495
2212	0.50753054022789
2213	0.508202761411667
2214	0.5085742473602295
2215	0.508881598711014
2216	0.5093641579151155
2217	0.5098507702350615
2218	0.5102095305919645
2219	0.5107763707637789
2220	0.5111973881721494
2221	0.5111851692199705
2222	0.5114818215370176
2223	0.5121136009693146
2224	0.5124728381633761
2225	0.512605756521225
2226	0.5130934715270996
2227	0.5136031210422516
2228	0.5137020349502565
2229	0.5138014853000641
2230	0.5141245722770695
2231	0.514312207698822
2232	0.5143746435642245
2233	0.5145313441753385
2234	0.514871299266815
2235	0.5149938464164735
2236	0.5149689316749575
2237	0.515031099319458
2238	0.515114188194275
2239	0.515094399452209
2240	0.514988452196121
2241	0.514961391687393
2242	0.5148493051528931
2243	0.5148531794548035
2244	0.5150352120399475
2245	0.5150891840457921
2246	0.5151349306106565
2247	0.5151638686656955
2248	0.5151450932025909
2249	0.5150618851184845
2250	0.5150705873966219
2251	0.5151765048503875
2252	0.515277683734894
2253	0.515260845422745
2254	0.515242725610733
2255	0.5152122378349305
2256	0.515264928340912
2257	0.5153757631778719
2258	0.5154975056648254
2259	0.5156616866588595
2260	0.5157591700553895
2261	0.5158199369907375
2262	0.515983402729034
2263	0.516138643026352
2264	0.5164169371128084
2265	0.5169456303119659
2266	0.5171296298503875
2267	0.5172082781791689
2268	0.517325818538666
2269	0.5170702636241915
2270	0.5171868205070496
2271	0.5177828967571261
2272	0.5179954171180725
2273	0.51820495724678
2274	0.5182378590106965
2275	0.5181432366371155
2276	0.518042892217636
2277	0.5180965065956116
2278	0.5184321999549866
2279	0.5185115337371831
2280	0.518145203590393
2281	0.5178965628147125
2282	0.5178092420101166
2283	0.5176862478256226
2284	0.517728328704834
2285	0.517705649137497
2286	0.5175747871398926
2287	0.517450243234634
2288	0.5173958539962771
2289	0.5173105895519255
2290	0.5171822905540465
2291	0.517064779996872
2292	0.516997069120407
2293	0.5168506801128385
2294	0.516590774059296
2295	0.5164036154747009
2296	0.5161877870559695
2297	0.516079515218735
2298	0.516033411026001
2299	0.5159879326820369
2300	0.516083151102066
2301	0.5160828828811646
2302	0.5160369575023656
2303	0.5159814059734344
2304	0.5158600509166715
2305	0.5157795846462245
2306	0.5158889591693875
2307	0.516022950410843
2308	0.5162689983844755
2309	0.5165221989154815
2310	0.5162946581840515
2311	0.5162425637245175
2312	0.516453474760056
2313	0.5162182152271275
2314	0.5162428319454195
2315	0.5165273547172545
2316	0.5165529549121854
2317	0.5163565278053286
2318	0.5163672268390656
2319	0.5163294076919555
2320	0.516489118337631
2321	0.516968309879303
2322	0.51702156662941
2323	0.516882449388504
2324	0.5170420408248906
2325	0.5172244310379025
2326	0.5172181725502015
2327	0.5172999799251561
2328	0.517293393611908
2329	0.51687616109848
2330	0.516761213541031
2331	0.5171293616294861
2332	0.5172438025474551
2333	0.517058730125427
2334	0.5170061886310575
2335	0.5170263946056366
2336	0.517047047615051
2337	0.5166640281677245
2338	0.516358584165573
2339	0.516401529312134
2340	0.5165230631828306
2341	0.5164996683597565
2342	0.5166099369525909
2343	0.5166572332382204
2344	0.5160090327262881
2345	0.515532046556473
2346	0.5160693228244779
2347	0.5162831246852875
2348	0.5161156356334684
2349	0.5165979266166689
2350	0.5169749557971954
2351	0.516633987426758
2352	0.5161669552326205
2353	0.516199290752411
2354	0.5162793099880221
2355	0.5162691473960881
2356	0.5167666077613831
2357	0.516913741827011
2358	0.5161150991916654
2359	0.5161442160606385
2360	0.5170898139476775
2361	0.5172558724880221
2362	0.5171211361885071
2363	0.51728492975235
2364	0.5173424184322359
2365	0.517278611660004
2366	0.5173909962177274
2367	0.517468243837357
2368	0.5172116458415985
2369	0.516872197389603
2370	0.5166528224945071
2371	0.5167205631732941
2372	0.5167669057846069
2373	0.5166117548942565
2374	0.516427278518677
2375	0.5167542994022369
2376	0.5167075991630555
2377	0.5161451995372774
2378	0.5161409378051756
2379	0.5160673558712006
2380	0.515438288450241
2381	0.515311598777771
2382	0.5157231390476225
2383	0.5154112875461581
2384	0.5147588849067686
2385	0.5150227248668675
2386	0.5150484144687655
2387	0.514223664999008
2388	0.5141074955463409
2389	0.5141601264476775
2390	0.513658910989761
2391	0.513657957315445
2392	0.5138040482997894
2393	0.5137919783592224
2394	0.5141122043132784
2395	0.514398396015167
2396	0.5144012272357941
2397	0.5141474902629855
2398	0.5134947597980499
2399	0.5130027532577515
2400	0.5127292573451996
2401	0.51216059923172
2402	0.5117200613021851
2403	0.5114937722682951
2404	0.5114436447620394
2405	0.5115427672863004
2406	0.51140558719635
2407	0.511447072029114
2408	0.5112809240818026
2409	0.5108708739280701
2410	0.5109356641769409
2411	0.5107953250408175
2412	0.5106076002120975
2413	0.510200709104538
2414	0.509333372116089
2415	0.5093169212341304
2416	0.5095885694026949
2417	0.5089799463748934
2418	0.5082313418388364
2419	0.507412850856781
2420	0.506579518318176
2421	0.5064900219440465
2422	0.5069213360548019
2423	0.5072805285453795
2424	0.5064477473497391
2425	0.5050449967384341
2426	0.504270181059837
2427	0.5029733926057816
2428	0.5022950619459154
2429	0.5029758363962176
2430	0.5026549994945525
2431	0.502564325928688
2432	0.5026608109474185
2433	0.5019658207893375
2434	0.500416278839111
2435	0.499920904636383
2436	0.4993224292993545
2437	0.4984989911317825
2438	0.4978068619966505
2439	0.4976742565631865
2440	0.498136341571808
2441	0.497646704316139
2442	0.497001737356186
2443	0.496322929859161
2444	0.4947544783353804
2445	0.4937704503536225
2446	0.493494734168053
2447	0.4928811937570575
2448	0.4918422549962995
2449	0.49111433327198
2450	0.4905970841646195
2451	0.4906425327062605
2452	0.491393208503723
2453	0.4908599108457565
2454	0.489537224173546
2455	0.489316537976265
2456	0.489061206579208
2457	0.488991230726242
2458	0.4904750138521195
2459	0.4904135763645175
2460	0.488718017935753
2461	0.487988382577896
2462	0.487143501639366
2463	0.486716762185097
2464	0.487400874495506
2465	0.486845254898071
2466	0.4852333664894105
2467	0.4850516468286515
2468	0.4856062680482865
2469	0.4847730845212935
2470	0.4834398329257965
2471	0.482927784323692
2472	0.4817964881658555
2473	0.48120541870594
2474	0.4823754131793975
2475	0.4827073961496355
2476	0.4820428788661955
2477	0.481445834040642
2478	0.481479674577713
2479	0.480829805135727
2480	0.478247195482254
2481	0.477949529886246
2482	0.4801690727472305
2483	0.479476496577263
2484	0.477025419473648
2485	0.477417290210724
2486	0.478453785181046
2487	0.4774741530418395
2488	0.477310732007027
2489	0.4786503314971925
2490	0.479112237691879
2491	0.4774116575717925
2492	0.476808577775955
2493	0.4775450974702835
2494	0.474281042814255
2495	0.4734210222959515
2496	0.479262113571167
2497	0.480759933590889
2498	0.477835521101952
2499	0.4766131490468975
2500	0.475157514214516
