350	0.084418647
351	0.075992405
352	0.07766763900000001
353	0.078856692
354	0.07846728
355	0.079247907
356	0.079649299
357	0.078621268
358	0.075895064
359	0.075836681
360	0.076739527
361	0.076702781
362	0.07468579
363	0.074238293
364	0.07572253
365	0.074805155
366	0.074391551
367	0.075077415
368	0.076366469
369	0.075874396
370	0.07555664299999999
371	0.077885211
372	0.079842784
373	0.079974264
374	0.078270137
375	0.078160323
376	0.078854568
377	0.079476327
378	0.07883627
379	0.078649677
380	0.078597702
381	0.07727540299999999
382	0.07800941900000001
383	0.079916321
384	0.08103767
385	0.08010371
386	0.079705738
387	0.081182398
388	0.081190802
389	0.081677131
390	0.082786679
391	0.081918009
392	0.082033843
393	0.082860768
394	0.082518063
395	0.083151698
396	0.084110275
397	0.08429914
398	0.084334575
399	0.08464346800000001
400	0.08530472199999999
401	0.085622802
402	0.085459873
403	0.08513698
404	0.085676596
405	0.086271413
406	0.086768784
407	0.08729357300000001
408	0.087877519
409	0.08850005300000001
410	0.089096621
411	0.08942700199999999
412	0.089532375
413	0.08956255
414	0.089796431
415	0.09069079199999999
416	0.091866188
417	0.09162282199999999
418	0.091979973
419	0.092987649
420	0.093775027
421	0.094363481
422	0.094828255
423	0.095302895
424	0.096028611
425	0.096776821
426	0.09737451400000001
427	0.097868145
428	0.09854760800000001
429	0.099433616
430	0.100181326
431	0.10106848199999999
432	0.102034993
433	0.10286195599999999
434	0.10363993
435	0.10428050900000001
436	0.104759008
437	0.10566856699999999
438	0.106754042
439	0.107754901
440	0.108582556
441	0.109438494
442	0.110386074
443	0.11133032300000001
444	0.112158865
445	0.112956956
446	0.11390890199999999
447	0.114747636
448	0.11546347300000001
449	0.116116576
450	0.116787501
451	0.11749066400000001
452	0.11824622
453	0.119175024
454	0.11986181900000001
455	0.120306835
456	0.121002637
457	0.12172582
458	0.122427009
459	0.12310867800000001
460	0.123640068
461	0.124124482
462	0.124684535
463	0.12523593
464	0.125784755
465	0.12632814
466	0.12682806
467	0.127294555
468	0.127747774
469	0.128214672
470	0.128770038
471	0.129365116
472	0.129903376
473	0.13048622
474	0.13107802
475	0.131614342
476	0.132005304
477	0.132424146
478	0.13296349300000002
479	0.13354075
480	0.13424508300000002
481	0.135000095
482	0.135583177
483	0.13622728
484	0.136923671
485	0.137598306
486	0.13833341
487	0.139140159
488	0.14000201199999998
489	0.140840426
490	0.141630739
491	0.142397925
492	0.14323824599999999
493	0.144135237
494	0.145057455
495	0.145948142
496	0.146850586
497	0.147807494
498	0.148835033
499	0.149749383
500	0.150688082
501	0.15174394800000002
502	0.152778104
503	0.153764278
504	0.154695496
505	0.155567273
506	0.156582326
507	0.157712311
508	0.158801571
509	0.159814373
510	0.160814032
511	0.161872983
512	0.162909582
513	0.16396123199999998
514	0.165044695
515	0.16608308300000002
516	0.167193651
517	0.168381318
518	0.169529065
519	0.17064492399999998
520	0.17174823600000003
521	0.172869503
522	0.174079835
523	0.17533332100000001
524	0.176578298
525	0.177866682
526	0.179147318
527	0.18041797
528	0.18180595300000002
529	0.183213934
530	0.184611931
531	0.18602167100000003
532	0.187478691
533	0.18899262
534	0.190560222
535	0.19213327800000002
536	0.193695709
537	0.195265263
538	0.19693391
539	0.19867214600000002
540	0.200448945
541	0.20221151399999998
542	0.204038143
543	0.20592029399999998
544	0.20779492
545	0.209685072
546	0.21165685399999998
547	0.213759363
548	0.21588315100000002
549	0.218059555
550	0.220330104
551	0.22273850399999998
552	0.225249365
553	0.22786279
554	0.230631948
555	0.233404398
556	0.236146912
557	0.23887789199999998
558	0.24150668100000003
559	0.24405226100000002
560	0.246568277
561	0.24912034
562	0.251642883
563	0.254110098
564	0.256578684
565	0.25902900100000004
566	0.26146939399999997
567	0.26390093600000003
568	0.266347557
569	0.268806249
570	0.271254569
571	0.273576647
572	0.27580303
573	0.277996123
574	0.280251116
575	0.282559425
576	0.28488791
577	0.287192613
578	0.28947714
579	0.291704237
580	0.293836892
581	0.295900643
582	0.297912717
583	0.299879283
584	0.30170506199999997
585	0.303486735
586	0.305291831
587	0.30708298100000003
588	0.308874398
589	0.31062465899999997
590	0.31224349100000004
591	0.313829213
592	0.315324783
593	0.316643685
594	0.317861855
595	0.31901049600000003
596	0.320144892
597	0.321467936
598	0.322906643
599	0.324374735
600	0.325808108
601	0.32715413
602	0.32846406100000003
603	0.329842806
604	0.331084907
605	0.33226892399999997
606	0.333489656
607	0.334651858
608	0.33579582
609	0.33692795
610	0.33796712799999995
611	0.339024007
612	0.340098381
613	0.341118276
614	0.34213417799999996
615	0.343139529
616	0.34411075700000004
617	0.345044464
618	0.345971435
619	0.34689459200000006
620	0.34774673
621	0.348616749
622	0.349500924
623	0.350308031
624	0.351136357
625	0.35195463899999996
626	0.35269880299999995
627	0.353462249
628	0.35422954
629	0.35497757799999996
630	0.35569456200000005
631	0.356436074
632	0.357210517
633	0.357956469
634	0.358667791
635	0.35936418200000003
636	0.360076606
637	0.360783339
638	0.36150679
639	0.36225602
640	0.362962395
641	0.363651365
642	0.364334792
643	0.36499288700000004
644	0.36565685299999995
645	0.36632961
646	0.366999239
647	0.367710382
648	0.36842224
649	0.369089216
650	0.36975675799999996
651	0.37042790700000006
652	0.37111067799999997
653	0.371839553
654	0.372526973
655	0.373183727
656	0.373904169
657	0.374569595
658	0.375182897
659	0.37578845
660	0.376442075
661	0.37713307100000004
662	0.377830744
663	0.37848255
664	0.379150242
665	0.379837066
666	0.380485684
667	0.38109269700000004
668	0.381711423
669	0.38240256899999997
670	0.38299486
671	0.383605927
672	0.38432017
673	0.384981215
674	0.385594636
675	0.386197329
676	0.38687115899999996
677	0.387538582
678	0.388189644
679	0.388836652
680	0.389452994
681	0.390071034
682	0.390713453
683	0.391335934
684	0.391995162
685	0.392687112
686	0.393319398
687	0.393940687
688	0.39458704
689	0.395289034
690	0.395938784
691	0.39655295
692	0.397171915
693	0.39781525700000003
694	0.39843589100000004
695	0.39902582799999997
696	0.399633646
697	0.40026822700000003
698	0.40089538700000005
699	0.401456535
700	0.402041882
701	0.40262565
702	0.403176397
703	0.40375176100000004
704	0.404336721
705	0.40492513799999996
706	0.40554526399999996
707	0.40608677299999996
708	0.406566858
709	0.407077879
710	0.407665014
711	0.408270061
712	0.408827841
713	0.409345746
714	0.40986979
715	0.410419166
716	0.410975784
717	0.41144949200000003
718	0.41191047399999997
719	0.41250899399999996
720	0.41302627299999994
721	0.41349741799999995
722	0.413993031
723	0.41449788200000004
724	0.415032238
725	0.415578157
726	0.416052252
727	0.416514486
728	0.416997075
729	0.41751942
730	0.41797524700000005
731	0.418420881
732	0.41891491399999997
733	0.41938006899999997
734	0.41982072600000003
735	0.42024803200000005
736	0.420673817
737	0.421109378
738	0.421532065
739	0.421910167
740	0.42235097299999996
741	0.422801077
742	0.42319619700000005
743	0.423534125
744	0.423888475
745	0.42428022600000004
746	0.424664408
747	0.425047606
748	0.425406456
749	0.425720483
750	0.42610502200000006
751	0.42650604200000003
752	0.42686104799999997
753	0.427149147
754	0.427463204
755	0.42781147399999997
756	0.42810645700000005
757	0.428408653
758	0.428723335
759	0.42903426299999997
760	0.42930975600000004
761	0.429567099
762	0.429822117
763	0.43007475100000003
764	0.430323213
765	0.43056464200000005
766	0.43079561
767	0.431054741
768	0.43131724
769	0.43154078700000004
770	0.43169385200000004
771	0.43187394700000004
772	0.43212565799999997
773	0.432374001
774	0.432581723
775	0.43274387700000005
776	0.432882369
777	0.433030576
778	0.43320360799999996
779	0.433396131
780	0.43354743700000004
781	0.433697224
782	0.43385049700000006
783	0.43394622200000005
784	0.434080511
785	0.43424615299999997
786	0.434386015
787	0.43445047700000006
788	0.434544235
789	0.434724599
790	0.434813529
791	0.434889734
792	0.434987247
793	0.435092717
794	0.435188949
795	0.435261965
796	0.43530914200000004
797	0.435392469
798	0.435486525
799	0.435548425
800	0.435492426
801	0.435535103
802	0.43567088200000004
803	0.435739934
804	0.435807616
805	0.435847342
806	0.43583589799999994
807	0.435837805
808	0.435880065
809	0.43593555700000003
810	0.435885906
811	0.435908258
812	0.435980916
813	0.436000496
814	0.435986936
815	0.43597772700000004
816	0.435996085
817	0.43601587399999997
818	0.43604314299999997
819	0.436054051
820	0.43599838
821	0.436037302
822	0.43607977
823	0.436006486
824	0.435958713
825	0.435927898
826	0.43591731799999994
827	0.43598035
828	0.43600350600000004
829	0.43598651899999996
830	0.43598431299999996
831	0.43599113799999994
832	0.435985833
833	0.43595275299999997
834	0.43589326700000003
835	0.435872734
836	0.435907483
837	0.435965896
838	0.435965896
839	0.435936719
840	0.435932785
841	0.435930967
842	0.435928375
843	0.435932606
844	0.435976774
845	0.435969889
846	0.435923338
847	0.435902357
848	0.435966045
849	0.436000317
850	0.43593835799999997
851	0.435920656
852	0.435939401
853	0.43598720399999996
854	0.436052293
855	0.436062813
856	0.43606776
857	0.436125427
858	0.436175197
859	0.436176777
860	0.436157405
861	0.43625176
862	0.436294556
863	0.436277807
864	0.436264813
865	0.436355263
866	0.436452031
867	0.436491907
868	0.436537832
869	0.436607808
870	0.436684489
871	0.43672764299999994
872	0.43678382
873	0.436868817
874	0.43697688
875	0.43704921
876	0.437126189
877	0.437231511
878	0.437371045
879	0.437467903
880	0.43755441899999997
881	0.43767541600000004
882	0.43774628600000004
883	0.437834054
884	0.43797990700000006
885	0.43818295
886	0.438311219
887	0.43837145
888	0.438442737
889	0.43863219
890	0.43882927299999996
891	0.438962817
892	0.43910214299999994
893	0.439281195
894	0.439479977
895	0.439641684
896	0.43974852600000003
897	0.439881295
898	0.440083712
899	0.440226674
900	0.44040218
901	0.44062340299999997
902	0.44083643
903	0.441055804
904	0.44126009899999996
905	0.44143346
906	0.44160923399999996
907	0.44179567700000005
908	0.442000031
909	0.442229152
910	0.442455947
911	0.442689031
912	0.442935735
913	0.44312492
914	0.44333753
915	0.443601906
916	0.443853468
917	0.444094867
918	0.444322705
919	0.44454246799999997
920	0.444808066
921	0.445105404
922	0.44539818200000003
923	0.445610791
924	0.445842236
925	0.446104079
926	0.44636678700000004
927	0.44663801799999997
928	0.446935058
929	0.447244793
930	0.447475106
931	0.447728366
932	0.448009282
933	0.448269188
934	0.448522985
935	0.44880306700000006
936	0.449121624
937	0.44942832
938	0.449714392
939	0.45001411399999997
940	0.45038399100000004
941	0.450684011
942	0.450936228
943	0.451196611
944	0.451530814
945	0.45184320200000005
946	0.452108324
947	0.452364117
948	0.452702403
949	0.45301902299999997
950	0.45323842799999997
951	0.45354107
952	0.453823924
953	0.454098225
954	0.45446807100000003
955	0.454724997
956	0.454995394
957	0.45538795
958	0.455664366
959	0.455906749
960	0.45619648700000004
961	0.45660764
962	0.456926644
963	0.457151443
964	0.457367003
965	0.457768291
966	0.458144814
967	0.458434522
968	0.458725184
969	0.45904871799999997
970	0.45940518399999997
971	0.45976930899999996
972	0.46005362299999997
973	0.460491806
974	0.46101173799999995
975	0.461253673
976	0.461508304
977	0.46185371299999994
978	0.46227920100000003
979	0.46263811
980	0.462953299
981	0.46325790899999997
982	0.463592231
983	0.463961571
984	0.464332879
985	0.46466779700000005
986	0.46494481
987	0.465222299
988	0.465538889
989	0.465910971
990	0.466246217
991	0.46658405700000005
992	0.466952294
993	0.46724131700000004
994	0.467556149
995	0.467895687
996	0.468185037
997	0.46849796200000005
998	0.46874880799999996
999	0.468945771
1000	0.46945339399999997
1001	0.46833640299999996
1002	0.468468249
1003	0.46873167200000004
1004	0.46898850799999997
1005	0.469306141
1006	0.469827861
1007	0.470126182
1008	0.470271975
1009	0.470543951
1010	0.47076907799999995
1011	0.471061766
1012	0.471577197
1013	0.471876711
1014	0.47204265
1015	0.47221842399999997
1016	0.472436219
1017	0.472537547
1018	0.472798049
1019	0.473235458
1020	0.473529994
1021	0.47378987100000003
1022	0.47406557200000005
1023	0.474253744
1024	0.47454986
1025	0.47503393899999996
1026	0.475319415
1027	0.47561031600000003
1028	0.47575286
1029	0.475926667
1030	0.47588738799999997
1031	0.476125091
1032	0.47650909399999997
1033	0.476834387
1034	0.477228284
1035	0.477601916
1036	0.477997035
1037	0.478326917
1038	0.47873559600000004
1039	0.478991866
1040	0.479003489
1041	0.479162067
1042	0.479399532
1043	0.47960946
1044	0.47990846600000003
1045	0.480417728
1046	0.48073676200000004
1047	0.481036752
1048	0.481243342
1049	0.48130804299999996
1050	0.48146987
1051	0.481514066
1052	0.48172473899999996
1053	0.482204288
1054	0.482483089
1055	0.48274076
1056	0.482928604
1057	0.483149111
1058	0.48321753700000003
1059	0.48345834
1060	0.483846724
1061	0.48413974
1062	0.484420836
1063	0.48468640399999996
1064	0.48489728600000004
1065	0.48518455
1066	0.485572338
1067	0.48585823200000006
1068	0.486193627
1069	0.48634457600000003
1070	0.486586332
1071	0.48671135299999996
1072	0.487014651
1073	0.4875018
1074	0.487798959
1075	0.48806381200000004
1076	0.48831695299999994
1077	0.488429874
1078	0.48865854700000005
1079	0.48898980000000003
1080	0.489275932
1081	0.489560604
1082	0.489858329
1083	0.490142465
1084	0.49032408
1085	0.490632862
1086	0.491027445
1087	0.491300553
1088	0.49156594299999995
1089	0.491857111
1090	0.492076635
1091	0.49232834600000003
1092	0.492642105
1093	0.492937267
1094	0.493232578
1095	0.49348285799999997
1096	0.49370828299999997
1097	0.49393507799999997
1098	0.49419847100000003
1099	0.494508326
1100	0.494788677
1101	0.49513745299999995
1102	0.49542635700000004
1103	0.49565038100000003
1104	0.495880306
1105	0.496119976
1106	0.496391267
1107	0.49661821100000003
1108	0.49688512100000004
1109	0.49724862
1110	0.497546554
1111	0.497668624
1112	0.497891307
1113	0.498234034
1114	0.498465031
1115	0.498749048
1116	0.49921500700000004
1117	0.499496162
1118	0.499574184
1119	0.499817491
1120	0.500153065
1121	0.500356793
1122	0.50052321
1123	0.500773311
1124	0.501009166
1125	0.501156092
1126	0.501486957
1127	0.50186938
1128	0.5021306870000001
1129	0.5023280379999999
1130	0.502534091
1131	0.502668321
1132	0.502894521
1133	0.503167331
1134	0.503414989
1135	0.503700018
1136	0.5039405229999999
1137	0.5041344170000001
1138	0.50435251
1139	0.504575849
1140	0.504796982
1141	0.505037904
1142	0.50532186
1143	0.505567372
1144	0.505804479
1145	0.50603956
1146	0.506244421
1147	0.5064291360000001
1148	0.506605506
1149	0.506812096
1150	0.507003903
1151	0.5072017910000001
1152	0.5074051620000001
1153	0.507657528
1154	0.507947385
1155	0.508128703
1156	0.5083624720000001
1157	0.5086368920000001
1158	0.508781195
1159	0.509003699
1160	0.509234011
1161	0.509406328
1162	0.509649515
1163	0.50997293
1164	0.51016897
1165	0.510302067
1166	0.51052171
1167	0.510695875
1168	0.510921657
1169	0.511280894
1170	0.511557162
1171	0.5116812589999999
1172	0.511851072
1173	0.512120545
1174	0.5124036670000001
1175	0.5126404760000001
1176	0.5128935579999999
1177	0.513121009
1178	0.513285935
1179	0.513500631
1180	0.51384455
1181	0.5140528679999999
1182	0.514115334
1183	0.514337182
1184	0.5146507020000001
1185	0.514846623
1186	0.5150074960000001
1187	0.5152741670000001
1188	0.515462101
1189	0.515573263
1190	0.515791357
1191	0.516075015
1192	0.5163090229999999
1193	0.516473651
1194	0.5166622999999999
1195	0.516890824
1196	0.517080605
1197	0.517187536
1198	0.517388403
1199	0.517673731
1200	0.51788038
1201	0.51802218
1202	0.518254161
1203	0.5184438229999999
1204	0.518563867
1205	0.5187340970000001
1206	0.51891315
1207	0.5190890429999999
1208	0.519288182
1209	0.519501209
1210	0.519643366
1211	0.519804716
1212	0.520051897
1213	0.520233095
1214	0.5203790070000001
1215	0.520549536
1216	0.520730495
1217	0.520856023
1218	0.520998538
1219	0.521208346
1220	0.52145648
1221	0.521578848
1222	0.5217430000000001
1223	0.522022605
1224	0.5222293729999999
1225	0.5224083070000001
1226	0.522585571
1227	0.522732556
1228	0.522874594
1229	0.523040116
1230	0.5231996179999999
1231	0.5233588220000001
1232	0.523500919
1233	0.523634732
1234	0.5237549539999999
1235	0.523881078
1236	0.524052441
1237	0.524217188
1238	0.524387777
1239	0.524647355
1240	0.52484566
1241	0.524951816
1242	0.525099576
1243	0.525232911
1244	0.525379658
1245	0.525552571
1246	0.525705695
1247	0.52584517
1248	0.525949597
1249	0.526075423
1250	0.5262091760000001
1251	0.526359141
1252	0.526503563
1253	0.526658714
1254	0.526797593
1255	0.526962578
1256	0.527122974
1257	0.5272696020000001
1258	0.527405083
1259	0.527529001
1260	0.527683914
1261	0.527812362
1262	0.527894258
1263	0.528015435
1264	0.52813828
1265	0.528248191
1266	0.52839911
1267	0.528630972
1268	0.52876085
1269	0.528847516
1270	0.528983235
1271	0.52911073
1272	0.529212356
1273	0.52938509
1274	0.529540479
1275	0.52966547
1276	0.529840589
1277	0.52997905
1278	0.530084848
1279	0.530208766
1280	0.530305684
1281	0.530446529
1282	0.530620277
1283	0.530736864
1284	0.530826211
1285	0.530897021
1286	0.530975461
1287	0.531078875
1288	0.531211138
1289	0.531330347
1290	0.53141892
1291	0.531486392
1292	0.531539321
1293	0.531631768
1294	0.531723797
1295	0.531772494
1296	0.5317990779999999
1297	0.531834602
1298	0.531934261
1299	0.532054245
1300	0.532153904
1301	0.53220582
1302	0.532304287
1303	0.532487512
1304	0.53258872
1305	0.532643497
1306	0.532773733
1307	0.532888234
1308	0.532990515
1309	0.533088326
1310	0.533222497
1311	0.533397138
1312	0.533507586
1313	0.5335850120000001
1314	0.533726215
1315	0.533831775
1316	0.533877254
1317	0.533958554
1318	0.534112215
1319	0.534232914
1320	0.534267366
1321	0.534398854
1322	0.534598231
1323	0.534729421
1324	0.534833729
1325	0.534935832
1326	0.535055518
1327	0.535172164
1328	0.535286069
1329	0.535405159
1330	0.535552323
1331	0.535696208
1332	0.5357733370000001
1333	0.535834551
1334	0.535882592
1335	0.5359303360000001
1336	0.5360468629999999
1337	0.536136627
1338	0.536200285
1339	0.5363034010000001
1340	0.536375046
1341	0.536407411
1342	0.536419988
1343	0.53644824
1344	0.5364811420000001
1345	0.536517084
1346	0.536620557
1347	0.536696017
1348	0.5366868379999999
1349	0.536684692
1350	0.536663294
1351	0.536694884
1352	0.536698341
1353	0.536649346
1354	0.536655664
1355	0.536659718
1356	0.536639512
1357	0.536682487
1358	0.536732078
1359	0.536702991
1360	0.536667943
1361	0.536664546
1362	0.536657095
1363	0.536673486
1364	0.536657095
1365	0.5366505979999999
1366	0.536675036
1367	0.536629319
1368	0.536569953
1369	0.536484301
1370	0.5363657470000001
1371	0.53621304
1372	0.535998285
1373	0.535718143
1374	0.535471082
1375	0.535192549
1376	0.534899354
1377	0.534554303
1378	0.534153402
1379	0.533718884
1380	0.533190846
1381	0.532700121
1382	0.532301962
1383	0.53182292
1384	0.531276941
1385	0.530720472
1386	0.5301430229999999
1387	0.529526711
1388	0.528861821
1389	0.528177679
1390	0.527443409
1391	0.526652515
1392	0.525916696
1393	0.52527678
1394	0.524621427
1395	0.523900867
1396	0.5231411460000001
1397	0.5224021670000001
1398	0.5216515660000001
1399	0.520856023
1400	0.520051539
1401	0.519237995
1402	0.518452644
1403	0.517606139
1404	0.516781211
1405	0.516039968
1406	0.515230954
1407	0.514391661
1408	0.5135276910000001
1409	0.51267606
1410	0.511797607
1411	0.510786355
1412	0.5100411770000001
1413	0.509407163
1414	0.509049237
1415	0.509397924
1416	0.510019481
1417	0.511079669
1418	0.5123857860000001
1419	0.513593614
1420	0.514861107
1421	0.515934467
1422	0.5169525739999999
1423	0.517867863
1424	0.518772185
1425	0.519630313
1426	0.520442426
1427	0.521219671
1428	0.521915913
1429	0.522581875
1430	0.523158967
1431	0.523694098
1432	0.524243176
1433	0.524749041
1434	0.525232911
1435	0.525704741
1436	0.52615869
1437	0.526583493
1438	0.526948512
1439	0.527323425
1440	0.527697444
1441	0.5280404089999999
1442	0.528373063
1443	0.5286897420000001
1444	0.529034615
1445	0.529324055
1446	0.529555917
1447	0.529826999
1448	0.53006041
1449	0.5303026439999999
1450	0.530543268
1451	0.530783415
1452	0.53101784
1453	0.531266451
1454	0.531535089
1455	0.531749547
1456	0.5319453479999999
1457	0.532135725
1458	0.532285094
1459	0.5324331520000001
1460	0.532599807
1461	0.532841146
1462	0.5330398679999999
1463	0.533166766
1464	0.533336759
1465	0.533523083
1466	0.533716083
1467	0.533921897
1468	0.534140289
1469	0.5343742370000001
1470	0.534582317
1471	0.5348047020000001
1472	0.535048008
1473	0.5352621670000001
1474	0.5354989170000001
1475	0.5357710720000001
1476	0.536016643
1477	0.5362596510000001
1478	0.536511242
1479	0.536749899
1480	0.537006259
1481	0.537254393
1482	0.537473083
1483	0.5376269220000001
1484	0.537843406
1485	0.538076103
1486	0.538320065
1487	0.538610041
1488	0.538867295
1489	0.539129019
1490	0.53934443
1491	0.5395194289999999
1492	0.539699256
1493	0.539854944
1494	0.54000926
1495	0.54018712
1496	0.54038614
1497	0.540585876
1498	0.540807426
1499	0.541018426
1500	0.541220009
1501	0.541433215
1502	0.541625381
1503	0.541796088
1504	0.541964829
1505	0.542170644
1506	0.542357147
1507	0.542495787
1508	0.542702198
1509	0.542883158
1510	0.5429916379999999
1511	0.543141007
1512	0.543301165
1513	0.54346776
1514	0.543625832
1515	0.543735683
1516	0.543851972
1517	0.543998241
1518	0.5441351529999999
1519	0.544250369
1520	0.5443469879999999
1521	0.544475913
1522	0.5445582870000001
1523	0.544673562
1524	0.544860244
1525	0.545041323
1526	0.545217335
1527	0.545333266
1528	0.545431137
1529	0.545565665
1530	0.545675933
1531	0.5457602739999999
1532	0.5458624360000001
1533	0.54599911
1534	0.5461245779999999
1535	0.546201289
1536	0.5462782979999999
1537	0.546392679
1538	0.546479642
1539	0.546535313
1540	0.546657622
1541	0.5468046670000001
1542	0.546875477
1543	0.546975315
1544	0.547154486
1545	0.547283769
1546	0.547372639
1547	0.54750526
1548	0.547641397
1549	0.547778487
1550	0.54790318
1551	0.5479797120000001
1552	0.5481084589999999
1553	0.548279583
1554	0.5484071970000001
1555	0.548533559
1556	0.548659265
1557	0.548735499
1558	0.5487929579999999
1559	0.54888618
1560	0.548997521
1561	0.549090981
1562	0.5491896270000001
1563	0.549299121
1564	0.549381614
1565	0.549424469
1566	0.549457312
1567	0.549544513
1568	0.54967165
1569	0.549771845
1570	0.549869001
1571	0.549968004
1572	0.550050914
1573	0.550119758
1574	0.550209463
1575	0.550355911
1576	0.550465465
1577	0.550537109
1578	0.550609589
1579	0.550670385
1580	0.550761223
1581	0.550876558
1582	0.550946951
1583	0.5510055420000001
1584	0.551074266
1585	0.551095903
1586	0.551176488
1587	0.551329255
1588	0.5514307620000001
1589	0.55151546
1590	0.551593959
1591	0.5516520739999999
1592	0.551737785
1593	0.551840067
1594	0.551919818
1595	0.5519800189999999
1596	0.552076221
1597	0.552193046
1598	0.55225873
1599	0.552342474
1600	0.552485287
1601	0.552595317
1602	0.5526676770000001
1603	0.552786946
1604	0.552903533
1605	0.552989483
1606	0.553100646
1607	0.553194702
1608	0.553259611
1609	0.553304851
1610	0.553349853
1611	0.553434074
1612	0.553493977
1613	0.553495049
1614	0.553539634
1615	0.553661585
1616	0.55373913
1617	0.55374068
1618	0.5537910460000001
1619	0.5538955329999999
1620	0.5539386270000001
1621	0.553985298
1622	0.554093242
1623	0.554167271
1624	0.554231942
1625	0.5543101429999999
1626	0.554365575
1627	0.554415345
1628	0.55445981
1629	0.5545374160000001
1630	0.55465436
1631	0.554709852
1632	0.554707646
1633	0.5547623629999999
1634	0.554858744
1635	0.554940045
1636	0.5550254579999999
1637	0.5551210639999999
1638	0.555241168
1639	0.55535984
1640	0.555470467
1641	0.555613399
1642	0.555735767
1643	0.555784822
1644	0.555820525
1645	0.555903375
1646	0.555984676
1647	0.556031704
1648	0.556093574
1649	0.55617094
1650	0.556261063
1651	0.556397557
1652	0.556502759
1653	0.556511939
1654	0.55653584
1655	0.556616664
1656	0.556667149
1657	0.556693316
1658	0.556708038
1659	0.556695938
1660	0.556729913
1661	0.5568317770000001
1662	0.55691421
1663	0.556972861
1664	0.557078183
1665	0.557215571
1666	0.55734992
1667	0.557454884
1668	0.5575158
1669	0.5575411920000001
1670	0.557545364
1671	0.557590365
1672	0.557661831
1673	0.5577135679999999
1674	0.557795584
1675	0.557880342
1676	0.5578975079999999
1677	0.557926893
1678	0.558000982
1679	0.558047235
1680	0.558116078
1681	0.558201551
1682	0.558266878
1683	0.5583645110000001
1684	0.558430791
1685	0.558457375
1686	0.558517814
1687	0.55856663
1688	0.558616698
1689	0.558703601
1690	0.55877161
1691	0.558792651
1692	0.558790445
1693	0.558823824
1694	0.5588557120000001
1695	0.55887711
1696	0.558917165
1697	0.5589543579999999
1698	0.559033036
1699	0.559057176
1700	0.5590448379999999
1701	0.559106529
1702	0.559147298
1703	0.559190571
1704	0.559237003
1705	0.559244037
1706	0.559253216
1707	0.5592773560000001
1708	0.5593616370000001
1709	0.559485018
1710	0.559580147
1711	0.5596478579999999
1712	0.559740365
1713	0.559837818
1714	0.559838235
1715	0.5597623589999999
1716	0.5596780179999999
1717	0.559635401
1718	0.5596084
1719	0.559578001
1720	0.5595878360000001
1721	0.559552729
1722	0.559517801
1723	0.559561789
1724	0.559632838
1725	0.5596851110000001
1726	0.559666276
1727	0.559654772
1728	0.55970031
1729	0.559665382
1730	0.559559524
1731	0.559540808
1732	0.55949837
1733	0.55938983
1734	0.559395492
1735	0.559414685
1736	0.55938983
1737	0.559414625
1738	0.559421718
1739	0.55938375
1740	0.559352517
1741	0.559373498
1742	0.559420228
1743	0.55941844
1744	0.559373617
1745	0.559272289
1746	0.559141219
1747	0.55909884
1748	0.559089839
1749	0.55906105
1750	0.559095383
1751	0.559109271
1752	0.5590263010000001
1753	0.5589339729999999
1754	0.558888376
1755	0.558810711
1756	0.558754981
1757	0.5587177870000001
1758	0.558615327
1759	0.5585744979999999
1760	0.558639467
1761	0.558601439
1762	0.558519423
1763	0.558500707
1764	0.558435082
1765	0.5584304929999999
1766	0.558446288
1767	0.558440387
1768	0.558560014
1769	0.558580816
1770	0.558480442
1771	0.558487475
1772	0.55846107
1773	0.5584116579999999
1774	0.558485091
1775	0.55851239
1776	0.5584261420000001
1777	0.558431923
1778	0.558494449
1779	0.5584660770000001
1780	0.5584463479999999
1781	0.5584048629999999
1782	0.55834794
1783	0.5584050420000001
1784	0.5584388379999999
1785	0.558433831
1786	0.558516979
1787	0.558535159
1788	0.558507502
1789	0.55858022
1790	0.558587492
1791	0.5585640070000001
1792	0.558646977
1793	0.558740139
1794	0.5587996239999999
1795	0.558828592
1796	0.5587797760000001
1797	0.558711171
1798	0.5587146279999999
1799	0.558760226
1800	0.558864415
1801	0.557990909
1802	0.558168828
1803	0.558664441
1804	0.559371948
1805	0.559634089
1806	0.559786201
1807	0.559920847
1808	0.559795499
1809	0.559908092
1810	0.560085714
1811	0.560717106
1812	0.560908198
1813	0.560866773
1814	0.560891509
1815	0.560877442
1816	0.560740888
1817	0.560841858
1818	0.561002433
1819	0.561047614
1820	0.561012685
1821	0.561198711
1822	0.561527371
1823	0.561638117
1824	0.561687946
1825	0.561710179
1826	0.561797738
1827	0.561884344
1828	0.561865628
1829	0.561828494
1830	0.561958492
1831	0.562068343
1832	0.562163591
1833	0.562253594
1834	0.56247133
1835	0.562546909
1836	0.562399447
1837	0.562441289
1838	0.562797546
1839	0.562880456
1840	0.562846661
1841	0.5627710220000001
1842	0.562787235
1843	0.5627710220000001
1844	0.562772691
1845	0.562972009
1846	0.563121259
1847	0.563226998
1848	0.563285708
1849	0.563395202
1850	0.563489377
1851	0.563406885
1852	0.563483
1853	0.5634833570000001
1854	0.5631291270000001
1855	0.5630477070000001
1856	0.563141704
1857	0.562998414
1858	0.562749624
1859	0.56270659
1860	0.562801957
1861	0.562698185
1862	0.562560081
1863	0.562329352
1864	0.561981142
1865	0.561752379
1866	0.56133455
1867	0.560945451
1868	0.560499191
1869	0.560097873
1870	0.559512138
1871	0.558800042
1872	0.558325529
1873	0.557726681
1874	0.556936085
1875	0.556228518
1876	0.555657685
1877	0.555011988
1878	0.5541180370000001
1879	0.5531782510000001
1880	0.552093208
1881	0.55095017
1882	0.549798667
1883	0.548648238
1884	0.547468066
1885	0.546258569
1886	0.544948339
1887	0.543441713
1888	0.5417946579999999
1889	0.540039837
1890	0.538156211
1891	0.536244333
1892	0.534161925
1893	0.53186667
1894	0.529637456
1895	0.527295947
1896	0.5249801279999999
1897	0.522458196
1898	0.51982832
1899	0.517275155
1900	0.5148783920000001
1901	0.51254487
1902	0.510370791
1903	0.508350074
1904	0.5063652989999999
1905	0.504407346
1906	0.502642214
1907	0.5011017320000001
1908	0.499765426
1909	0.49863135799999997
1910	0.49779179700000004
1911	0.497133255
1912	0.49647927299999994
1913	0.4959611
1914	0.495734125
1915	0.495589644
1916	0.49565780200000004
1917	0.49564626799999995
1918	0.495657146
1919	0.495839417
1920	0.496125817
1921	0.496349841
1922	0.49664434799999996
1923	0.497049391
1924	0.49732345299999997
1925	0.49754726899999996
1926	0.49779099200000004
1927	0.49806869
1928	0.49830904600000003
1929	0.49851003299999996
1930	0.498724312
1931	0.49898022399999997
1932	0.49919036
1933	0.49958485399999997
1934	0.5000630620000001
1935	0.500378966
1936	0.500784099
1937	0.5012101529999999
1938	0.50158757
1939	0.501899004
1940	0.502389431
1941	0.5028995279999999
1942	0.503248096
1943	0.503674805
1944	0.504228771
1945	0.504644036
1946	0.504905105
1947	0.505218387
1948	0.50543505
1949	0.5057430860000001
1950	0.506164491
1951	0.506638825
1952	0.507227957
1953	0.507808924
1954	0.508386433
1955	0.509117424
1956	0.509747565
1957	0.5103052260000001
1958	0.5108979339999999
1959	0.511498153
1960	0.512070596
1961	0.512661994
1962	0.513241768
1963	0.513783216
1964	0.5142922999999999
1965	0.51480037
1966	0.515334785
1967	0.515859604
1968	0.5163534879999999
1969	0.516919374
1970	0.517437696
1971	0.518202543
1972	0.519020438
1973	0.51951015
1974	0.520093858
1975	0.520776927
1976	0.521308303
1977	0.521974564
1978	0.522614598
1979	0.523171544
1980	0.5237948889999999
1981	0.524443924
1982	0.525230587
1983	0.525830686
1984	0.526358962
1985	0.526906431
1986	0.52747637
1987	0.528070629
1988	0.52865845
1989	0.529239655
1990	0.529869735
1991	0.530514657
1992	0.531327605
1993	0.53199625
1994	0.532621682
1995	0.533150136
1996	0.5336281660000001
1997	0.534272134
1998	0.535072267
1999	0.535806835
2000	0.536448419
2001	0.537112236
2002	0.537901461
2003	0.538738132
2004	0.539520502
2005	0.540371776
2006	0.541325033
2007	0.5421382779999999
2008	0.542844653
2009	0.543547153
2010	0.544363558
2011	0.545130551
2012	0.545769453
2013	0.546426892
2014	0.547108412
2015	0.54777509
2016	0.5483995079999999
2017	0.548999548
2018	0.549657464
2019	0.550226986
2020	0.5505838989999999
2021	0.551141202
2022	0.5518805379999999
2023	0.5524241329999999
2024	0.55286485
2025	0.5535551910000001
2026	0.554230034
2027	0.554908693
2028	0.555448651
2029	0.556061924
2030	0.5566161270000001
2031	0.55695039
2032	0.557421029
2033	0.558031797
2034	0.55844605
2035	0.558824718
2036	0.5591888429999999
2037	0.55946517
2038	0.560003221
2039	0.560528338
2040	0.561115265
2041	0.561579645
2042	0.562111259
2043	0.562541008
2044	0.562747777
2045	0.56308192
2046	0.563700259
2047	0.56418395
2048	0.564459443
2049	0.5648139120000001
2050	0.565145195
2051	0.565354884
2052	0.565592766
2053	0.565870345
2054	0.566181839
2055	0.566367626
2056	0.566681325
2057	0.567129374
2058	0.567709267
2059	0.5679073929999999
2060	0.568019986
2061	0.56824261
2062	0.5683702829999999
2063	0.568588495
2064	0.5689710379999999
2065	0.56929934
2066	0.5695889000000001
2067	0.569812059
2068	0.5700346829999999
2069	0.570321858
2070	0.570563853
2071	0.570833921
2072	0.571167171
2073	0.571363211
2074	0.571574926
2075	0.571809828
2076	0.571946979
2077	0.572101057
2078	0.572323322
2079	0.57250309
2080	0.572691441
2081	0.573077381
2082	0.5732859370000001
2083	0.573268473
2084	0.57340914
2085	0.573633075
2086	0.573720276
2087	0.573847651
2088	0.574130774
2089	0.574321568
2090	0.574341714
2091	0.57441473
2092	0.574470162
2093	0.5745731
2094	0.5746541620000001
2095	0.574789703
2096	0.575014889
2097	0.575150013
2098	0.575201035
2099	0.575381279
2100	0.575606167
2101	0.575861394
2102	0.576131642
2103	0.576226473
2104	0.576322019
2105	0.57642144
2106	0.57660687
2107	0.576944947
2108	0.57707864
2109	0.5770760770000001
2110	0.577309728
2111	0.577637792
2112	0.577816367
2113	0.578058779
2114	0.578261554
2115	0.578225732
2116	0.5783568020000001
2117	0.578684866
2118	0.578973532
2119	0.579298854
2120	0.579666615
2121	0.5799579020000001
2122	0.5803082589999999
2123	0.580539644
2124	0.58049947
2125	0.580799162
2126	0.581428707
2127	0.581654429
2128	0.581728339
2129	0.58199513
2130	0.582315266
2131	0.582285762
2132	0.582219362
2133	0.582187891
2134	0.5818055870000001
2135	0.58124572
2136	0.5811672210000001
2137	0.581436276
2138	0.581375062
2139	0.5812652110000001
2140	0.581059039
2141	0.5807253720000001
2142	0.5803423520000001
2143	0.579980254
2144	0.579445481
2145	0.578638375
2146	0.578009427
2147	0.577378631
2148	0.576690257
2149	0.5760451560000001
2150	0.575479805
2151	0.574562371
2152	0.573597908
2153	0.573059678
2154	0.572326779
2155	0.5714431999999999
2156	0.57053864
2157	0.569731593
2158	0.568675756
2159	0.567772686
2160	0.567240298
2161	0.566395819
2162	0.565374553
2163	0.564318419
2164	0.5629159810000001
2165	0.5618788
2166	0.560914397
2167	0.560184121
2168	0.5593101979999999
2169	0.5585216279999999
2170	0.557497382
2171	0.55616194
2172	0.555199862
2173	0.55449003
2174	0.553619981
2175	0.552808642
2176	0.5519359110000001
2177	0.550977528
2178	0.550056636
2179	0.549201548
2180	0.548223853
2181	0.5472203489999999
2182	0.546159148
2183	0.544843674
2184	0.543742716
2185	0.542727053
2186	0.541735828
2187	0.540744126
2188	0.539878607
2189	0.538763404
2190	0.537457824
2191	0.536465526
2192	0.5355460639999999
2193	0.534678578
2194	0.5340855720000001
2195	0.533239305
2196	0.532328844
2197	0.531364262
2198	0.530261874
2199	0.5292451979999999
2200	0.528350592
2201	0.527144432
2202	0.5257954
2203	0.524500072
2204	0.5230231879999999
2205	0.5213437679999999
2206	0.5203365679999999
2207	0.519567907
2208	0.5187953710000001
2209	0.51842922
2210	0.5183203820000001
2211	0.518207371
2212	0.518848658
2213	0.520456672
2214	0.5213265420000001
2215	0.522379816
2216	0.5232111220000001
2217	0.523653626
2218	0.524190664
2219	0.524829566
2220	0.5253781679999999
2221	0.525725722
2222	0.526144266
2223	0.526705503
2224	0.52711755
2225	0.52748841
2226	0.5276358720000001
2227	0.527716637
2228	0.528025866
2229	0.528749406
2230	0.52940774
2231	0.529905915
2232	0.530240595
2233	0.530480564
2234	0.530219793
2235	0.530394018
2236	0.530865192
2237	0.5311009289999999
2238	0.531283677
2239	0.5314513439999999
2240	0.531389832
2241	0.531664252
2242	0.532301307
2243	0.532545388
2244	0.5327119229999999
2245	0.532944858
2246	0.532871544
2247	0.53299439
2248	0.533360243
2249	0.5337608460000001
2250	0.5338782670000001
2251	0.533944964
2252	0.534210443
2253	0.5344595910000001
2254	0.534427881
2255	0.5345999
2256	0.534805536
2257	0.534837008
2258	0.535037994
2259	0.535566866
2260	0.535916984
2261	0.536160469
2262	0.536386967
2263	0.536647975
2264	0.536850154
2265	0.537140846
2266	0.53708607
2267	0.536472917
2268	0.536551356
2269	0.5369710329999999
2270	0.536997259
2271	0.537441909
2272	0.5375470520000001
2273	0.537127376
2274	0.536504567
2275	0.536312044
2276	0.536184311
2277	0.53590858
2278	0.535520732
2279	0.535053134
2280	0.534941196
2281	0.5348625779999999
2282	0.534336209
2283	0.5340284710000001
2284	0.533972085
2285	0.5334319470000001
2286	0.532437384
2287	0.5320906639999999
2288	0.5318230389999999
2289	0.531353593
2290	0.53128922
2291	0.530970752
2292	0.530107617
2293	0.529675782
2294	0.529696107
2295	0.529307723
2296	0.528730989
2297	0.528300881
2298	0.5277510879999999
2299	0.5272688870000001
2300	0.526993454
2301	0.526528299
2302	0.525885284
2303	0.525284171
2304	0.524906039
2305	0.524677038
2306	0.524447262
2307	0.5242195129999999
2308	0.523723543
2309	0.5232167839999999
2310	0.5226523279999999
2311	0.521977901
2312	0.521364629
2313	0.520768821
2314	0.520281136
2315	0.519583464
2316	0.519109905
2317	0.518727243
2318	0.518330693
2319	0.518190384
2320	0.517760396
2321	0.517019212
2322	0.5164514179999999
2323	0.515978515
2324	0.515253305
2325	0.514408469
2326	0.513675451
2327	0.512815237
2328	0.5119752879999999
2329	0.5110873579999999
2330	0.510555446
2331	0.510309637
2332	0.509793043
2333	0.509366333
2334	0.508845091
2335	0.507905364
2336	0.507326901
2337	0.507174969
2338	0.507532954
2339	0.507435799
2340	0.5066572429999999
2341	0.5061836239999999
2342	0.506049991
2343	0.506473899
2344	0.506764174
2345	0.506317496
2346	0.506397665
2347	0.507094681
2348	0.507274449
2349	0.50737524
2350	0.508238137
2351	0.509029865
2352	0.50942564
2353	0.510056615
2354	0.510571659
2355	0.510469317
2356	0.510980904
2357	0.51254791
2358	0.513391018
2359	0.5136496420000001
2360	0.514652431
2361	0.515654624
2362	0.516720533
2363	0.517472327
2364	0.518427372
2365	0.518945873
2366	0.518887341
2367	0.519480407
2368	0.520449877
2369	0.520763516
2370	0.520692289
2371	0.520777583
2372	0.520971894
2373	0.5207511779999999
2374	0.5202950239999999
2375	0.520225525
2376	0.520389915
2377	0.520030141
2378	0.519834161
2379	0.520067811
2380	0.51987958
2381	0.519998789
2382	0.520659089
2383	0.52047044
2384	0.52009654
2385	0.519609869
2386	0.519037724
2387	0.519694984
2388	0.519695044
2389	0.518737614
2390	0.518677652
2391	0.5186905860000001
2392	0.518791318
2393	0.519092619
2394	0.5191347
2395	0.518759966
2396	0.517666042
2397	0.5171338320000001
2398	0.517586529
2399	0.517910242
2400	0.518063366
2401	0.518184423
2402	0.517956018
2403	0.517284095
2404	0.51670891
2405	0.516590059
2406	0.516962588
2407	0.51655829
2408	0.515699208
2409	0.516090035
2410	0.515303195
2411	0.5138290520000001
2412	0.513810337
2413	0.513324201
2414	0.5127232070000001
2415	0.51312542
2416	0.512917101
2417	0.511586607
2418	0.510635674
2419	0.509765744
2420	0.508668184
2421	0.508230507
2422	0.507562518
2423	0.5066760779999999
2424	0.506346405
2425	0.5060058239999999
2426	0.5052230360000001
2427	0.504267335
2428	0.504048586
2429	0.503701627
2430	0.50248915
2431	0.502695322
2432	0.50345546
2433	0.502769232
2434	0.501596034
2435	0.500769317
2436	0.49872869299999995
2437	0.49733275200000004
2438	0.496587813
2439	0.496125042
2440	0.49563223100000003
2441	0.494843215
2442	0.494997054
2443	0.49464345
2444	0.493333817
2445	0.49256628799999996
2446	0.491699159
2447	0.491195947
2448	0.491046876
2449	0.49093300100000004
2450	0.492007345
2451	0.491525114
2452	0.48917415700000005
2453	0.488539636
2454	0.488597989
2455	0.487488329
2456	0.48658117700000003
2457	0.48684534399999996
2458	0.48664888700000003
2459	0.485779941
2460	0.48614540700000003
2461	0.485878199
2462	0.483716369
2463	0.482564658
2464	0.483205557
2465	0.482262284
2466	0.47922647
2467	0.478162915
2468	0.478105545
2469	0.477060705
2470	0.476281524
2471	0.47609451399999997
2472	0.476137966
2473	0.474831194
2474	0.47363954799999997
2475	0.47207784700000005
2476	0.46708625600000003
2477	0.466446161
2478	0.470143914
2479	0.470706075
2480	0.472822845
2481	0.47179573799999996
2482	0.465004474
2483	0.463660568
2484	0.464844286
2485	0.46397879700000005
2486	0.46593648200000004
2487	0.46539059299999996
2488	0.45921036600000004
2489	0.458305776
2490	0.462333024
2491	0.461775184
2492	0.458481342
2493	0.460596114
2494	0.466777086
2495	0.465064704
2496	0.460698754
2497	0.462606549
2498	0.460753232
2499	0.459001034
2500	0.46767088799999995
