350	0.063592389
351	0.052524298
352	0.055927372999999996
353	0.058205228
354	0.057572979
355	0.057796497
356	0.058102867999999995
357	0.057491007999999996
358	0.055530079
359	0.056860477
360	0.058144815
361	0.056838807000000005
362	0.054169677
363	0.054513585
364	0.057481784
365	0.055472154
366	0.053777150999999995
367	0.054209365999999995
368	0.057059631
369	0.057441611
370	0.057246767000000004
371	0.059461667999999995
372	0.06017201
373	0.059748702
374	0.059127603
375	0.059337322000000005
376	0.060375097999999995
377	0.061473257999999996
378	0.060364321
379	0.06042299
380	0.061144527000000004
381	0.059918925
382	0.059711494000000004
383	0.061183222
384	0.063763723
385	0.062643588
386	0.062023152000000005
387	0.064312942
388	0.064086847
389	0.064460769
390	0.065951154
391	0.065274753
392	0.065607697
393	0.066590048
394	0.066130735
395	0.066910505
396	0.068183467
397	0.068619773
398	0.06881720599999999
399	0.069237269
400	0.069994077
401	0.070395268
402	0.070413187
403	0.070240438
404	0.07033021
405	0.07093060000000001
406	0.07169514099999999
407	0.071939349
408	0.072446324
409	0.073179193
410	0.073888853
411	0.074288964
412	0.074402489
413	0.074389368
414	0.07455297599999999
415	0.075621717
416	0.07709088900000001
417	0.076548137
418	0.076686092
419	0.077665858
420	0.078480229
421	0.079074457
422	0.079576485
423	0.080166444
424	0.080867171
425	0.081482656
426	0.081935078
427	0.082477152
428	0.083244182
429	0.084168829
430	0.084877849
431	0.08576148
432	0.086737938
433	0.087501816
434	0.088318042
435	0.08910567300000001
436	0.089784876
437	0.090847425
438	0.091822907
439	0.092437133
440	0.09312547
441	0.093898639
442	0.09474612
443	0.095635131
444	0.096437179
445	0.097155511
446	0.09786327199999999
447	0.09858492
448	0.099203184
449	0.099624515
450	0.100102328
451	0.10062249699999999
452	0.10117235
453	0.101864971
454	0.10234759
455	0.102592111
456	0.102937877
457	0.103377253
458	0.103867427
459	0.104325615
460	0.104693055
461	0.105001926
462	0.10531000800000001
463	0.10566096
464	0.106024131
465	0.106364399
466	0.106637403
467	0.106948175
468	0.107276119
469	0.107454091
470	0.107786067
471	0.108293481
472	0.108863764
473	0.10923766300000001
474	0.10956823800000001
475	0.11002909400000001
476	0.110521615
477	0.11096300199999999
478	0.11135076
479	0.111828148
480	0.112454176
481	0.113126636
482	0.113586865
483	0.114075668
484	0.114627726
485	0.11522030800000001
486	0.115908444
487	0.11667367099999999
488	0.117481388
489	0.11827783300000001
490	0.11904042199999999
491	0.119785041
492	0.120566688
493	0.121487774
494	0.122504137
495	0.12345608300000001
496	0.12436845199999999
497	0.125317603
498	0.126359314
499	0.127213463
500	0.128103152
501	0.129188731
502	0.13029328
503	0.131312415
504	0.132260785
505	0.133319333
506	0.134476304
507	0.13567364199999998
508	0.136814401
509	0.13779901
510	0.138748929
511	0.139812246
512	0.140901104
513	0.142048165
514	0.14324337199999998
515	0.144330338
516	0.145444125
517	0.146616399
518	0.147770822
519	0.148907706
520	0.150077924
521	0.15134564
522	0.152603403
523	0.153846428
524	0.155085534
525	0.156305403
526	0.157549486
527	0.158844665
528	0.160207883
529	0.161570445
530	0.162899941
531	0.16419217
532	0.165583283
533	0.16703628
534	0.168461859
535	0.169883743
536	0.17128984600000002
537	0.172688037
538	0.17414768
539	0.175656185
540	0.177190423
541	0.17869782399999998
542	0.180218115
543	0.181748495
544	0.183260068
545	0.18478286300000002
546	0.186316222
547	0.187856153
548	0.189445198
549	0.191086113
550	0.19276993
551	0.19447515899999998
552	0.196223438
553	0.198006928
554	0.199785247
555	0.201629356
556	0.203477904
557	0.20522376899999997
558	0.206905559
559	0.208530217
560	0.21011306300000002
561	0.211691052
562	0.21325734300000002
563	0.21479189399999998
564	0.216247976
565	0.217666119
566	0.21907956899999997
567	0.220507205
568	0.22188673899999997
569	0.223251671
570	0.22464500399999998
571	0.225918323
572	0.227101162
573	0.228252172
574	0.229446113
575	0.23066332899999997
576	0.23187215600000002
577	0.233029321
578	0.234208107
579	0.23536941399999997
580	0.23642930399999998
581	0.23744937800000002
582	0.23845697899999999
583	0.239456415
584	0.240343392
585	0.24121369399999998
586	0.24212169600000003
587	0.243002594
588	0.24387665100000003
589	0.24472408
590	0.245492935
591	0.24623784399999998
592	0.246959612
593	0.24764052
594	0.248256952
595	0.248757824
596	0.24916335899999997
597	0.249742895
598	0.250422239
599	0.251127273
600	0.251800418
601	0.25242385300000003
602	0.253025025
603	0.253657758
604	0.254239798
605	0.254802346
606	0.25537833600000004
607	0.255903333
608	0.256425411
609	0.256952196
610	0.257397532
611	0.257887214
612	0.258418828
613	0.258907855
614	0.259337693
615	0.259759933
616	0.26022714399999997
617	0.260667861
618	0.261100471
619	0.261527091
620	0.261883259
621	0.262282014
622	0.262725055
623	0.263105631
624	0.263498932
625	0.263888448
626	0.264230996
627	0.264540493
628	0.264847398
629	0.265181243
630	0.265560061
631	0.26594397399999997
632	0.266307324
633	0.266636252
634	0.266968757
635	0.267305583
636	0.267627358
637	0.267935485
638	0.268262595
639	0.268627375
640	0.268971682
641	0.269283175
642	0.269574165
643	0.269905984
644	0.27021160699999996
645	0.270491302
646	0.27078855
647	0.2711308
648	0.271463871
649	0.271736085
650	0.272043854
651	0.272361487
652	0.272677124
653	0.273038656
654	0.273381323
655	0.273705184
656	0.274064511
657	0.274355888
658	0.274625093
659	0.27495211399999997
660	0.275284588
661	0.275625736
662	0.275967181
663	0.276244134
664	0.27658218100000004
665	0.276979625
666	0.27729845
667	0.277578115
668	0.277871072
669	0.278225929
670	0.278504342
671	0.2787925
672	0.27916035100000003
673	0.279534519
674	0.27981624
675	0.280045748
676	0.280457526
677	0.280808508
678	0.28110373
679	0.28144154
680	0.281754106
681	0.282053322
682	0.282359987
683	0.282682508
684	0.283032596
685	0.283392996
686	0.28370082399999996
687	0.284022361
688	0.28437826
689	0.284767717
690	0.285140663
691	0.285491735
692	0.285828859
693	0.286162466
694	0.286492437
695	0.286820292
696	0.287143737
697	0.287505925
698	0.287885547
699	0.2882258
700	0.28854903600000004
701	0.288878888
702	0.289230496
703	0.289583325
704	0.28993699
705	0.290302038
706	0.290720016
707	0.291093141
708	0.291403323
709	0.291682541
710	0.292057097
711	0.29247123
712	0.292849183
713	0.293215752
714	0.29357221699999997
715	0.29393228899999996
716	0.29434683899999997
717	0.294672668
718	0.29497060199999997
719	0.29540211
720	0.295751989
721	0.296056598
722	0.296387613
723	0.296730399
724	0.297112972
725	0.297513902
726	0.297823548
727	0.29812941
728	0.298467845
729	0.29885011899999997
730	0.29916834800000003
731	0.299473196
732	0.299823135
733	0.300168365
734	0.300496221
735	0.300804913
736	0.30110079100000003
737	0.301401794
738	0.30170694
739	0.30200830100000003
740	0.302346736
741	0.302679837
742	0.302968711
743	0.303239912
744	0.303501934
745	0.303765297
746	0.30404615399999996
747	0.30435428
748	0.304649889
749	0.304883271
750	0.305151671
751	0.30542627
752	0.305672079
753	0.30588302
754	0.30613115399999996
755	0.306422323
756	0.306688488
757	0.306946486
758	0.307188272
759	0.307402015
760	0.307602644
761	0.307795852
762	0.307987005
763	0.308187693
764	0.308389127
765	0.308582097
766	0.308756679
767	0.30894142399999996
768	0.309137881
769	0.309326172
770	0.309405535
771	0.30950194600000003
772	0.309679657
773	0.309846371
774	0.310001314
775	0.310139388
776	0.31025669
777	0.31034049399999997
778	0.31042689100000004
779	0.310544431
780	0.310641408
781	0.310727
782	0.310809553
783	0.310891062
784	0.31100204600000003
785	0.31111988399999996
786	0.311195552
787	0.311201185
788	0.311222255
789	0.311309993
790	0.311345398
791	0.311381072
792	0.311437786
793	0.31150326100000003
794	0.31152755
795	0.31152015899999996
796	0.311514914
797	0.31154382199999997
798	0.311582327
799	0.311598092
800	0.311537713
801	0.311561882
802	0.31164217
803	0.311619669
804	0.311611831
805	0.311590701
806	0.31152153
807	0.311480314
808	0.311472207
809	0.311467379
810	0.311379492
811	0.311321765
812	0.311298817
813	0.311266959
814	0.31119075399999996
815	0.311117083
816	0.311078399
817	0.311030656
818	0.310998648
819	0.31095317
820	0.310816944
821	0.31078228399999996
822	0.310768187
823	0.310651273
824	0.310529768
825	0.31042543100000003
826	0.31035602100000004
827	0.310354948
828	0.310314298
829	0.310234874
830	0.310169935
831	0.31008637
832	0.310011178
833	0.30995643100000003
834	0.309858203
835	0.309767812
836	0.30970490000000006
837	0.309658647
838	0.309587777
839	0.309498608
840	0.309410423
841	0.309318453
842	0.309242994
843	0.309189826
844	0.309144825
845	0.309046835
846	0.308909565
847	0.30879139899999997
848	0.308772147
849	0.308735907
850	0.308606654
851	0.308505982
852	0.308428824
853	0.308384657
854	0.308391094
855	0.308333457
856	0.308240712
857	0.308171749
858	0.308127046
859	0.30806005
860	0.307973057
861	0.307949126
862	0.307893813
863	0.307798982
864	0.307698548
865	0.307668537
866	0.30765444
867	0.307609409
868	0.307537943
869	0.30746695399999996
870	0.307415575
871	0.30739504100000004
872	0.307372272
873	0.307332873
874	0.307278752
875	0.307250142
876	0.307238847
877	0.307238162
878	0.307243258
879	0.30721271
880	0.307164818
881	0.307132721
882	0.307110965
883	0.307125866
884	0.30717203
885	0.30719164
886	0.307204187
887	0.30719918
888	0.30716893100000003
889	0.30721589899999996
890	0.307266712
891	0.30727765
892	0.307318479
893	0.307372898
894	0.307421505
895	0.30744132399999996
896	0.30743596
897	0.30747988800000003
898	0.307597816
899	0.307623208
900	0.307663262
901	0.30773145
902	0.30776324899999996
903	0.307846636
904	0.307945222
905	0.308003873
906	0.308018506
907	0.308043778
908	0.308107793
909	0.308206469
910	0.308286667
911	0.308375269
912	0.308497161
913	0.308499247
914	0.308561265
915	0.30873310600000003
916	0.308834106
917	0.308890373
918	0.308939397
919	0.30903089
920	0.30920189600000003
921	0.309342682
922	0.309406012
923	0.309491038
924	0.309595913
925	0.30971548
926	0.30983769899999997
927	0.30996909699999997
928	0.310101599
929	0.310232222
930	0.31037417100000003
931	0.310545415
932	0.310692638
933	0.31073522600000003
934	0.310844481
935	0.311013341
936	0.311197072
937	0.311332732
938	0.311479479
939	0.311652541
940	0.311834723
941	0.31200003600000004
942	0.312148482
943	0.312290728
944	0.31245645899999996
945	0.312597334
946	0.312721789
947	0.312884927
948	0.313076377
949	0.31324356800000003
950	0.313353598
951	0.313465595
952	0.313621074
953	0.313830227
954	0.314068645
955	0.31420964
956	0.31433236600000003
957	0.31451889899999996
958	0.314672619
959	0.31482890199999997
960	0.315003723
961	0.315194309
962	0.315368086
963	0.315525353
964	0.315688103
965	0.315924853
966	0.316151261
967	0.316339582
968	0.316518039
969	0.31664753
970	0.316851228
971	0.317195505
972	0.317388892
973	0.317605317
974	0.317852974
975	0.31798288199999997
976	0.318213701
977	0.31847414399999996
978	0.318668008
979	0.31886825
980	0.319074184
981	0.31929943
982	0.319566518
983	0.319803715
984	0.320038587
985	0.32028687
986	0.320443988
987	0.320568413
988	0.320769042
989	0.321173787
990	0.32138952600000004
991	0.321567625
992	0.321860075
993	0.322049856
994	0.322190613
995	0.322377473
996	0.32271862
997	0.322980881
998	0.323143154
999	0.32326227399999996
1000	0.323490292
1001	0.32287669199999997
1002	0.323050976
1003	0.32317593699999997
1004	0.323216587
1005	0.32327503
1006	0.323257536
1007	0.323350608
1008	0.32336264800000003
1009	0.323601812
1010	0.324166715
1011	0.324447721
1012	0.324804842
1013	0.325005174
1014	0.324901074
1015	0.324840933
1016	0.32492160800000003
1017	0.325038344
1018	0.325189203
1019	0.325488269
1020	0.325660557
1021	0.32576945399999996
1022	0.32592532
1023	0.326055527
1024	0.326221496
1025	0.326442719
1026	0.326634765
1027	0.326824754
1028	0.327005863
1029	0.327199161
1030	0.32736966
1031	0.327591717
1032	0.327857465
1033	0.328089774
1034	0.328378618
1035	0.328567386
1036	0.32868579
1037	0.328817219
1038	0.32885378600000004
1039	0.328978151
1040	0.329138249
1041	0.32933026600000004
1042	0.329513371
1043	0.329743981
1044	0.329932153
1045	0.33008661899999997
1046	0.330277473
1047	0.330523461
1048	0.330676973
1049	0.330721945
1050	0.33091124899999996
1051	0.331185728
1052	0.331350058
1053	0.331567854
1054	0.331751317
1055	0.331787288
1056	0.331831068
1057	0.33200979199999997
1058	0.332342803
1059	0.332518131
1060	0.332704574
1061	0.33284238
1062	0.33276039399999996
1063	0.332946181
1064	0.33340427300000003
1065	0.333618969
1066	0.333788157
1067	0.333991617
1068	0.334103346
1069	0.334158272
1070	0.334262669
1071	0.334438145
1072	0.33466666899999997
1073	0.334843308
1074	0.33508727
1075	0.335580796
1076	0.33578410700000005
1077	0.335744411
1078	0.335914403
1079	0.33608526
1080	0.336254179
1081	0.336566597
1082	0.33681437399999997
1083	0.336948514
1084	0.33700084700000005
1085	0.337132305
1086	0.337273121
1087	0.337448329
1088	0.337649107
1089	0.33783245100000003
1090	0.338034213
1091	0.338222325
1092	0.33839005200000005
1093	0.338604093
1094	0.338909835
1095	0.33908087
1096	0.339157164
1097	0.339272261
1098	0.33944624700000003
1099	0.339633077
1100	0.339802712
1101	0.340102136
1102	0.34025085
1103	0.340205044
1104	0.34033423700000004
1105	0.340544403
1106	0.34073481
1107	0.340984911
1108	0.341190875
1109	0.341376334
1110	0.341556221
1111	0.341632605
1112	0.341774046
1113	0.342064708
1114	0.342194706
1115	0.342376649
1116	0.342677265
1117	0.34288909999999995
1118	0.34297516899999997
1119	0.343133032
1120	0.343346864
1121	0.34348642799999995
1122	0.34355393100000003
1123	0.343732119
1124	0.343976885
1125	0.34412208200000005
1126	0.344340265
1127	0.344611079
1128	0.344761699
1129	0.344859391
1130	0.34505054399999996
1131	0.3453044
1132	0.345472217
1133	0.345636189
1134	0.345836639
1135	0.34599074700000004
1136	0.346144348
1137	0.346384376
1138	0.346550941
1139	0.346626163
1140	0.34671965200000004
1141	0.34692704700000004
1142	0.347157031
1143	0.347340584
1144	0.34750375200000005
1145	0.34767735
1146	0.34777888700000004
1147	0.347938508
1148	0.34820497
1149	0.34835773700000006
1150	0.348381758
1151	0.348520428
1152	0.348661214
1153	0.348867297
1154	0.34904080600000004
1155	0.349248946
1156	0.34950438100000003
1157	0.349628389
1158	0.34971258
1159	0.349940985
1160	0.350063264
1161	0.35007795700000005
1162	0.350198984
1163	0.35041782299999996
1164	0.350548536
1165	0.35060492200000004
1166	0.35079398799999995
1167	0.35110998200000004
1168	0.351268917
1169	0.351372302
1170	0.351550311
1171	0.35177680899999997
1172	0.351881981
1173	0.352043509
1174	0.352330208
1175	0.352456868
1176	0.35248374899999996
1177	0.352664769
1178	0.352868825
1179	0.35300201200000003
1180	0.353084564
1181	0.35321527700000005
1182	0.353327245
1183	0.353428155
1184	0.353524446
1185	0.353667915
1186	0.35382258899999997
1187	0.35400894299999996
1188	0.354147494
1189	0.354268581
1190	0.354456455
1191	0.354598165
1192	0.35472887799999997
1193	0.35497677299999997
1194	0.355127662
1195	0.35514208700000005
1196	0.355234951
1197	0.35535660399999996
1198	0.355501235
1199	0.355662584
1200	0.355846196
1201	0.356031805
1202	0.35613241799999995
1203	0.35613685799999995
1204	0.35623312
1205	0.356397927
1206	0.35644763700000004
1207	0.356508017
1208	0.356695086
1209	0.35685268
1210	0.356966764
1211	0.357120514
1212	0.357220232
1213	0.35733255700000005
1214	0.35742583899999997
1215	0.35755986
1216	0.35774210100000003
1217	0.357836276
1218	0.35795432299999996
1219	0.358112603
1220	0.35826242
1221	0.358369946
1222	0.35847154299999995
1223	0.35857924799999996
1224	0.358705461
1225	0.35889396100000004
1226	0.35904195899999997
1227	0.35913822100000004
1228	0.35923042899999996
1229	0.359274954
1230	0.35935273799999995
1231	0.359496415
1232	0.35959124600000003
1233	0.359640688
1234	0.35972720399999997
1235	0.359844595
1236	0.359939784
1237	0.360040009
1238	0.360196233
1239	0.36036402
1240	0.360487014
1241	0.360605061
1242	0.360708594
1243	0.36077210299999996
1244	0.360860288
1245	0.36097070600000003
1246	0.36104112899999996
1247	0.36114540700000003
1248	0.36123830100000004
1249	0.361301064
1250	0.36131411799999996
1251	0.36141645899999997
1252	0.36154180799999996
1253	0.361599952
1254	0.36170131
1255	0.361846894
1256	0.361943513
1257	0.362038165
1258	0.36216411
1259	0.36224964299999995
1260	0.362316012
1261	0.362409592
1262	0.36246258
1263	0.362504631
1264	0.36261159200000004
1265	0.36268913700000005
1266	0.362758785
1267	0.36286550799999995
1268	0.362986714
1269	0.363084316
1270	0.363190413
1271	0.363289595
1272	0.363321811
1273	0.363326162
1274	0.36337816700000003
1275	0.363507003
1276	0.363639504
1277	0.36371091
1278	0.363779336
1279	0.36386013
1280	0.363918126
1281	0.364002138
1282	0.364099711
1283	0.364179432
1284	0.364249527
1285	0.364338964
1286	0.36445373299999995
1287	0.364539415
1288	0.364592314
1289	0.364662737
1290	0.364794254
1291	0.364889979
1292	0.364904612
1293	0.36501517899999997
1294	0.365174681
1295	0.365206718
1296	0.365210056
1297	0.36527624700000005
1298	0.36534711700000005
1299	0.36536902200000004
1300	0.36542537799999997
1301	0.365524471
1302	0.365629256
1303	0.365735501
1304	0.36585331
1305	0.36598113200000004
1306	0.366089493
1307	0.36611011600000004
1308	0.366189241
1309	0.366312653
1310	0.36635026299999995
1311	0.36639425200000003
1312	0.36643126600000003
1313	0.366441578
1314	0.36646491299999995
1315	0.36647287
1316	0.366473675
1317	0.36650049700000004
1318	0.36655852200000005
1319	0.366640896
1320	0.366747111
1321	0.36685180700000003
1322	0.36694914100000003
1323	0.36704564100000003
1324	0.36712995200000004
1325	0.36721423299999995
1326	0.367268831
1327	0.36730331200000005
1328	0.367376596
1329	0.36744180299999996
1330	0.36750569899999996
1331	0.367592752
1332	0.367678374
1333	0.367705196
1334	0.36775487700000004
1335	0.36783766700000003
1336	0.36789766
1337	0.367972136
1338	0.368032724
1339	0.36808297
1340	0.368207723
1341	0.368319899
1342	0.36832270000000006
1343	0.36832529299999994
1344	0.36837127799999997
1345	0.368381917
1346	0.368391305
1347	0.36848002700000004
1348	0.368581355
1349	0.368629366
1350	0.368662179
1351	0.368729025
1352	0.368772149
1353	0.36878135799999995
1354	0.36883679
1355	0.368896902
1356	0.36894002600000003
1357	0.368998855
1358	0.369016856
1359	0.369000345
1360	0.36900609700000003
1361	0.368996292
1362	0.369023234
1363	0.369089633
1364	0.369112283
1365	0.369170815
1366	0.369233042
1367	0.369227618
1368	0.36924856899999997
1369	0.36927962299999995
1370	0.369273484
1371	0.36922383299999995
1372	0.36920082600000004
1373	0.36919713
1374	0.369136333
1375	0.369019538
1376	0.368966818
1377	0.368964881
1378	0.368892014
1379	0.368804455
1380	0.36874517799999995
1381	0.368668884
1382	0.36854884
1383	0.36839535799999995
1384	0.36824613799999995
1385	0.368079603
1386	0.367878586
1387	0.367660493
1388	0.36745333700000005
1389	0.367183834
1390	0.36682212399999997
1391	0.366419822
1392	0.366000056
1393	0.36556071
1394	0.365029544
1395	0.36446279299999995
1396	0.363856733
1397	0.36328026700000005
1398	0.36265263
1399	0.362029731
1400	0.36141005200000004
1401	0.360869527
1402	0.360341817
1403	0.35976436700000003
1404	0.359259307
1405	0.35879197700000004
1406	0.35821148799999997
1407	0.357657403
1408	0.35718110200000003
1409	0.356612474
1410	0.356134236
1411	0.355852664
1412	0.355718195
1413	0.355740905
1414	0.35596662799999995
1415	0.356475472
1416	0.35711032200000004
1417	0.357864171
1418	0.358669609
1419	0.359362215
1420	0.36004036700000003
1421	0.360675752
1422	0.361215025
1423	0.361647069
1424	0.36207372
1425	0.362455815
1426	0.36276376200000005
1427	0.36301559200000005
1428	0.36326015
1429	0.363457769
1430	0.36357417700000005
1431	0.363704085
1432	0.363852441
1433	0.363962501
1434	0.36406526
1435	0.364155412
1436	0.364272475
1437	0.36440143
1438	0.36447480299999996
1439	0.36455971
1440	0.364672095
1441	0.364755899
1442	0.364821613
1443	0.36491248
1444	0.36500561200000003
1445	0.36504212
1446	0.365081131
1447	0.365142763
1448	0.365148753
1449	0.36518684
1450	0.36522099399999997
1451	0.36526185299999997
1452	0.36531356
1453	0.365383744
1454	0.36545327299999997
1455	0.365514904
1456	0.365611941
1457	0.365671843
1458	0.36570096
1459	0.365732551
1460	0.365759939
1461	0.365809053
1462	0.365866989
1463	0.365914911
1464	0.36597952200000006
1465	0.366086245
1466	0.36618241700000004
1467	0.366238534
1468	0.366299421
1469	0.366360754
1470	0.366428792
1471	0.36651292399999996
1472	0.366606891
1473	0.366688192
1474	0.36675012100000004
1475	0.36687210200000003
1476	0.36701360299999997
1477	0.367105484
1478	0.36719635100000003
1479	0.36731442799999997
1480	0.36745551200000004
1481	0.367552549
1482	0.36763665100000004
1483	0.367740065
1484	0.36782831
1485	0.367845714
1486	0.36793071
1487	0.368075311
1488	0.368192285
1489	0.368320107
1490	0.368415564
1491	0.36848402
1492	0.368571311
1493	0.368635744
1494	0.368717223
1495	0.368841201
1496	0.368976295
1497	0.36911615700000006
1498	0.36930012700000003
1499	0.369495511
1500	0.36969322
1501	0.369870067
1502	0.370029926
1503	0.370223194
1504	0.370373547
1505	0.370519221
1506	0.370687783
1507	0.37079981
1508	0.37095773200000004
1509	0.371157974
1510	0.371285409
1511	0.371384978
1512	0.37153285700000005
1513	0.371654361
1514	0.371704459
1515	0.371806294
1516	0.37193560600000003
1517	0.371997178
1518	0.372046262
1519	0.37213096
1520	0.372214705
1521	0.372314394
1522	0.37244185799999996
1523	0.372567773
1524	0.37273407
1525	0.372843951
1526	0.37289664100000003
1527	0.372980177
1528	0.373054534
1529	0.37313333200000004
1530	0.373260081
1531	0.373341501
1532	0.373383284
1533	0.37343150399999997
1534	0.373448491
1535	0.373484194
1536	0.37355116
1537	0.37363427899999996
1538	0.373736203
1539	0.373795062
1540	0.373829335
1541	0.37392488100000004
1542	0.373963445
1543	0.374004066
1544	0.374131083
1545	0.37415528299999995
1546	0.374161005
1547	0.37425109700000003
1548	0.374306679
1549	0.37434691200000003
1550	0.374386221
1551	0.37441137399999996
1552	0.37445530299999996
1553	0.374507129
1554	0.374565989
1555	0.374624312
1556	0.374669969
1557	0.37472719
1558	0.37480852
1559	0.37486970399999997
1560	0.37490704700000005
1561	0.37496650200000003
1562	0.375023693
1563	0.37507659200000004
1564	0.375125021
1565	0.37516242299999997
1566	0.375226945
1567	0.37530487799999995
1568	0.375368595
1569	0.37543413
1570	0.375474066
1571	0.375442713
1572	0.375422865
1573	0.37543693200000006
1574	0.375446051
1575	0.37551108
1576	0.375556409
1577	0.375602275
1578	0.37565165799999994
1579	0.375713676
1580	0.375766337
1581	0.375827223
1582	0.375864387
1583	0.37586411799999997
1584	0.37589511299999995
1585	0.375950247
1586	0.37597996
1587	0.376000524
1588	0.376045048
1589	0.376090556
1590	0.376104861
1591	0.376121372
1592	0.37616455600000004
1593	0.37619277799999995
1594	0.37619859
1595	0.376212686
1596	0.37625691299999997
1597	0.37626400600000004
1598	0.376299679
1599	0.376428604
1600	0.376485258
1601	0.37646395
1602	0.376502842
1603	0.376555026
1604	0.376585871
1605	0.376609355
1606	0.376571447
1607	0.37652975299999997
1608	0.37653029
1609	0.376544565
1610	0.37654137600000004
1611	0.37652856100000004
1612	0.376568794
1613	0.37661945799999996
1614	0.376666486
1615	0.376710713
1616	0.37672573299999995
1617	0.37672278299999995
1618	0.37671476600000003
1619	0.376759589
1620	0.37678083799999995
1621	0.37673881600000003
1622	0.37676438700000003
1623	0.37680959700000005
1624	0.376835525
1625	0.37689173200000003
1626	0.376911789
1627	0.37689080799999997
1628	0.376901329
1629	0.3769117
1630	0.376896322
1631	0.37690746799999997
1632	0.37691125299999995
1633	0.37692859799999995
1634	0.37699878200000003
1635	0.37703502200000005
1636	0.377041519
1637	0.377055705
1638	0.377075076
1639	0.37714049200000005
1640	0.37719827899999997
1641	0.37718504700000005
1642	0.37712413100000003
1643	0.37708759299999994
1644	0.377131283
1645	0.377157718
1646	0.377127826
1647	0.37713623
1648	0.377147079
1649	0.377124399
1650	0.37717205299999995
1651	0.377213567
1652	0.377178639
1653	0.37716692700000004
1654	0.377207786
1655	0.37727344
1656	0.377311885
1657	0.37735194
1658	0.37739008700000004
1659	0.377365589
1660	0.377322823
1661	0.377320141
1662	0.37733870700000005
1663	0.377378583
1664	0.377466559
1665	0.377528697
1666	0.37756848299999995
1667	0.377626866
1668	0.377639115
1669	0.377608061
1670	0.37754643
1671	0.37752422700000005
1672	0.37754988700000003
1673	0.377550215
1674	0.37760379899999996
1675	0.37763387
1676	0.377585858
1677	0.37757912299999996
1678	0.37759941799999996
1679	0.37758702
1680	0.377549618
1681	0.377525777
1682	0.377514333
1683	0.377522707
1684	0.377540141
1685	0.37753930700000005
1686	0.377525836
1687	0.37748813600000003
1688	0.37749493100000003
1689	0.377538562
1690	0.37751665700000003
1691	0.377494425
1692	0.37749099700000005
1693	0.377456933
1694	0.37745621799999995
1695	0.377472669
1696	0.37740564299999996
1697	0.37735822799999996
1698	0.37740975600000004
1699	0.37743392600000003
1700	0.377438724
1701	0.377425224
1702	0.37739962299999996
1703	0.377409041
1704	0.377370656
1705	0.37739443799999994
1706	0.37747976200000005
1707	0.37745326799999995
1708	0.37746042
1709	0.377525359
1710	0.377507091
1711	0.37745848299999996
1712	0.37744870799999997
1713	0.37746006299999996
1714	0.377447963
1715	0.377428263
1716	0.377401531
1717	0.377341419
1718	0.377269179
1719	0.377194941
1720	0.37713134299999995
1721	0.37711015299999995
1722	0.37710499799999997
1723	0.37710717299999996
1724	0.377138585
1725	0.37713894200000003
1726	0.37709221200000004
1727	0.377045721
1728	0.377030194
1729	0.37703225
1730	0.376995414
1731	0.37692135600000004
1732	0.376838028
1733	0.376774758
1734	0.37673676
1735	0.376687944
1736	0.376636088
1737	0.376600266
1738	0.37654948200000005
1739	0.37647685399999997
1740	0.376441866
1741	0.376431257
1742	0.376391441
1743	0.376339704
1744	0.376306415
1745	0.37625557200000004
1746	0.37618339100000003
1747	0.376197696
1748	0.376197457
1749	0.37610986799999996
1750	0.376075625
1751	0.37602719700000004
1752	0.375978827
1753	0.376003385
1754	0.375929356
1755	0.37585640000000003
1756	0.375797421
1757	0.37573376299999994
1758	0.375655442
1759	0.37556734700000005
1760	0.375490159
1761	0.37541189799999997
1762	0.375265151
1763	0.37519833399999997
1764	0.37518483399999997
1765	0.375260383
1766	0.37531203
1767	0.37527468799999997
1768	0.375252992
1769	0.375201344
1770	0.375116169
1771	0.37510317600000004
1772	0.37507683
1773	0.37502652399999997
1774	0.37501549700000003
1775	0.375050902
1776	0.37509021200000003
1777	0.375002205
1778	0.374884307
1779	0.374893308
1780	0.37487587299999997
1781	0.37477541
1782	0.37471783200000003
1783	0.374650389
1784	0.37454423299999995
1785	0.374533236
1786	0.374626786
1787	0.374593884
1788	0.374435544
1789	0.37445756799999996
1790	0.374545038
1791	0.374558181
1792	0.37464523299999997
1793	0.374675274
1794	0.374603361
1795	0.374628067
1796	0.37467020799999995
1797	0.374627858
1798	0.374576271
1799	0.374534369
1800	0.374562532
1801	0.37347853200000003
1802	0.37418988299999995
1803	0.374697775
1804	0.37515348200000004
1805	0.375451565
1806	0.375715762
1807	0.375914901
1808	0.37603423
1809	0.37612971700000003
1810	0.37628269200000003
1811	0.376611948
1812	0.376732588
1813	0.37670967
1814	0.37676715899999996
1815	0.37685552200000005
1816	0.37682902799999995
1817	0.37685710200000005
1818	0.376818925
1819	0.376848251
1820	0.376817763
1821	0.376917273
1822	0.377153099
1823	0.377435952
1824	0.377410918
1825	0.37718266200000006
1826	0.377257109
1827	0.37748324899999997
1828	0.37752828
1829	0.37772688299999996
1830	0.37783026700000005
1831	0.377742529
1832	0.377601236
1833	0.37757992700000004
1834	0.377682179
1835	0.37787771200000003
1836	0.377958477
1837	0.378007859
1838	0.378115118
1839	0.37820950200000003
1840	0.37823447600000004
1841	0.378153086
1842	0.378284037
1843	0.37857008
1844	0.378704816
1845	0.37880814100000004
1846	0.37892139
1847	0.37887767
1848	0.378934771
1849	0.379053742
1850	0.379333377
1851	0.379311621
1852	0.37931433299999995
1853	0.37953060899999996
1854	0.37949118
1855	0.37941041600000003
1856	0.37931022
1857	0.379412651
1858	0.37952494600000003
1859	0.379477441
1860	0.379689425
1861	0.37970644200000003
1862	0.379313171
1863	0.379187107
1864	0.379350543
1865	0.379351795
1866	0.37925633799999997
1867	0.379145354
1868	0.379027486
1869	0.378779233
1870	0.37846756
1871	0.37834364200000004
1872	0.378379375
1873	0.378316879
1874	0.378262311
1875	0.378169298
1876	0.37818452700000005
1877	0.377895534
1878	0.377483726
1879	0.377219349
1880	0.376870275
1881	0.376475066
1882	0.376160502
1883	0.37574890299999997
1884	0.375362605
1885	0.374992579
1886	0.374641299
1887	0.374160141
1888	0.373636961
1889	0.372997731
1890	0.37231913200000005
1891	0.37171334
1892	0.37105944799999996
1893	0.37029826600000004
1894	0.369475991
1895	0.368673056
1896	0.367806941
1897	0.366893232
1898	0.36601090399999997
1899	0.365117043
1900	0.364016801
1901	0.36297985899999996
1902	0.362039179
1903	0.360956281
1904	0.359912157
1905	0.358903617
1906	0.35787063799999996
1907	0.356758475
1908	0.35577756200000005
1909	0.354697287
1910	0.353621721
1911	0.35282284
1912	0.351958424
1913	0.35107240100000003
1914	0.350383848
1915	0.349779636
1916	0.349171489
1917	0.348673105
1918	0.34828463200000004
1919	0.347730905
1920	0.34718477700000006
1921	0.34692952
1922	0.34670639
1923	0.346327275
1924	0.345982015
1925	0.345751464
1926	0.345432818
1927	0.34513598700000003
1928	0.34503722200000003
1929	0.344884187
1930	0.344509721
1931	0.344202071
1932	0.34404364200000004
1933	0.344019711
1934	0.34402015799999996
1935	0.34398213
1936	0.343922049
1937	0.343869328
1938	0.34378403399999996
1939	0.34378764
1940	0.343799055
1941	0.34373185
1942	0.343686193
1943	0.34368395799999996
1944	0.34370932
1945	0.343673587
1946	0.34369808399999996
1947	0.343798131
1948	0.343950748
1949	0.34392535700000004
1950	0.343838394
1951	0.343855321
1952	0.343883455
1953	0.34398862700000005
1954	0.34425330200000004
1955	0.34443956600000003
1956	0.344650954
1957	0.34486737799999995
1958	0.34499117700000004
1959	0.34510502200000004
1960	0.34508401200000005
1961	0.345271021
1962	0.345577717
1963	0.34585493799999995
1964	0.346203059
1965	0.346438617
1966	0.346407294
1967	0.34648603200000005
1968	0.34663251
1969	0.34684357
1970	0.3471573
1971	0.347179532
1972	0.34737405200000004
1973	0.347700775
1974	0.347916633
1975	0.348140359
1976	0.34836751200000005
1977	0.348548949
1978	0.34875193200000004
1979	0.348963618
1980	0.34923577299999997
1981	0.349545628
1982	0.34982386200000004
1983	0.35010784899999997
1984	0.350454926
1985	0.350798994
1986	0.351042211
1987	0.35136005299999995
1988	0.351738185
1989	0.351977855
1990	0.35228461
1991	0.352625221
1992	0.353037059
1993	0.353313386
1994	0.35351592299999995
1995	0.35379347200000005
1996	0.35424974600000003
1997	0.354601622
1998	0.354941964
1999	0.355374336
2000	0.35563278200000004
2001	0.355945468
2002	0.356285006
2003	0.356732816
2004	0.357139319
2005	0.357475042
2006	0.357888848
2007	0.35855972799999997
2008	0.35933575
2009	0.359568715
2010	0.35970035200000006
2011	0.36019614299999997
2012	0.360737085
2013	0.36114451299999994
2014	0.36183813200000003
2015	0.36235439799999997
2016	0.36259394899999997
2017	0.362817347
2018	0.36297932299999996
2019	0.36350974399999997
2020	0.363897026
2021	0.363968074
2022	0.364327699
2023	0.36497274
2024	0.36541852399999997
2025	0.36573213299999996
2026	0.366146445
2027	0.366680622
2028	0.36703828
2029	0.36726933700000003
2030	0.36763462399999997
2031	0.368015766
2032	0.36838245399999997
2033	0.36871379600000004
2034	0.369052857
2035	0.369325101
2036	0.369549185
2037	0.36991527700000004
2038	0.37037062600000004
2039	0.370795757
2040	0.371275216
2041	0.371668965
2042	0.372060359
2043	0.37242826799999995
2044	0.372759104
2045	0.373012215
2046	0.37343806
2047	0.37378779100000004
2048	0.37380144
2049	0.37398931399999996
2050	0.37424951799999995
2051	0.374401748
2052	0.374580801
2053	0.37504693899999997
2054	0.375249028
2055	0.375131935
2056	0.375264913
2057	0.37549158899999996
2058	0.375701368
2059	0.37581995100000004
2060	0.37603172700000004
2061	0.376235306
2062	0.376275986
2063	0.376487106
2064	0.376660764
2065	0.37677797700000004
2066	0.376740187
2067	0.37697902299999997
2068	0.37739408
2069	0.377610266
2070	0.377876252
2071	0.378085822
2072	0.37822338899999997
2073	0.37845203299999997
2074	0.378779739
2075	0.378928334
2076	0.378967166
2077	0.379244924
2078	0.37936034799999996
2079	0.37939354799999997
2080	0.379543155
2081	0.379730701
2082	0.379865587
2083	0.380115211
2084	0.38027730600000004
2085	0.38036105
2086	0.380322129
2087	0.38042265200000003
2088	0.38059276299999995
2089	0.38084629200000003
2090	0.38102331799999994
2091	0.38106823
2092	0.380969822
2093	0.38098073
2094	0.38085246100000003
2095	0.380846232
2096	0.38093528200000004
2097	0.381127447
2098	0.381498754
2099	0.38164365299999997
2100	0.381692439
2101	0.381914675
2102	0.38181313899999997
2103	0.381704241
2104	0.382054925
2105	0.38226434600000003
2106	0.38247683600000004
2107	0.38285321
2108	0.38310089700000005
2109	0.383202761
2110	0.383319855
2111	0.38340458299999997
2112	0.383516729
2113	0.383589536
2114	0.383712262
2115	0.383826435
2116	0.384036183
2117	0.384292543
2118	0.38456472799999997
2119	0.384849072
2120	0.38494086299999997
2121	0.38515678
2122	0.385421365
2123	0.385617375
2124	0.38583725700000004
2125	0.386033058
2126	0.38607153299999997
2127	0.386220247
2128	0.386462897
2129	0.386659205
2130	0.386974871
2131	0.38714104899999996
2132	0.387161762
2133	0.387230873
2134	0.387376845
2135	0.387318701
2136	0.387312204
2137	0.387366265
2138	0.387331724
2139	0.387234598
2140	0.38705945
2141	0.38678678899999996
2142	0.386604726
2143	0.386311561
2144	0.386139691
2145	0.386175841
2146	0.386098891
2147	0.38603645600000003
2148	0.38585892299999996
2149	0.38558000299999995
2150	0.385290831
2151	0.385073185
2152	0.384748816
2153	0.384394169
2154	0.383957118
2155	0.383531123
2156	0.38298293899999997
2157	0.38249591
2158	0.38205286899999996
2159	0.38157662700000006
2160	0.381107181
2161	0.380515307
2162	0.379923135
2163	0.37927162600000003
2164	0.37830624
2165	0.37757197
2166	0.376899153
2167	0.376462519
2168	0.375786275
2169	0.375075579
2170	0.37445607799999997
2171	0.373548031
2172	0.372682601
2173	0.37189069399999997
2174	0.371030211
2175	0.36982095200000004
2176	0.36906638700000005
2177	0.36883282700000003
2178	0.367996156
2179	0.36697047899999996
2180	0.366077185
2181	0.364772499
2182	0.36374256
2183	0.36321032
2184	0.362372965
2185	0.36132425100000004
2186	0.36025500299999996
2187	0.35945925100000004
2188	0.35876494600000003
2189	0.358209968
2190	0.357553959
2191	0.356912613
2192	0.35602173200000004
2193	0.35554200399999997
2194	0.355407804
2195	0.355029583
2196	0.35465467
2197	0.354331136
2198	0.353768378
2199	0.353597283
2200	0.35394024799999996
2201	0.35391894
2202	0.353863955
2203	0.35380524399999996
2204	0.353570074
2205	0.35327217
2206	0.35330951200000005
2207	0.353545606
2208	0.35350307799999997
2209	0.353707045
2210	0.35408079600000003
2211	0.354501963
2212	0.354987293
2213	0.35585469
2214	0.35644671299999997
2215	0.356887907
2216	0.357380152
2217	0.357833356
2218	0.358334094
2219	0.358908176
2220	0.359336019
2221	0.359677136
2222	0.36013418399999997
2223	0.36064738
2224	0.361003935
2225	0.361394554
2226	0.361586571
2227	0.362180978
2228	0.362764597
2229	0.363057256
2230	0.36335095799999995
2231	0.363415152
2232	0.363313049
2233	0.363513976
2234	0.36442017600000004
2235	0.36444711700000004
2236	0.363714039
2237	0.363815635
2238	0.364170372
2239	0.36412856
2240	0.364404589
2241	0.364471197
2242	0.36381155299999995
2243	0.363721013
2244	0.364360034
2245	0.364316672
2246	0.36360976100000003
2247	0.363602906
2248	0.363700449
2249	0.364030391
2250	0.364083111
2251	0.363931626
2252	0.363664508
2253	0.363347828
2254	0.36352977200000003
2255	0.363933057
2256	0.364126235
2257	0.36397633
2258	0.36411255600000003
2259	0.364623845
2260	0.36464670299999996
2261	0.364223659
2262	0.364254415
2263	0.364530146
2264	0.364458561
2265	0.364376575
2266	0.364354789
2267	0.364072949
2268	0.363797039
2269	0.363547415
2270	0.363597482
2271	0.363771021
2272	0.36373829799999996
2273	0.36388993299999994
2274	0.364094675
2275	0.3636913
2276	0.36335933200000003
2277	0.363613009
2278	0.363524705
2279	0.363119185
2280	0.362986177
2281	0.362996995
2282	0.362915754
2283	0.36261645
2284	0.362321436
2285	0.36227902799999995
2286	0.362134367
2287	0.36182048899999997
2288	0.361788094
2289	0.361680806
2290	0.36098855700000004
2291	0.360832572
2292	0.36147293399999997
2293	0.36144208899999997
2294	0.36096856
2295	0.36069011700000003
2296	0.36018955700000005
2297	0.360005289
2298	0.36026948700000005
2299	0.36021280299999997
2300	0.359932542
2301	0.359871089
2302	0.359652609
2303	0.359762996
2304	0.360121101
2305	0.360326111
2306	0.360060006
2307	0.35952845200000005
2308	0.359117955
2309	0.35883551799999996
2310	0.358676255
2311	0.358464181
2312	0.358079672
2313	0.357643485
2314	0.357204199
2315	0.356741905
2316	0.356443226
2317	0.356369495
2318	0.355909705
2319	0.35520789
2320	0.35504871600000004
2321	0.355028719
2322	0.35459718100000004
2323	0.354479194
2324	0.354155272
2325	0.35303098
2326	0.352484256
2327	0.352275699
2328	0.352279395
2329	0.35268363399999997
2330	0.352801472
2331	0.35311171399999997
2332	0.35321173100000003
2333	0.35286548700000003
2334	0.352664828
2335	0.352626681
2336	0.352540195
2337	0.35220795899999996
2338	0.35217437100000004
2339	0.352210552
2340	0.35224551
2341	0.352075249
2342	0.35189631600000004
2343	0.352018505
2344	0.351878166
2345	0.351858079
2346	0.35225057600000004
2347	0.352316797
2348	0.352027446
2349	0.351968855
2350	0.351691276
2351	0.351219803
2352	0.351483345
2353	0.351677835
2354	0.35100340799999996
2355	0.35065171100000003
2356	0.35088226200000006
2357	0.350768536
2358	0.350781322
2359	0.350642145
2360	0.35002195799999997
2361	0.350082815
2362	0.350863397
2363	0.350781083
2364	0.350584596
2365	0.350613058
2366	0.35013002200000004
2367	0.349828064
2368	0.35020026600000004
2369	0.349918306
2370	0.34857094299999997
2371	0.34820318200000006
2372	0.34865915799999997
2373	0.348417789
2374	0.34801968899999997
2375	0.34807655200000004
2376	0.347861618
2377	0.347223997
2378	0.346690357
2379	0.34624546799999995
2380	0.345871538
2381	0.34527394200000006
2382	0.34453362200000004
2383	0.344376385
2384	0.344361126
2385	0.343643785
2386	0.34357684899999996
2387	0.34358528299999996
2388	0.34297093700000003
2389	0.342725754
2390	0.342285037
2391	0.34223181
2392	0.34208092100000004
2393	0.34118211299999995
2394	0.341466635
2395	0.342217207
2396	0.342187941
2397	0.34258455
2398	0.343068928
2399	0.34291604200000003
2400	0.34241113100000004
2401	0.34219929600000004
2402	0.343061268
2403	0.343693972
2404	0.34337306
2405	0.343068928
2406	0.34277889100000003
2407	0.342581928
2408	0.343052626
2409	0.34387657
2410	0.344264835
2411	0.343889117
2412	0.343180925
2413	0.34276545
2414	0.34235853
2415	0.34185451299999997
2416	0.34149810700000005
2417	0.34143883
2418	0.341489017
2419	0.34111219600000003
2420	0.34074199200000005
2421	0.340484113
2422	0.340147197
2423	0.34033224
2424	0.340178281
2425	0.33905351200000006
2426	0.338737041
2427	0.33879318799999997
2428	0.33838462799999997
2429	0.33845949200000003
2430	0.338351846
2431	0.338044852
2432	0.338112444
2433	0.33796078
2434	0.338156074
2435	0.337700248
2436	0.336596787
2437	0.336093634
2438	0.335540295
2439	0.335571587
2440	0.335972458
2441	0.336133987
2442	0.33691680399999996
2443	0.337111175
2444	0.336942941
2445	0.33663427799999995
2446	0.33554005600000003
2447	0.335585356
2448	0.33662903299999997
2449	0.336465776
2450	0.335943073
2451	0.335909516
2452	0.335760832
2453	0.335128129
2454	0.334109396
2455	0.33450982
2456	0.334892601
2457	0.33502838
2458	0.337463945
2459	0.33766770399999996
2460	0.33548343199999997
2461	0.334518582
2462	0.332863688
2463	0.33306545
2464	0.33535709999999996
2465	0.335243374
2466	0.335092098
2467	0.33481842300000003
2468	0.332018763
2469	0.33115539
2470	0.33194345199999997
2471	0.33196651899999996
2472	0.332909703
2473	0.332648396
2474	0.33034813399999996
2475	0.330917984
2476	0.333206892
2477	0.33332779999999995
2478	0.334572524
2479	0.335472077
2480	0.33289271600000003
2481	0.333123654
2482	0.33750847
2483	0.338263363
2484	0.33708939
2485	0.336877763
2486	0.336276084
2487	0.33398756399999996
2488	0.327612549
2489	0.328920096
2490	0.336731434
2491	0.336539239
2492	0.336759061
2493	0.339157462
2494	0.334969908
2495	0.33301064399999997
2496	0.33905655100000004
2497	0.341310561
2498	0.33659881399999997
2499	0.33481231300000003
2500	0.338164002
