350	0.17562615899999998
351	0.169894367
352	0.17008225600000001
353	0.169296041
354	0.16829082399999998
355	0.17114293600000002
356	0.17164591
357	0.17010112100000002
358	0.16854623
359	0.169486418
360	0.17120395600000002
361	0.17168717100000003
362	0.168507457
363	0.16793084100000003
364	0.17058183300000002
365	0.168588921
366	0.16865000100000002
367	0.17098286699999998
368	0.17243129
369	0.172598079
370	0.17312181
371	0.175638422
372	0.17667982
373	0.176932156
374	0.17733584300000002
375	0.178017333
376	0.17929378199999998
377	0.18070323800000002
378	0.18035249399999997
379	0.180946007
380	0.18207505300000001
381	0.181653425
382	0.18257632899999998
383	0.184640065
384	0.186684236
385	0.186822608
386	0.187042564
387	0.188603267
388	0.18955813300000002
389	0.19087705
390	0.192538574
391	0.192951128
392	0.19424426600000003
393	0.195859179
394	0.195879668
395	0.19688502
396	0.19853127
397	0.19985307800000002
398	0.200787842
399	0.201802865
400	0.203036264
401	0.203569442
402	0.20394212
403	0.20454183199999998
404	0.20565077699999998
405	0.20696996199999998
406	0.20820000800000002
407	0.209026784
408	0.21024864899999998
409	0.21161456399999998
410	0.212675795
411	0.213401332
412	0.214010134
413	0.214682803
414	0.215307802
415	0.21685804399999997
416	0.219000742
417	0.219502985
418	0.220417112
419	0.22196953
420	0.223573253
421	0.224909589
422	0.22611710399999999
423	0.227447167
424	0.2289913
425	0.230536535
426	0.231925607
427	0.233141065
428	0.23476079100000002
429	0.236690417
430	0.23784573399999998
431	0.239371479
432	0.241272971
433	0.243020028
434	0.24477759
435	0.24647802100000002
436	0.24807342899999998
437	0.249927118
438	0.251859695
439	0.253701508
440	0.255418569
441	0.25710642300000003
442	0.258821368
443	0.260584831
444	0.262191802
445	0.26368817699999997
446	0.26523909
447	0.266665101
448	0.26795724
449	0.26916039
450	0.270390868
451	0.271652699
452	0.272939533
453	0.274300963
454	0.27550390399999997
455	0.276516378
456	0.27753368
457	0.278532416
458	0.279551089
459	0.280642122
460	0.281648666
461	0.28255894800000003
462	0.283406049
463	0.284227252
464	0.285054326
465	0.28589400600000003
466	0.28670296100000003
467	0.287511557
468	0.288272083
469	0.28882333600000004
470	0.289607465
471	0.290599644
472	0.291574866
473	0.29246071
474	0.293344229
475	0.294309735
476	0.295291394
477	0.29621008
478	0.297067702
479	0.298023313
480	0.299109846
481	0.300215036
482	0.30107978
483	0.30214697100000004
484	0.30334422
485	0.304454118
486	0.305704743
487	0.307007343
488	0.308272421
489	0.30957201100000004
490	0.310801387
491	0.311970949
492	0.31327280399999996
493	0.314720005
494	0.31624198
495	0.31768229600000003
496	0.319061041
497	0.320497185
498	0.322093278
499	0.323553026
500	0.32502228
501	0.326607138
502	0.328157663
503	0.329615653
504	0.331028163
505	0.332612455
506	0.334215671
507	0.33581236
508	0.337433428
509	0.33892983200000004
510	0.340351701
511	0.34180474299999997
512	0.34336826200000004
513	0.345013529
514	0.346663445
515	0.34810829200000004
516	0.34963181600000004
517	0.35130208700000004
518	0.35297238799999997
519	0.354511529
520	0.356015414
521	0.357670069
522	0.359296083
523	0.36091780700000003
524	0.362581849
525	0.36427623
526	0.36596682700000005
527	0.367641956
528	0.369350612
529	0.371105343
530	0.372875303
531	0.37459200600000003
532	0.376431048
533	0.378318965
534	0.380122632
535	0.38199120799999997
536	0.38383495799999995
537	0.385609388
538	0.387518793
539	0.38945627200000005
540	0.391384959
541	0.393379629
542	0.39533996600000004
543	0.39727121600000004
544	0.39923316200000003
545	0.401210546
546	0.40324506200000004
547	0.40536022200000005
548	0.40740680700000004
549	0.409502655
550	0.411723047
551	0.413985252
552	0.41630420100000004
553	0.418700814
554	0.42122259700000003
555	0.42369329899999997
556	0.426092952
557	0.42846784
558	0.43072441200000006
559	0.43285998700000006
560	0.434924364
561	0.437071651
562	0.439214945
563	0.441284657
564	0.443246126
565	0.44518557200000003
566	0.447139591
567	0.449092984
568	0.450984716
569	0.452842891
570	0.45470956
571	0.45647147299999996
572	0.458112985
573	0.459668607
574	0.461278409
575	0.46294757700000005
576	0.46463725
577	0.466260612
578	0.467860192
579	0.46939927299999995
580	0.47082170799999995
581	0.472194999
582	0.473591834
583	0.47503525
584	0.476273805
585	0.477450728
586	0.478664607
587	0.479855835
588	0.481078625
589	0.48226851200000004
590	0.483259439
591	0.484294027
592	0.48532146200000004
593	0.48620972
594	0.486981004
595	0.487640381
596	0.48823621899999997
597	0.488971859
598	0.489850044
599	0.490806401
600	0.49171558
601	0.492530614
602	0.493313789
603	0.49418175200000003
604	0.494947016
605	0.495664775
606	0.496410578
607	0.497132719
608	0.497849017
609	0.498550981
610	0.499157012
611	0.499817312
612	0.50052011
613	0.501149118
614	0.501777351
615	0.502408564
616	0.503028691
617	0.503648996
618	0.504225314
619	0.504748106
620	0.50531131
621	0.505881548
622	0.506436586
623	0.506961942
624	0.507526815
625	0.5080778
626	0.508531988
627	0.509010255
628	0.5095101
629	0.510009587
630	0.510471761
631	0.510977447
632	0.511532784
633	0.5120335220000001
634	0.512515426
635	0.512994528
636	0.51347816
637	0.513931692
638	0.514427483
639	0.515011847
640	0.515542924
641	0.516009331
642	0.516439021
643	0.5169308189999999
644	0.517395973
645	0.517831981
646	0.51829052
647	0.518812239
648	0.519338191
649	0.519800365
650	0.5202320810000001
651	0.520698428
652	0.521225512
653	0.521753669
654	0.52225703
655	0.522749484
656	0.523282409
657	0.523736894
658	0.52414602
659	0.524583161
660	0.525020897
661	0.525497675
662	0.52601546
663	0.526458681
664	0.526955605
665	0.5274983639999999
666	0.5279310939999999
667	0.528359056
668	0.528809667
669	0.529277682
670	0.5296587939999999
671	0.530087173
672	0.530639172
673	0.531105638
674	0.5314756629999999
675	0.531829655
676	0.5323871370000001
677	0.532861173
678	0.533265471
679	0.533728063
680	0.5341486329999999
681	0.534549475
682	0.534960449
683	0.535365045
684	0.535804749
685	0.53627938
686	0.536732435
687	0.537150145
688	0.537582755
689	0.538106859
690	0.5385517479999999
691	0.538933635
692	0.539310694
693	0.539747715
694	0.540156186
695	0.540523946
696	0.540969551
697	0.541409492
698	0.541814744
699	0.542180896
700	0.54259342
701	0.542995751
702	0.543332875
703	0.54368943
704	0.5440711979999999
705	0.54447937
706	0.5449298020000001
707	0.545311093
708	0.545612514
709	0.545888305
710	0.54627651
711	0.546699464
712	0.547065198
713	0.547446191
714	0.54780972
715	0.548151433
716	0.548532486
717	0.548819244
718	0.549095392
719	0.549548209
720	0.549885094
721	0.55014956
722	0.550443411
723	0.550801456
724	0.551175058
725	0.551521719
726	0.551805794
727	0.552105486
728	0.552431047
729	0.5527579189999999
730	0.553038836
731	0.553331494
732	0.553681314
733	0.553989768
734	0.554285884
735	0.55458343
736	0.554861724
737	0.555160224
738	0.555456996
739	0.555710852
740	0.556050897
741	0.556399822
742	0.556673348
743	0.5568932289999999
744	0.557111979
745	0.5573599929999999
746	0.557643831
747	0.55794543
748	0.558218896
749	0.558423817
750	0.558708012
751	0.559023857
752	0.559298635
753	0.559457064
754	0.55967927
755	0.5599910020000001
756	0.5602464079999999
757	0.560500205
758	0.5607613920000001
759	0.561021805
760	0.561240077
761	0.561426699
762	0.561605632
763	0.561823606
764	0.562034845
765	0.562232077
766	0.562440038
767	0.562680364
768	0.562932849
769	0.563153982
770	0.563239872
771	0.563358009
772	0.5635972020000001
773	0.563858569
774	0.564072847
775	0.564233959
776	0.564383149
777	0.564516544
778	0.564679801
779	0.564898431
780	0.5650715829999999
781	0.565255225
782	0.565450549
783	0.56555301
784	0.565728962
785	0.565962076
786	0.566149235
787	0.566228569
788	0.566341281
789	0.566568017
790	0.566677094
791	0.5668047070000001
792	0.566994667
793	0.567192018
794	0.56732738
795	0.5674188139999999
796	0.567519546
797	0.567664146
798	0.5678343770000001
799	0.567987025
800	0.568012655
801	0.568141937
802	0.568372965
803	0.56854248
804	0.5686907170000001
805	0.568795323
806	0.568845391
807	0.568911195
808	0.569052517
809	0.569226086
810	0.569213748
811	0.569301963
812	0.569483876
813	0.5696260329999999
814	0.569693625
815	0.569766641
816	0.56989485
817	0.569986522
818	0.570112824
819	0.5702435370000001
820	0.5702585579999999
821	0.570396304
822	0.57055223
823	0.570572674
824	0.570588768
825	0.57062912
826	0.5707154870000001
827	0.570884824
828	0.571004272
829	0.571066558
830	0.57112956
831	0.571212232
832	0.571291566
833	0.571344674
834	0.5713645820000001
835	0.5714369420000001
836	0.571566522
837	0.571679413
838	0.571782291
839	0.571853638
840	0.571886659
841	0.571978509
842	0.572085679
843	0.572185755
844	0.572319627
845	0.5723730920000001
846	0.57235986
847	0.572366178
848	0.572518587
849	0.572634518
850	0.5726044770000001
851	0.572663963
852	0.5727698210000001
853	0.572899759
854	0.5730433460000001
855	0.5731108779999999
856	0.573154986
857	0.573249459
858	0.5733712910000001
859	0.573444843
860	0.5734834670000001
861	0.573644221
862	0.573751748
863	0.573802531
864	0.573862791
865	0.5739756229999999
866	0.574096084
867	0.574193656
868	0.574294627
869	0.574389935
870	0.574485719
871	0.574595094
872	0.574669242
873	0.574745119
874	0.574855268
875	0.574952543
876	0.575052917
877	0.575175226
878	0.575341046
879	0.575472713
880	0.5755628939999999
881	0.5756341220000001
882	0.575731814
883	0.575871289
884	0.57605058
885	0.576254725
886	0.576364577
887	0.576416075
888	0.576517045
889	0.5767232179999999
890	0.576937616
891	0.577097237
892	0.5772506
893	0.577434361
894	0.577628791
895	0.577776074
896	0.577840865
897	0.577931166
898	0.578112781
899	0.578235984
900	0.578414977
901	0.578634679
902	0.578772426
903	0.578974903
904	0.579172432
905	0.5792913439999999
906	0.579466999
907	0.579643548
908	0.57981205
909	0.580025792
910	0.5802096720000001
911	0.580426395
912	0.580724657
913	0.5808162689999999
914	0.580955267
915	0.58124125
916	0.58148849
917	0.581693828
918	0.581857443
919	0.5820054410000001
920	0.582264543
921	0.582519889
922	0.582703531
923	0.582883894
924	0.583061874
925	0.583260894
926	0.583502531
927	0.583719134
928	0.5839625
929	0.584241986
930	0.584422112
931	0.584647417
932	0.584891915
933	0.585044026
934	0.585235715
935	0.585498333
936	0.58580637
937	0.5860214229999999
938	0.586266816
939	0.586567461
940	0.5868754389999999
941	0.587121725
942	0.587326705
943	0.587542295
944	0.587872863
945	0.5881136060000001
946	0.588258326
947	0.588468909
948	0.588813245
949	0.589099884
950	0.5891973970000001
951	0.589377046
952	0.589635253
953	0.5899534820000001
954	0.590292394
955	0.590544045
956	0.590767562
957	0.591031015
958	0.59128058
959	0.591530085
960	0.5917837020000001
961	0.592038214
962	0.592304289
963	0.592500687
964	0.592613697
965	0.5929632779999999
966	0.593300879
967	0.593548596
968	0.5938001279999999
969	0.594002962
970	0.594236314
971	0.5945532920000001
972	0.5947859289999999
973	0.5950989720000001
974	0.5954676870000001
975	0.595686257
976	0.595860064
977	0.596088827
978	0.596425474
979	0.596751392
980	0.597083509
981	0.597387016
982	0.59758842
983	0.597909331
984	0.598321259
985	0.598707616
986	0.598854303
987	0.5990738870000001
988	0.599423707
989	0.599740982
990	0.599947989
991	0.600185513
992	0.6005437370000001
993	0.600801051
994	0.601011395
995	0.601234019
996	0.6015298370000001
997	0.601859093
998	0.602118194
999	0.602279961
1000	0.602546692
1001	0.601691008
1002	0.601881683
1003	0.602057099
1004	0.602240384
1005	0.6024635429999999
1006	0.602605104
1007	0.602827191
1008	0.603229165
1009	0.603470206
1010	0.603608787
1011	0.603778064
1012	0.6039122339999999
1013	0.604049921
1014	0.604156792
1015	0.60431993
1016	0.6044801470000001
1017	0.604615152
1018	0.604837477
1019	0.605144083
1020	0.605382204
1021	0.605698645
1022	0.6058837770000001
1023	0.605917275
1024	0.606058121
1025	0.60614419
1026	0.606314063
1027	0.606605113
1028	0.606881738
1029	0.6070935129999999
1030	0.60728538
1031	0.607495487
1032	0.60769552
1033	0.607841194
1034	0.6079273820000001
1035	0.6081202029999999
1036	0.608302772
1037	0.608508646
1038	0.608865619
1039	0.60911274
1040	0.609318733
1041	0.609458625
1042	0.609587431
1043	0.609645903
1044	0.609832406
1045	0.609993637
1046	0.6102526189999999
1047	0.610763133
1048	0.610966384
1049	0.611056924
1050	0.611167252
1051	0.6110174660000001
1052	0.61108911
1053	0.611322701
1054	0.611510992
1055	0.611773372
1056	0.612065434
1057	0.612201333
1058	0.612213373
1059	0.6123491529999999
1060	0.612411141
1061	0.6125738620000001
1062	0.612863362
1063	0.613095403
1064	0.613341033
1065	0.613558233
1066	0.6137511729999999
1067	0.613959849
1068	0.614160597
1069	0.614378989
1070	0.614531815
1071	0.614662945
1072	0.61482203
1073	0.614879072
1074	0.615103364
1075	0.6155135039999999
1076	0.615744174
1077	0.615960181
1078	0.616152287
1079	0.616167724
1080	0.616335332
1081	0.616583288
1082	0.616919994
1083	0.617122233
1084	0.617218733
1085	0.617370903
1086	0.617387414
1087	0.6175835129999999
1088	0.617950499
1089	0.61816889
1090	0.6183583739999999
1091	0.618573666
1092	0.618750572
1093	0.618948162
1094	0.61919266
1095	0.619400084
1096	0.619607449
1097	0.619750798
1098	0.619818211
1099	0.619989872
1100	0.620164752
1101	0.620326936
1102	0.6204979420000001
1103	0.620709062
1104	0.620924473
1105	0.621175051
1106	0.621347368
1107	0.6214709279999999
1108	0.621654093
1109	0.621836066
1110	0.621972442
1111	0.622050941
1112	0.622237921
1113	0.622501194
1114	0.622638047
1115	0.6227911110000001
1116	0.62304455
1117	0.6232423189999999
1118	0.623300552
1119	0.623476326
1120	0.623805165
1121	0.623959422
1122	0.623988628
1123	0.624137938
1124	0.6242690679999999
1125	0.6244143839999999
1126	0.624750137
1127	0.624979556
1128	0.6250455979999999
1129	0.6252022979999999
1130	0.625317693
1131	0.625296175
1132	0.625446677
1133	0.625743032
1134	0.625923693
1135	0.626144171
1136	0.626308024
1137	0.626328707
1138	0.6264575720000001
1139	0.626606584
1140	0.626830518
1141	0.627081454
1142	0.6272429820000001
1143	0.627385974
1144	0.6275489329999999
1145	0.627685487
1146	0.627816319
1147	0.627917349
1148	0.627954185
1149	0.628062129
1150	0.628208935
1151	0.628325939
1152	0.628436565
1153	0.6285875439999999
1154	0.628830194
1155	0.6289995310000001
1156	0.6292035579999999
1157	0.629421949
1158	0.6295208929999999
1159	0.629623234
1160	0.629713595
1161	0.629785657
1162	0.629897475
1163	0.62995255
1164	0.630104065
1165	0.630407274
1166	0.6305937770000001
1167	0.63071847
1168	0.630876601
1169	0.63099575
1170	0.631164253
1171	0.631366014
1172	0.631600499
1173	0.631777585
1174	0.63190347
1175	0.632053018
1176	0.63219142
1177	0.63233459
1178	0.632442236
1179	0.6325297360000001
1180	0.632517576
1181	0.6326614620000001
1182	0.632909238
1183	0.633031011
1184	0.63315326
1185	0.633289874
1186	0.633343101
1187	0.633506596
1188	0.633721828
1189	0.633810043
1190	0.633835137
1191	0.63387996
1192	0.634014547
1193	0.634139538
1194	0.63424921
1195	0.6343982220000001
1196	0.634526014
1197	0.634582698
1198	0.634726286
1199	0.634976864
1200	0.6350658539999999
1201	0.63512826
1202	0.635285497
1203	0.6353743079999999
1204	0.63545531
1205	0.6355491879999999
1206	0.635668576
1207	0.635831892
1208	0.6359258289999999
1209	0.63605845
1210	0.636190414
1211	0.636259496
1212	0.636409283
1213	0.636526525
1214	0.636611104
1215	0.636764288
1216	0.636962771
1217	0.637118697
1218	0.637210548
1219	0.637361646
1220	0.637464404
1221	0.63750428
1222	0.637687385
1223	0.637862623
1224	0.63791889
1225	0.638037741
1226	0.6381641029999999
1227	0.638226867
1228	0.638239682
1229	0.638216436
1230	0.638286889
1231	0.638425767
1232	0.6384930010000001
1233	0.638599336
1234	0.638671815
1235	0.638674438
1236	0.638724387
1237	0.638813555
1238	0.6389842029999999
1239	0.639196157
1240	0.639256895
1241	0.639322817
1242	0.6394801139999999
1243	0.63953197
1244	0.639574766
1245	0.639759362
1246	0.639913142
1247	0.6399130820000001
1248	0.6399030689999999
1249	0.639969528
1250	0.640030205
1251	0.640037596
1252	0.640117943
1253	0.6402832270000001
1254	0.640379429
1255	0.640491307
1256	0.640652835
1257	0.640753329
1258	0.640821934
1259	0.6408966779999999
1260	0.641005695
1261	0.641121149
1262	0.6411439179999999
1263	0.64117527
1264	0.6412430410000001
1265	0.6412677760000001
1266	0.6413365010000001
1267	0.641503394
1268	0.641595006
1269	0.641634166
1270	0.6417235139999999
1271	0.64180702
1272	0.641829193
1273	0.641893029
1274	0.641975999
1275	0.642006516
1276	0.642030597
1277	0.642074704
1278	0.642139494
1279	0.642247915
1280	0.6423340439999999
1281	0.642361999
1282	0.642425418
1283	0.642507493
1284	0.642553508
1285	0.6426224110000001
1286	0.6426998970000001
1287	0.642756164
1288	0.642778993
1289	0.642851114
1290	0.6429741379999999
1291	0.6430561539999999
1292	0.6430999039999999
1293	0.64315033
1294	0.643148065
1295	0.643107712
1296	0.643102646
1297	0.643207133
1298	0.643382668
1299	0.643464983
1300	0.643527806
1301	0.643638968
1302	0.643742085
1303	0.643820405
1304	0.643852592
1305	0.643955052
1306	0.644075572
1307	0.644180775
1308	0.644243479
1309	0.644355416
1310	0.644447565
1311	0.6444636579999999
1312	0.644517004
1313	0.644584894
1314	0.64458859
1315	0.644580185
1316	0.644604385
1317	0.644647241
1318	0.6446598170000001
1319	0.644687951
1320	0.644788563
1321	0.644886315
1322	0.644974887
1323	0.645059168
1324	0.645155728
1325	0.645318806
1326	0.645437598
1327	0.645621181
1328	0.645739019
1329	0.645797729
1330	0.645779014
1331	0.6458452339999999
1332	0.645865977
1333	0.645846128
1334	0.6459094879999999
1335	0.645911813
1336	0.645931661
1337	0.646077096
1338	0.646184623
1339	0.646262705
1340	0.646381557
1341	0.6463982460000001
1342	0.6463148
1343	0.64629364
1344	0.6462925079999999
1345	0.6462451220000001
1346	0.6462344529999999
1347	0.64628613
1348	0.6463553910000001
1349	0.646373987
1350	0.646371365
1351	0.646380544
1352	0.646404624
1353	0.646352589
1354	0.6463369729999999
1355	0.64635843
1356	0.646344364
1357	0.646411955
1358	0.646487236
1359	0.646487653
1360	0.6465308670000001
1361	0.646547854
1362	0.646523356
1363	0.646586537
1364	0.646629393
1365	0.646621346
1366	0.646650672
1367	0.6466640229999999
1368	0.646598995
1369	0.646499515
1370	0.64641881
1371	0.6463328
1372	0.646208048
1373	0.646061778
1374	0.645949483
1375	0.645829201
1376	0.645689905
1377	0.6455153229999999
1378	0.6453790070000001
1379	0.645273387
1380	0.6450614929999999
1381	0.644905686
1382	0.644834042
1383	0.644664228
1384	0.6445006129999999
1385	0.644333661
1386	0.644105256
1387	0.643886626
1388	0.6436463000000001
1389	0.643416047
1390	0.643195331
1391	0.642918766
1392	0.642655492
1393	0.642422199
1394	0.6422091129999999
1395	0.641954541
1396	0.641693234
1397	0.641340852
1398	0.6409277320000001
1399	0.6405410770000001
1400	0.640113115
1401	0.639648736
1402	0.6392552260000001
1403	0.638824821
1404	0.638339758
1405	0.637920618
1406	0.637467563
1407	0.637000322
1408	0.63651365
1409	0.635951519
1410	0.635354698
1411	0.6347064379999999
1412	0.634173632
1413	0.633659601
1414	0.6332833170000001
1415	0.633325875
1416	0.633489668
1417	0.633830249
1418	0.634354353
1419	0.634828627
1420	0.635313094
1421	0.635771811
1422	0.636237204
1423	0.636741698
1424	0.6372070910000001
1425	0.637663662
1426	0.638095915
1427	0.638523817
1428	0.638890445
1429	0.639267802
1430	0.639603794
1431	0.639937639
1432	0.640309572
1433	0.640639901
1434	0.6409418579999999
1435	0.641236782
1436	0.641537428
1437	0.641847253
1438	0.642099619
1439	0.642305911
1440	0.642485559
1441	0.642677188
1442	0.642927468
1443	0.643186271
1444	0.643430591
1445	0.643592536
1446	0.643672645
1447	0.643787503
1448	0.6439141629999999
1449	0.644040108
1450	0.644176304
1451	0.644300699
1452	0.644430399
1453	0.6445527670000001
1454	0.64466536
1455	0.6447705029999999
1456	0.644866705
1457	0.644939959
1458	0.644993067
1459	0.645061612
1460	0.645100415
1461	0.645180643
1462	0.645296037
1463	0.645383716
1464	0.645465672
1465	0.645555079
1466	0.645606995
1467	0.645647526
1468	0.645724773
1469	0.645808399
1470	0.64588362
1471	0.645944059
1472	0.646010458
1473	0.6461237670000001
1474	0.646269202
1475	0.646438956
1476	0.646645427
1477	0.646854281
1478	0.646999538
1479	0.647084177
1480	0.647186458
1481	0.647292376
1482	0.6473830939999999
1483	0.647465229
1484	0.6475831870000001
1485	0.647708356
1486	0.647844136
1487	0.648002207
1488	0.648158073
1489	0.648345828
1490	0.648470342
1491	0.648584545
1492	0.648675323
1493	0.648740172
1494	0.648727775
1495	0.648764729
1496	0.6488683820000001
1497	0.64896816
1498	0.649079919
1499	0.6492233279999999
1500	0.649409771
1501	0.649585366
1502	0.649689555
1503	0.649798989
1504	0.6498805879999999
1505	0.649925172
1506	0.650025845
1507	0.650134206
1508	0.650235534
1509	0.650350332
1510	0.650448799
1511	0.650530934
1512	0.650602996
1513	0.650666952
1514	0.650758147
1515	0.650869787
1516	0.65093261
1517	0.650950789
1518	0.650947988
1519	0.6509691479999999
1520	0.651044548
1521	0.651119411
1522	0.651255012
1523	0.651348174
1524	0.651420474
1525	0.651534438
1526	0.6516493560000001
1527	0.651746035
1528	0.651873767
1529	0.6519777179999999
1530	0.652067602
1531	0.652143061
1532	0.652198851
1533	0.652259231
1534	0.652277112
1535	0.652338445
1536	0.652419746
1537	0.652459919
1538	0.6524785160000001
1539	0.652585506
1540	0.652709186
1541	0.652798653
1542	0.652853191
1543	0.652873933
1544	0.6529203060000001
1545	0.652967274
1546	0.65303719
1547	0.653111815
1548	0.653149426
1549	0.6532100439999999
1550	0.653252006
1551	0.653308153
1552	0.653440654
1553	0.653552651
1554	0.653658152
1555	0.6537589429999999
1556	0.653797865
1557	0.653859138
1558	0.653942823
1559	0.653962076
1560	0.653981149
1561	0.6540411110000001
1562	0.654076934
1563	0.654123008
1564	0.654201448
1565	0.654237509
1566	0.6542408470000001
1567	0.6542688010000001
1568	0.654348612
1569	0.654473424
1570	0.654558897
1571	0.654589415
1572	0.654614151
1573	0.65461427
1574	0.654643774
1575	0.654746532
1576	0.654816806
1577	0.654865623
1578	0.65490967
1579	0.6549538970000001
1580	0.655000091
1581	0.6550413970000001
1582	0.65507251
1583	0.6550888420000001
1584	0.655129552
1585	0.6551784279999999
1586	0.6552305820000001
1587	0.655308545
1588	0.655367911
1589	0.655415833
1590	0.655448437
1591	0.655443966
1592	0.655495167
1593	0.6555559639999999
1594	0.655657232
1595	0.655732632
1596	0.655768216
1597	0.655830503
1598	0.655870199
1599	0.655890226
1600	0.65595299
1601	0.655996621
1602	0.65600431
1603	0.656058609
1604	0.6561756129999999
1605	0.6562638279999999
1606	0.656290948
1607	0.656315565
1608	0.656356454
1609	0.656426489
1610	0.656496823
1611	0.656535625
1612	0.656588614
1613	0.656596541
1614	0.656545579
1615	0.65654093
1616	0.6565485
1617	0.656559229
1618	0.656624258
1619	0.656719327
1620	0.656802475
1621	0.656862438
1622	0.656940579
1623	0.657037735
1624	0.657113552
1625	0.657173574
1626	0.6572061779999999
1627	0.657183647
1628	0.65717721
1629	0.657215953
1630	0.657278955
1631	0.657375634
1632	0.657449067
1633	0.6574870939999999
1634	0.657486618
1635	0.6574422120000001
1636	0.657456756
1637	0.65755266
1638	0.657646954
1639	0.65775919
1640	0.657891452
1641	0.657938421
1642	0.657934189
1643	0.657960355
1644	0.657996237
1645	0.658025324
1646	0.6580148339999999
1647	0.657997727
1648	0.6580097079999999
1649	0.65799886
1650	0.658045471
1651	0.658188343
1652	0.658265591
1653	0.658271253
1654	0.6583489779999999
1655	0.658409178
1656	0.65840286
1657	0.658478975
1658	0.658548951
1659	0.658573031
1660	0.658624589
1661	0.658651114
1662	0.658747196
1663	0.6589114070000001
1664	0.658986628
1665	0.6590658429999999
1666	0.659193754
1667	0.659240782
1668	0.659281433
1669	0.659331024
1670	0.65929687
1671	0.659287512
1672	0.659394383
1673	0.659532905
1674	0.6596314910000001
1675	0.6596974729999999
1676	0.659717917
1677	0.659760714
1678	0.659857929
1679	0.659942746
1680	0.660033226
1681	0.660098255
1682	0.660091043
1683	0.660094559
1684	0.660128891
1685	0.660136878
1686	0.660154998
1687	0.660209835
1688	0.6602778429999999
1689	0.660299361
1690	0.660327435
1691	0.660418451
1692	0.660435677
1693	0.660430014
1694	0.660484672
1695	0.6605388520000001
1696	0.660539925
1697	0.660532236
1698	0.660600066
1699	0.660617948
1700	0.660614371
1701	0.660662889
1702	0.660625875
1703	0.6605878470000001
1704	0.660603583
1705	0.66059047
1706	0.6606478689999999
1707	0.660770714
1708	0.660841882
1709	0.66088593
1710	0.660980165
1711	0.661075771
1712	0.661135733
1713	0.6612223979999999
1714	0.661285996
1715	0.661254585
1716	0.66114223
1717	0.661109149
1718	0.66111052
1719	0.660976887
1720	0.66094327
1721	0.661052823
1722	0.661076546
1723	0.661089361
1724	0.661135137
1725	0.661061943
1726	0.6609712839999999
1727	0.660979807
1728	0.660961688
1729	0.660863698
1730	0.660776675
1731	0.66075176
1732	0.660733879
1733	0.6607795360000001
1734	0.660812497
1735	0.660764098
1736	0.660827339
1737	0.660879552
1738	0.66083163
1739	0.6608216170000001
1740	0.660719395
1741	0.660554826
1742	0.660547614
1743	0.660594225
1744	0.6605644820000001
1745	0.660476208
1746	0.660324633
1747	0.660169184
1748	0.6601213220000001
1749	0.660215378
1750	0.660297453
1751	0.66028589
1752	0.660251379
1753	0.660183847
1754	0.6601578
1755	0.660119593
1756	0.660048544
1757	0.659991384
1758	0.65993607
1759	0.659883618
1760	0.659831226
1761	0.659794033
1762	0.659758568
1763	0.659765244
1764	0.6597632170000001
1765	0.659765422
1766	0.659899056
1767	0.6599230770000001
1768	0.659940422
1769	0.659982085
1770	0.659945905
1771	0.6600376370000001
1772	0.660289705
1773	0.6603728529999999
1774	0.660332739
1775	0.660421669
1776	0.660440147
1777	0.660403848
1778	0.660523295
1779	0.660532236
1780	0.6603351239999999
1781	0.660239398
1782	0.660251379
1783	0.660178065
1784	0.660133421
1785	0.66010946
1786	0.660038412
1787	0.660081565
1788	0.6601378920000001
1789	0.6601610179999999
1790	0.660266042
1791	0.660316288
1792	0.660319686
1793	0.660466731
1794	0.660591185
1795	0.660543919
1796	0.66047883
1797	0.660430312
1798	0.6603719
1799	0.66036129
1800	0.660461307
1801	0.65879935
1802	0.659661174
1803	0.6604441999999999
1804	0.661288023
1805	0.661910832
1806	0.662420094
1807	0.662793338
1808	0.662981927
1809	0.663103282
1810	0.6632660029999999
1811	0.663536727
1812	0.663663864
1813	0.6636447910000001
1814	0.663684905
1815	0.663842499
1816	0.663909495
1817	0.663974762
1818	0.6641548279999999
1819	0.6641882060000001
1820	0.663965225
1821	0.6640228029999999
1822	0.664214194
1823	0.6643659470000001
1824	0.6643659470000001
1825	0.664306521
1826	0.664524198
1827	0.664771795
1828	0.6647955179999999
1829	0.664817572
1830	0.665022373
1831	0.665231287
1832	0.665044725
1833	0.665068507
1834	0.665520608
1835	0.665507376
1836	0.665282845
1837	0.665369391
1838	0.665785789
1839	0.665858388
1840	0.665739059
1841	0.665976942
1842	0.666285574
1843	0.666343868
1844	0.666410744
1845	0.666579723
1846	0.666677892
1847	0.66647023
1848	0.6665158870000001
1849	0.666776776
1850	0.667009175
1851	0.6669710870000001
1852	0.666992307
1853	0.6671473379999999
1854	0.667146802
1855	0.6671303510000001
1856	0.6671707029999999
1857	0.667220116
1858	0.667207718
1859	0.667110324
1860	0.667186022
1861	0.667278469
1862	0.667206168
1863	0.666895688
1864	0.666670203
1865	0.666574299
1866	0.666295886
1867	0.66591084
1868	0.665617824
1869	0.66526562
1870	0.664752662
1871	0.6643543239999999
1872	0.663945079
1873	0.663596809
1874	0.663459122
1875	0.6632156370000001
1876	0.66295439
1877	0.662768424
1878	0.662601173
1879	0.6623071429999999
1880	0.661945105
1881	0.661570311
1882	0.6613478660000001
1883	0.6610981229999999
1884	0.660690844
1885	0.660185933
1886	0.65977174
1887	0.6594297889999999
1888	0.658926189
1889	0.658239424
1890	0.657543242
1891	0.656713903
1892	0.6557542679999999
1893	0.6547811029999999
1894	0.653764725
1895	0.652754307
1896	0.651683629
1897	0.6504491570000001
1898	0.649126291
1899	0.6479856970000001
1900	0.646950185
1901	0.645747304
1902	0.6444811220000001
1903	0.643445134
1904	0.6424919960000001
1905	0.6415013070000001
1906	0.64052999
1907	0.639960647
1908	0.6393213870000001
1909	0.63846153
1910	0.637911797
1911	0.6374581460000001
1912	0.636942983
1913	0.636690974
1914	0.636680067
1915	0.6366144420000001
1916	0.63658762
1917	0.63665241
1918	0.636762857
1919	0.6367650029999999
1920	0.636900306
1921	0.63720721
1922	0.6374257210000001
1923	0.637499034
1924	0.637621164
1925	0.637713194
1926	0.637757301
1927	0.637747169
1928	0.637972772
1929	0.638233423
1930	0.638372481
1931	0.638506055
1932	0.638700306
1933	0.638977826
1934	0.639036953
1935	0.63903594
1936	0.6392893789999999
1937	0.639649928
1938	0.639950395
1939	0.640192926
1940	0.64047724
1941	0.640686989
1942	0.640687227
1943	0.6407516
1944	0.640973508
1945	0.641129732
1946	0.641195059
1947	0.641274869
1948	0.64131552
1949	0.641529739
1950	0.64184916
1951	0.64200145
1952	0.64218837
1953	0.642490208
1954	0.642691314
1955	0.642995894
1956	0.643259406
1957	0.643473625
1958	0.643822432
1959	0.644241631
1960	0.64464581
1961	0.645047247
1962	0.64539057
1963	0.645668507
1964	0.645911276
1965	0.646225512
1966	0.6466820839999999
1967	0.647058845
1968	0.647381186
1969	0.647739768
1970	0.648110151
1971	0.64843148
1972	0.648838103
1973	0.649347007
1974	0.649715602
1975	0.650006771
1976	0.650292277
1977	0.650520205
1978	0.650805056
1979	0.651107848
1980	0.651456296
1981	0.651867926
1982	0.652254939
1983	0.652576745
1984	0.6529167889999999
1985	0.653235376
1986	0.653498888
1987	0.653805017
1988	0.654058933
1989	0.654195964
1990	0.65441376
1991	0.6546749470000001
1992	0.654942095
1993	0.6552185420000001
1994	0.655610085
1995	0.655891836
1996	0.656084418
1997	0.656434596
1998	0.656976998
1999	0.657554209
2000	0.658064425
2001	0.658617496
2002	0.659225941
2003	0.659868777
2004	0.660433292
2005	0.661042452
2006	0.661576509
2007	0.66216135
2008	0.662887871
2009	0.663601756
2010	0.664441049
2011	0.6653332710000001
2012	0.665908277
2013	0.666489542
2014	0.667098582
2015	0.667724371
2016	0.668192923
2017	0.668713033
2018	0.669362485
2019	0.669865489
2020	0.670259595
2021	0.670676053
2022	0.670982182
2023	0.671406925
2024	0.671965659
2025	0.672528446
2026	0.6730555890000001
2027	0.673701763
2028	0.674198031
2029	0.674496233
2030	0.6749657990000001
2031	0.675529718
2032	0.67606318
2033	0.676512659
2034	0.676993966
2035	0.677466035
2036	0.677768171
2037	0.67794317
2038	0.678383052
2039	0.678887963
2040	0.679549634
2041	0.6799408790000001
2042	0.6802642940000001
2043	0.6806885
2044	0.680886984
2045	0.6813814640000001
2046	0.681932807
2047	0.6823471190000001
2048	0.682598472
2049	0.6826881770000001
2050	0.682827532
2051	0.682959557
2052	0.683202565
2053	0.6834911109999999
2054	0.6836546659999999
2055	0.6837359670000001
2056	0.684034348
2057	0.684368193
2058	0.684687495
2059	0.685058773
2060	0.68547219
2061	0.685729384
2062	0.6858024
2063	0.6860809920000001
2064	0.6866126659999999
2065	0.686878145
2066	0.6869550940000001
2067	0.6871674059999999
2068	0.687301815
2069	0.6875231270000001
2070	0.687848985
2071	0.688289225
2072	0.688296974
2073	0.6881885529999999
2074	0.688476324
2075	0.688611984
2076	0.6887179609999999
2077	0.689139009
2078	0.6894971129999999
2079	0.6897583009999999
2080	0.689916372
2081	0.690152764
2082	0.6903650159999999
2083	0.690319419
2084	0.690420389
2085	0.69073689
2086	0.690978408
2087	0.691142976
2088	0.6912443640000001
2089	0.691230893
2090	0.6914626359999999
2091	0.691666067
2092	0.6918254490000001
2093	0.6919807790000001
2094	0.692258954
2095	0.692487955
2096	0.6926118729999999
2097	0.692793965
2098	0.692971885
2099	0.6932234759999999
2100	0.693401396
2101	0.6939675209999999
2102	0.694372833
2103	0.694344282
2104	0.694253683
2105	0.6943662759999999
2106	0.6947579979999999
2107	0.6956677440000001
2108	0.695931375
2109	0.695963323
2110	0.69628191
2111	0.6963883040000001
2112	0.6965748070000001
2113	0.697151601
2114	0.69752723
2115	0.697540224
2116	0.697769403
2117	0.6983090040000001
2118	0.6988525390000001
2119	0.698998392
2120	0.6991552109999999
2121	0.699565291
2122	0.700091958
2123	0.700355649
2124	0.7006822229999999
2125	0.701011956
2126	0.7010431290000001
2127	0.7012601490000001
2128	0.701922178
2129	0.702180147
2130	0.702113688
2131	0.7021620270000001
2132	0.702240229
2133	0.702048242
2134	0.701917589
2135	0.7018832559999999
2136	0.70183748
2137	0.701954722
2138	0.701931655
2139	0.702121973
2140	0.7018172140000001
2141	0.701027691
2142	0.7006314990000001
2143	0.70032227
2144	0.6997706890000001
2145	0.6991013290000001
2146	0.698673427
2147	0.698161423
2148	0.6976777909999999
2149	0.6974808570000001
2150	0.697329462
2151	0.69672966
2152	0.6958585979999999
2153	0.695195735
2154	0.694686592
2155	0.694153666
2156	0.693847477
2157	0.6932358740000001
2158	0.6924443840000001
2159	0.6917136909999999
2160	0.6908812520000001
2161	0.690062046
2162	0.689183772
2163	0.6884690520000001
2164	0.6878260970000001
2165	0.687140822
2166	0.6865277890000001
2167	0.6859662529999999
2168	0.6853748559999999
2169	0.6846986409999999
2170	0.684236944
2171	0.6837551590000001
2172	0.683227241
2173	0.68268168
2174	0.6821131709999999
2175	0.68143481
2176	0.680990875
2177	0.680680513
2178	0.680208147
2179	0.679859102
2180	0.6793424490000001
2181	0.678670228
2182	0.6780368090000001
2183	0.677166998
2184	0.676579595
2185	0.676265419
2186	0.675676763
2187	0.674998045
2188	0.674634218
2189	0.673825085
2190	0.672770798
2191	0.6720980409999999
2192	0.671673
2193	0.671067059
2194	0.670574605
2195	0.6699441079999999
2196	0.669170916
2197	0.668429673
2198	0.667637765
2199	0.666925132
2200	0.66623801
2201	0.665466428
2202	0.6648927929999999
2203	0.664015114
2204	0.662681639
2205	0.6616624
2206	0.661074579
2207	0.660286665
2208	0.659453571
2209	0.658829927
2210	0.658568203
2211	0.6582546229999999
2212	0.658213735
2213	0.658941925
2214	0.659084618
2215	0.658909976
2216	0.658868849
2217	0.658830225
2218	0.658788681
2219	0.658842325
2220	0.6585659979999999
2221	0.658141732
2222	0.657784522
2223	0.657018721
2224	0.656630874
2225	0.6567217710000001
2226	0.656355083
2227	0.655898392
2228	0.655795217
2229	0.65554291
2230	0.655334771
2231	0.655522704
2232	0.655391693
2233	0.655512929
2234	0.6557542679999999
2235	0.6560032960000001
2236	0.656420708
2237	0.656623185
2238	0.656748772
2239	0.656707704
2240	0.656265557
2241	0.656446099
2242	0.657106161
2243	0.657203794
2244	0.657246709
2245	0.6574649810000001
2246	0.657270551
2247	0.6572932
2248	0.657839239
2249	0.658164084
2250	0.658129692
2251	0.658063293
2252	0.657920182
2253	0.657937586
2254	0.657782912
2255	0.657612741
2256	0.657746136
2257	0.658118486
2258	0.658285797
2259	0.658676445
2260	0.658735037
2261	0.658408165
2262	0.6583058829999999
2263	0.658320606
2264	0.658188641
2265	0.658034682
2266	0.657789528
2267	0.657235205
2268	0.656982839
2269	0.657032132
2270	0.6568220260000001
2271	0.656515896
2272	0.6562969679999999
2273	0.656013727
2274	0.655701518
2275	0.655110419
2276	0.654791474
2277	0.654375672
2278	0.653389812
2279	0.652971804
2280	0.652805448
2281	0.652216494
2282	0.651742578
2283	0.651055515
2284	0.650087357
2285	0.649362862
2286	0.6485534310000001
2287	0.64803195
2288	0.6477840539999999
2289	0.647333562
2290	0.6471086739999999
2291	0.646588743
2292	0.645667255
2293	0.645068645
2294	0.644439518
2295	0.64395386
2296	0.643863499
2297	0.643528461
2298	0.6428806779999999
2299	0.6425967810000001
2300	0.642677188
2301	0.642300487
2302	0.641772687
2303	0.641507685
2304	0.6412187220000001
2305	0.640930653
2306	0.640740752
2307	0.640426159
2308	0.639900625
2309	0.6393808129999999
2310	0.639059663
2311	0.6388630270000001
2312	0.638603747
2313	0.63798517
2314	0.637292683
2315	0.636550367
2316	0.635955095
2317	0.6352926489999999
2318	0.634562373
2319	0.634187698
2320	0.633397102
2321	0.631966531
2322	0.6309682129999999
2323	0.63024646
2324	0.6291062239999999
2325	0.6276714210000001
2326	0.626737773
2327	0.62587893
2328	0.624860048
2329	0.624377489
2330	0.6233970520000001
2331	0.621441185
2332	0.620380998
2333	0.619963288
2334	0.619042158
2335	0.618022799
2336	0.617439806
2337	0.617012501
2338	0.616739213
2339	0.617261112
2340	0.6175007220000001
2341	0.616846323
2342	0.6166833039999999
2343	0.617360055
2344	0.61821264
2345	0.619118154
2346	0.620278835
2347	0.621438205
2348	0.622358084
2349	0.623615265
2350	0.62530911
2351	0.626795411
2352	0.6285222770000001
2353	0.63072437
2354	0.632705152
2355	0.634899378
2356	0.637348294
2357	0.639152288
2358	0.640607178
2359	0.6428316239999999
2360	0.645387053
2361	0.6472023729999999
2362	0.649097621
2363	0.651257753
2364	0.652687073
2365	0.654137373
2366	0.656588674
2367	0.658374548
2368	0.6590545179999999
2369	0.660056114
2370	0.661430836
2371	0.662402213
2372	0.662846267
2373	0.663895965
2374	0.665569901
2375	0.665977418
2376	0.665811896
2377	0.666475832
2378	0.66691041
2379	0.666947842
2380	0.6675591470000001
2381	0.667960048
2382	0.668151855
2383	0.668302655
2384	0.668473959
2385	0.66905731
2386	0.66924721
2387	0.668873072
2388	0.668878615
2389	0.668996871
2390	0.668286979
2391	0.668065548
2392	0.66857934
2393	0.667965651
2394	0.667216539
2395	0.667671323
2396	0.667960405
2397	0.6669117210000001
2398	0.666561484
2399	0.6670538189999999
2400	0.666591167
2401	0.666781485
2402	0.667090118
2403	0.6665896179999999
2404	0.6666402220000001
2405	0.666585505
2406	0.666155457
2407	0.665987313
2408	0.665839136
2409	0.666270912
2410	0.666756749
2411	0.665548325
2412	0.664064825
2413	0.66341114
2414	0.66354531
2415	0.664228082
2416	0.66390568
2417	0.6630333070000001
2418	0.662463427
2419	0.66257745
2420	0.662763894
2421	0.662137806
2422	0.6615963579999999
2423	0.661186635
2424	0.66112107
2425	0.661019087
2426	0.659599602
2427	0.658105016
2428	0.65770334
2429	0.657365799
2430	0.6568768620000001
2431	0.656656861
2432	0.656097591
2433	0.654945254
2434	0.652981341
2435	0.652317643
2436	0.651864827
2437	0.6515096429999999
2438	0.6524246929999999
2439	0.6521407370000001
2440	0.65101099
2441	0.649804235
2442	0.6479594710000001
2443	0.647526741
2444	0.648109913
2445	0.646947265
2446	0.64483124
2447	0.644421339
2448	0.64413482
2449	0.643262088
2450	0.64401269
2451	0.643255591
2452	0.63991648
2453	0.639107466
2454	0.640148938
2455	0.639317513
2456	0.638260782
2457	0.6374059320000001
2458	0.6352954510000001
2459	0.633923769
2460	0.633760691
2461	0.632659376
2462	0.630548298
2463	0.629484832
2464	0.629654884
2465	0.6281376479999999
2466	0.625660121
2467	0.624198854
2468	0.621511519
2469	0.6198158260000001
2470	0.6202822920000001
2471	0.619252682
2472	0.617248714
2473	0.616473973
2474	0.615639567
2475	0.6147454379999999
2476	0.615495324
2477	0.61502713
2478	0.6142095329999999
2479	0.612099409
2480	0.607455194
2481	0.604870319
2482	0.603224277
2483	0.599892795
2484	0.595525205
2485	0.593645632
2486	0.591991425
2487	0.589912355
2488	0.590563655
2489	0.590811372
2490	0.58843267
2491	0.5883539320000001
2492	0.591238081
2493	0.594578624
2494	0.6018455620000001
2495	0.601575434
2496	0.595183909
2497	0.596298099
2498	0.596496105
2499	0.595646679
2500	0.601271033
