350	0.172047287
351	0.16424866
352	0.165962622
353	0.166884854
354	0.166381925
355	0.16778583800000002
356	0.167336851
357	0.165691003
358	0.164598569
359	0.165885419
360	0.16743125
361	0.167432025
362	0.165436015
363	0.16563952
364	0.168036059
365	0.166144505
366	0.165828571
367	0.167495623
368	0.168726176
369	0.169669613
370	0.17078183600000002
371	0.172492683
372	0.173901871
373	0.17473481600000002
374	0.17503631100000003
375	0.175415128
376	0.17617549
377	0.17710402600000003
378	0.177045867
379	0.178008467
380	0.17931714699999998
381	0.178812742
382	0.17969586
383	0.181514531
384	0.182935596
385	0.18348041199999998
386	0.18432861600000003
387	0.186032593
388	0.18689306100000003
389	0.187809497
390	0.189006001
391	0.18974432300000002
392	0.190728053
393	0.19184868
394	0.19260813300000001
395	0.193589672
396	0.19480018300000002
397	0.196044147
398	0.19664478300000002
399	0.197425395
400	0.19878673600000002
401	0.199699268
402	0.200119153
403	0.200358972
404	0.201255187
405	0.20237509899999997
406	0.20351941899999998
407	0.20455704600000002
408	0.20555095399999998
409	0.20660561300000002
410	0.20775595300000002
411	0.20850813399999998
412	0.20892565
413	0.209269911
414	0.210104555
415	0.211693078
416	0.213486955
417	0.213571683
418	0.214388296
419	0.216042906
420	0.217542216
421	0.21865543699999998
422	0.219569504
423	0.22060006899999998
424	0.22199377399999998
425	0.223345116
426	0.22441718
427	0.225539595
428	0.22688086300000002
429	0.22835107100000002
430	0.229460835
431	0.230730414
432	0.232219055
433	0.233773366
434	0.235358536
435	0.23680922399999998
436	0.238038972
437	0.23962535
438	0.24122448300000002
439	0.242610395
440	0.244079977
441	0.245598167
442	0.247110382
443	0.248517275
444	0.249795645
445	0.251042008
446	0.252409875
447	0.253599882
448	0.25468504399999997
449	0.255788356
450	0.256789416
451	0.257676601
452	0.258532822
453	0.259722888
454	0.260759473
455	0.26151999800000003
456	0.262266994
457	0.263138175
458	0.264080673
459	0.264934778
460	0.265685081
461	0.266362131
462	0.267027885
463	0.26780507
464	0.26853710399999997
465	0.26914984
466	0.269797146
467	0.2704252
468	0.271040112
469	0.27170062100000003
470	0.272410303
471	0.27307570000000003
472	0.273580909
473	0.274197906
474	0.274901807
475	0.27563169600000004
476	0.276474208
477	0.277236104
478	0.277872384
479	0.278648823
480	0.279538542
481	0.280462533
482	0.281280011
483	0.28214719899999996
484	0.283000588
485	0.283741236
486	0.284653783
487	0.285728335
488	0.286879003
489	0.287924677
490	0.288896263
491	0.289869726
492	0.29100129
493	0.29207336899999997
494	0.29310527399999997
495	0.294264972
496	0.295466185
497	0.296690464
498	0.297917694
499	0.299009442
500	0.300133288
501	0.301401287
502	0.30267936
503	0.303895622
504	0.305047959
505	0.306223512
506	0.30748507399999997
507	0.308814645
508	0.310143173
509	0.311335295
510	0.312487483
511	0.313726395
512	0.314941615
513	0.31621471
514	0.31754905
515	0.318685025
516	0.319884419
517	0.321216911
518	0.32256314199999997
519	0.323819786
520	0.325037062
521	0.326326907
522	0.327569216
523	0.328822404
524	0.330153048
525	0.331532955
526	0.332886964
527	0.334199935
528	0.33560237299999995
529	0.33696666399999997
530	0.338297725
531	0.33971208299999994
532	0.34113103200000006
533	0.342565119
534	0.34404671200000003
535	0.34551644299999995
536	0.34694919
537	0.348356605
538	0.349838197
539	0.35134366200000006
540	0.352850854
541	0.35437700200000005
542	0.355886817
543	0.357388616
544	0.35891172299999996
545	0.360404044
546	0.361927778
547	0.363539636
548	0.36507785299999995
549	0.366692215
550	0.368446916
551	0.37011978
552	0.37183857
553	0.37364941799999996
554	0.375528365
555	0.37739965299999995
556	0.37922480700000005
557	0.38098979
558	0.382712215
559	0.384344488
560	0.38588652
561	0.38756319899999997
562	0.389200926
563	0.390714645
564	0.392207265
565	0.393639296
566	0.39504644299999997
567	0.39650508799999995
568	0.39789971700000004
569	0.399266422
570	0.400667459
571	0.40197029700000003
572	0.403168708
573	0.40429762
574	0.40545889700000004
575	0.40666577200000004
576	0.407902241
577	0.409125686
578	0.41033408
579	0.411475629
580	0.41248893700000006
581	0.41345253600000004
582	0.41442394299999996
583	0.41542404899999996
584	0.416293323
585	0.417154759
586	0.418071508
587	0.418938816
588	0.41979384399999997
589	0.42060995100000004
590	0.421310365
591	0.422022492
592	0.422765404
593	0.423503399
594	0.424066335
595	0.424478054
596	0.42482695
597	0.42532330799999996
598	0.42592740100000004
599	0.426580787
600	0.427221209
601	0.427756876
602	0.42827323100000003
603	0.428928673
604	0.42944380600000004
605	0.429915965
606	0.43045938
607	0.43094602200000004
608	0.43141254799999995
609	0.43187716600000003
610	0.432307094
611	0.432748586
612	0.43321427700000004
613	0.43369421399999997
614	0.43410947899999996
615	0.434508204
616	0.43495091799999996
617	0.435346186
618	0.43573764
619	0.436147451
620	0.436517745
621	0.436900467
622	0.437283397
623	0.43758851299999996
624	0.43796140000000006
625	0.43835073700000005
626	0.43864774700000003
627	0.43896302600000003
628	0.439280331
629	0.43958208
630	0.439904302
631	0.44023159100000003
632	0.440555364
633	0.440871656
634	0.44121846600000003
635	0.44155797399999996
636	0.441817433
637	0.44209432600000004
638	0.442419946
639	0.442784578
640	0.44307115700000005
641	0.44335708
642	0.443674833
643	0.443964064
644	0.4442195
645	0.444465965
646	0.444754541
647	0.445098579
648	0.44543579200000005
649	0.44570604
650	0.445984155
651	0.446272254
652	0.44657781700000004
653	0.44694697899999997
654	0.447269976
655	0.447553903
656	0.447906226
657	0.44818711299999997
658	0.44841975
659	0.44867453
660	0.448956639
661	0.44927325799999995
662	0.449604541
663	0.44985103600000004
664	0.450168371
665	0.450556874
666	0.4508515
667	0.451087415
668	0.45133647299999996
669	0.451671451
670	0.45190706799999997
671	0.452171892
672	0.452553421
673	0.452875197
674	0.453086525
675	0.45326221
676	0.45366063700000003
677	0.453966498
678	0.454213232
679	0.45456183
680	0.45483416299999996
681	0.45505473
682	0.455276936
683	0.45552718600000003
684	0.455819309
685	0.456135988
686	0.456417829
687	0.456658274
688	0.456917226
689	0.457280874
690	0.45757731799999996
691	0.457801849
692	0.45800212
693	0.45829004
694	0.458568245
695	0.45880842200000005
696	0.459099561
697	0.45941215799999996
698	0.459702402
699	0.459917456
700	0.46015971899999997
701	0.460402519
702	0.46061191
703	0.460841537
704	0.461095572
705	0.461378306
706	0.461717129
707	0.461970627
708	0.462138355
709	0.46230346
710	0.462540835
711	0.46281284100000003
712	0.463067025
713	0.463314503
714	0.463539273
715	0.463755101
716	0.464044601
717	0.464232445
718	0.46439781799999996
719	0.46474215399999996
720	0.46494498799999995
721	0.465091825
722	0.465314031
723	0.465562552
724	0.46581643799999994
725	0.46605286
726	0.466240019
727	0.46641463
728	0.46661090899999996
729	0.46685826799999997
730	0.467043996
731	0.467226088
732	0.467463315
733	0.467672855
734	0.467871785
735	0.46806526200000004
736	0.468227535
737	0.468431473
738	0.468650579
739	0.468817651
740	0.46902141
741	0.469231725
742	0.46940934700000003
743	0.46955862600000003
744	0.469695419
745	0.46983110899999997
746	0.46996966
747	0.47016426899999997
748	0.470365584
749	0.470494717
750	0.470680475
751	0.47088587299999995
752	0.47105538799999996
753	0.47113663
754	0.471275359
755	0.471486807
756	0.471640736
757	0.471797109
758	0.471955925
759	0.47209936399999997
760	0.47221660600000004
761	0.472326875
762	0.472444594
763	0.47256615799999996
764	0.47267678399999996
765	0.472785532
766	0.472923249
767	0.473067671
768	0.47322312
769	0.47337877799999994
770	0.473379046
771	0.473412275
772	0.47357559200000005
773	0.473738581
774	0.473868579
775	0.47396403600000003
776	0.47405067100000003
777	0.47412055700000005
778	0.474204212
779	0.474323273
780	0.474430442
781	0.47453150200000005
782	0.474620551
783	0.474659383
784	0.474780947
785	0.47496146
786	0.47509801399999996
787	0.475112975
788	0.475151211
789	0.47530365
790	0.47536245
791	0.47543326
792	0.475550532
793	0.47567340700000005
794	0.47574383
795	0.47578221600000004
796	0.47583785700000003
797	0.47593236
798	0.47602698200000004
799	0.476085484
800	0.476068795
801	0.47617328200000003
802	0.476360083
803	0.47642636299999996
804	0.47651362399999997
805	0.476572871
806	0.476553082
807	0.476570874
808	0.476656407
809	0.47675803299999997
810	0.476685584
811	0.476729125
812	0.47686591700000003
813	0.47694182399999996
814	0.476964891
815	0.47699073
816	0.477054954
817	0.477110475
818	0.477189243
819	0.477263689
820	0.477253288
821	0.47734451299999997
822	0.47743362200000006
823	0.477386236
824	0.47736808700000005
825	0.47737601399999996
826	0.477418095
827	0.47755897
828	0.47764310200000004
829	0.47766903
830	0.47771063399999997
831	0.477754116
832	0.47779223299999996
833	0.477816224
834	0.477804065
835	0.477840871
836	0.47792568799999996
837	0.47797358
838	0.478014052
839	0.47804340700000003
840	0.478058904
841	0.478099108
842	0.478156298
843	0.47822234
844	0.478299737
845	0.47832894299999995
846	0.478310585
847	0.478286207
848	0.47837644799999995
849	0.478457123
850	0.478438407
851	0.47843462200000003
852	0.478461564
853	0.47853395299999996
854	0.478660971
855	0.478720665
856	0.478741914
857	0.478787601
858	0.478873104
859	0.478909194
860	0.47890251899999997
861	0.479016185
862	0.479091227
863	0.47911480100000003
864	0.47913456
865	0.479200959
866	0.47927629899999996
867	0.47933158299999995
868	0.47938284299999995
869	0.479414999
870	0.479444861
871	0.479508579
872	0.47958579700000004
873	0.479649693
874	0.47968900200000003
875	0.47975078200000004
876	0.479799539
877	0.479849815
878	0.47996980000000006
879	0.480063736
880	0.48012375799999996
881	0.480169833
882	0.48020771100000004
883	0.480321437
884	0.48050794
885	0.48062247
886	0.48069882399999997
887	0.480732799
888	0.480730265
889	0.48084518299999995
890	0.480989754
891	0.48108986
892	0.48115766
893	0.481276959
894	0.481424719
895	0.48151308299999995
896	0.48155576
897	0.48164263399999996
898	0.481811255
899	0.481891125
900	0.482013464
901	0.482177705
902	0.48227196899999997
903	0.482384831
904	0.48251700399999997
905	0.48264166700000005
906	0.48270094399999997
907	0.48278689399999997
908	0.48292622
909	0.48306357899999997
910	0.483176768
911	0.483322889
912	0.48353627299999996
913	0.483554631
914	0.483637959
915	0.48386991
916	0.484012812
917	0.484120905
918	0.48421376899999996
919	0.484311461
920	0.48445594299999994
921	0.484629899
922	0.484797895
923	0.484890401
924	0.485023439
925	0.48519092799999997
926	0.48533070100000003
927	0.48545470799999996
928	0.485620826
929	0.485828817
930	0.48591423
931	0.486077726
932	0.48626247
933	0.48628345100000003
934	0.486376584
935	0.486562461
936	0.486800522
937	0.48698970700000005
938	0.487164527
939	0.48735100000000003
940	0.48756346100000003
941	0.487660944
942	0.48776620600000004
943	0.48797968
944	0.488179326
945	0.48831841299999995
946	0.48841399
947	0.48854324200000004
948	0.488813579
949	0.48903199999999997
950	0.489058912
951	0.48916351799999996
952	0.48933354
953	0.489554405
954	0.489801824
955	0.489918381
956	0.49003410299999994
957	0.49025824700000004
958	0.490358561
959	0.49048808200000005
960	0.49068436
961	0.49087187600000004
962	0.491007298
963	0.491127163
964	0.491282314
965	0.491487503
966	0.491689444
967	0.491880655
968	0.49209553
969	0.492209285
970	0.492377967
971	0.492711425
972	0.492874861
973	0.493083835
974	0.493358523
975	0.493527144
976	0.49363526700000004
977	0.49372741600000003
978	0.493866235
979	0.49417728200000005
980	0.494441271
981	0.49461120399999997
982	0.494803458
983	0.495058537
984	0.49529624
985	0.49544435700000006
986	0.495557904
987	0.49571386
988	0.495941818
989	0.496220499
990	0.496374965
991	0.496539623
992	0.496815234
993	0.49698388600000004
994	0.497136116
995	0.497326255
996	0.497574776
997	0.497766376
998	0.497910291
999	0.49805057
1000	0.498256445
1001	0.497585148
1002	0.49780765200000004
1003	0.497938544
1004	0.49806785600000003
1005	0.49815926
1006	0.498230606
1007	0.49829769100000004
1008	0.4982723
1009	0.49837511799999995
1010	0.498562634
1011	0.498717189
1012	0.498974055
1013	0.499131292
1014	0.49922317299999996
1015	0.49929899
1016	0.49935516700000004
1017	0.49934145799999996
1018	0.49940753
1019	0.499451339
1020	0.499586552
1021	0.499807805
1022	0.499997824
1023	0.500254929
1024	0.5004542470000001
1025	0.50071615
1026	0.500818729
1027	0.500799239
1028	0.500763655
1029	0.5007751579999999
1030	0.500674725
1031	0.500706077
1032	0.500829935
1033	0.500971735
1034	0.501130104
1035	0.501313329
1036	0.501593053
1037	0.501812041
1038	0.502153993
1039	0.502263486
1040	0.502244055
1041	0.502128959
1042	0.502150297
1043	0.502005041
1044	0.5021116729999999
1045	0.502462745
1046	0.50267446
1047	0.502976298
1048	0.503096879
1049	0.503132284
1050	0.503157437
1051	0.5029540060000001
1052	0.50295192
1053	0.503064156
1054	0.503160655
1055	0.503345788
1056	0.503556848
1057	0.503655791
1058	0.50363028
1059	0.503766179
1060	0.503955603
1061	0.504071891
1062	0.50423789
1063	0.50437808
1064	0.504408002
1065	0.5045201779999999
1066	0.504714906
1067	0.504886508
1068	0.505144656
1069	0.505248845
1070	0.5053078529999999
1071	0.505270004
1072	0.505375803
1073	0.505450368
1074	0.505563855
1075	0.505809307
1076	0.5059834120000001
1077	0.506113946
1078	0.506224155
1079	0.506336153
1080	0.506445467
1081	0.5064741970000001
1082	0.506585956
1083	0.506744862
1084	0.5068505999999999
1085	0.50696975
1086	0.507115901
1087	0.5071863529999999
1088	0.507155001
1089	0.507279217
1090	0.507436931
1091	0.507594943
1092	0.507912815
1093	0.508090198
1094	0.508161008
1095	0.508242369
1096	0.508244395
1097	0.50832957
1098	0.508409262
1099	0.508572519
1100	0.508680224
1101	0.5087881089999999
1102	0.508890748
1103	0.508975685
1104	0.509066224
1105	0.509156168
1106	0.509289086
1107	0.5094751120000001
1108	0.509565949
1109	0.509571314
1110	0.509747446
1111	0.50979948
1112	0.5097306970000001
1113	0.509959221
1114	0.510114014
1115	0.5102144479999999
1116	0.510349929
1117	0.510489225
1118	0.51052165
1119	0.510597706
1120	0.510754764
1121	0.51083374
1122	0.510842621
1123	0.510917842
1124	0.511014819
1125	0.511063218
1126	0.511265874
1127	0.511454582
1128	0.511442661
1129	0.5114229920000001
1130	0.511513531
1131	0.511546552
1132	0.5116398329999999
1133	0.511940002
1134	0.512075603
1135	0.512055933
1136	0.512137234
1137	0.512251437
1138	0.512341678
1139	0.512425542
1140	0.512565434
1141	0.512684047
1142	0.512812257
1143	0.512949407
1144	0.5129866
1145	0.513046801
1146	0.513055503
1147	0.513109803
1148	0.513198078
1149	0.513250887
1150	0.513253808
1151	0.513321221
1152	0.513383031
1153	0.513522923
1154	0.513729393
1155	0.5137972829999999
1156	0.513893306
1157	0.514046252
1158	0.514052629
1159	0.514096439
1160	0.514117956
1161	0.514074504
1162	0.514152408
1163	0.514352024
1164	0.514450848
1165	0.514564931
1166	0.514662921
1167	0.514681995
1168	0.514766574
1169	0.5149198770000001
1170	0.515028238
1171	0.51507771
1172	0.515132308
1173	0.5152459739999999
1174	0.515372455
1175	0.5154379610000001
1176	0.5155438179999999
1177	0.5157016520000001
1178	0.515763104
1179	0.51580888
1180	0.515897274
1181	0.515952587
1182	0.515861571
1183	0.515908539
1184	0.516063631
1185	0.516172767
1186	0.516257465
1187	0.51638341
1188	0.516379952
1189	0.5163581970000001
1190	0.516466737
1191	0.516560197
1192	0.516677499
1193	0.5167861579999999
1194	0.516874492
1195	0.51690501
1196	0.516977906
1197	0.517066181
1198	0.517139316
1199	0.51722455
1200	0.517258286
1201	0.517261863
1202	0.51737237
1203	0.517467618
1204	0.517458498
1205	0.51749748
1206	0.517615139
1207	0.5177057979999999
1208	0.517738104
1209	0.517794132
1210	0.517864704
1211	0.517907739
1212	0.517953157
1213	0.518017292
1214	0.518061399
1215	0.518144906
1216	0.518257678
1217	0.518404961
1218	0.518465698
1219	0.5184927579999999
1220	0.518558085
1221	0.518600345
1222	0.51871264
1223	0.5188749429999999
1224	0.518970251
1225	0.5190445779999999
1226	0.519132614
1227	0.519171178
1228	0.519117296
1229	0.519084334
1230	0.5191084739999999
1231	0.51917398
1232	0.519216001
1233	0.519308984
1234	0.5193538670000001
1235	0.519319415
1236	0.519293308
1237	0.519293189
1238	0.5193425420000001
1239	0.5194600220000001
1240	0.51955092
1241	0.519580603
1242	0.519659042
1243	0.519736171
1244	0.519753098
1245	0.5198013779999999
1246	0.519919217
1247	0.520019948
1248	0.5200122
1249	0.520037413
1250	0.520077586
1251	0.520085514
1252	0.520020545
1253	0.520088255
1254	0.520210505
1255	0.520292521
1256	0.520421624
1257	0.520501316
1258	0.520522535
1259	0.520558655
1260	0.520586789
1261	0.520597517
1262	0.5205892320000001
1263	0.520605385
1264	0.520638168
1265	0.520677209
1266	0.5207183360000001
1267	0.520801663
1268	0.520846963
1269	0.520839214
1270	0.520912528
1271	0.52098161
1272	0.5210060479999999
1273	0.521090388
1274	0.521156549
1275	0.521165192
1276	0.521224856
1277	0.521289051
1278	0.521316171
1279	0.521341264
1280	0.521357179
1281	0.521378577
1282	0.521395624
1283	0.52142334
1284	0.521456003
1285	0.521522522
1286	0.521653354
1287	0.5217009189999999
1288	0.521739185
1289	0.521764934
1290	0.521835268
1291	0.521849155
1292	0.521804988
1293	0.52185607
1294	0.521915436
1295	0.5218261479999999
1296	0.5217878220000001
1297	0.5219030379999999
1298	0.521977067
1299	0.521977782
1300	0.522086501
1301	0.5222423079999999
1302	0.522282958
1303	0.522279382
1304	0.52234453
1305	0.522438347
1306	0.522474706
1307	0.522464037
1308	0.522524774
1309	0.522602618
1310	0.522574604
1311	0.522560358
1312	0.522596776
1313	0.522637486
1314	0.5226477979999999
1315	0.522677124
1316	0.52273494
1317	0.522692382
1318	0.522646785
1319	0.522729814
1320	0.52283901
1321	0.5229215620000001
1322	0.52298665
1323	0.523006976
1324	0.523054481
1325	0.5231570010000001
1326	0.52322489
1327	0.523323059
1328	0.523418367
1329	0.523494184
1330	0.523527384
1331	0.523586154
1332	0.523551047
1333	0.5234499570000001
1334	0.523455501
1335	0.523538709
1336	0.523638189
1337	0.523733377
1338	0.523780763
1339	0.523789585
1340	0.523869395
1341	0.523976922
1342	0.5239633920000001
1343	0.5239268539999999
1344	0.52394855
1345	0.523913443
1346	0.523849487
1347	0.523885429
1348	0.523922205
1349	0.52391386
1350	0.523884475
1351	0.523935974
1352	0.5239339470000001
1353	0.523859799
1354	0.5238713620000001
1355	0.523922205
1356	0.523930728
1357	0.5239754320000001
1358	0.523993433
1359	0.5239541529999999
1360	0.523995042
1361	0.524026811
1362	0.524029553
1363	0.52406472
1364	0.524032772
1365	0.524015009
1366	0.524026155
1367	0.524010003
1368	0.52401334
1369	0.524010658
1370	0.523982465
1371	0.523920655
1372	0.523846626
1373	0.523772597
1374	0.523696423
1375	0.523575962
1376	0.5235057470000001
1377	0.5235003229999999
1378	0.523457587
1379	0.523430824
1380	0.523402154
1381	0.5233610870000001
1382	0.523301959
1383	0.523158967
1384	0.523054838
1385	0.5230175260000001
1386	0.522922635
1387	0.522800505
1388	0.522676945
1389	0.52252233
1390	0.522339046
1391	0.52216351
1392	0.5220649239999999
1393	0.521986127
1394	0.521847904
1395	0.521700382
1396	0.5215632920000001
1397	0.52140677
1398	0.5212334989999999
1399	0.521035671
1400	0.520849049
1401	0.52057147
1402	0.520277798
1403	0.520000339
1404	0.519782722
1405	0.519638419
1406	0.5194457170000001
1407	0.519229352
1408	0.51897347
1409	0.51868844
1410	0.51841855
1411	0.518081307
1412	0.517803848
1413	0.517548859
1414	0.517348945
1415	0.517409503
1416	0.5175802110000001
1417	0.517842531
1418	0.518187344
1419	0.518545568
1420	0.518945992
1421	0.519293785
1422	0.519599319
1423	0.519874454
1424	0.520180881
1425	0.520474613
1426	0.520727932
1427	0.5209901929999999
1428	0.521255434
1429	0.5214864610000001
1430	0.521630287
1431	0.521782696
1432	0.521971345
1433	0.522120118
1434	0.522281468
1435	0.522497714
1436	0.522716403
1437	0.522868335
1438	0.522994697
1439	0.523181081
1440	0.5233130460000001
1441	0.5234000089999999
1442	0.523561895
1443	0.523698628
1444	0.5237922070000001
1445	0.523900688
1446	0.52398026
1447	0.5240376
1448	0.52409929
1449	0.524165928
1450	0.524231136
1451	0.524306774
1452	0.524391353
1453	0.5244780179999999
1454	0.524585903
1455	0.524658501
1456	0.524722695
1457	0.524767101
1458	0.524796128
1459	0.524790883
1460	0.524784982
1461	0.5248050089999999
1462	0.52484709
1463	0.524916947
1464	0.524986863
1465	0.525024891
1466	0.525060356
1467	0.525108039
1468	0.5251370670000001
1469	0.525166571
1470	0.525247157
1471	0.5253460999999999
1472	0.52541852
1473	0.525492311
1474	0.5255824920000001
1475	0.525668323
1476	0.525768936
1477	0.525929213
1478	0.526062667
1479	0.5261004570000001
1480	0.526143253
1481	0.526216686
1482	0.526288867
1483	0.526366591
1484	0.526418149
1485	0.526441991
1486	0.5265375379999999
1487	0.526653886
1488	0.526758015
1489	0.526932359
1490	0.527049422
1491	0.527130246
1492	0.527167618
1493	0.527176917
1494	0.527176917
1495	0.527195096
1496	0.527240217
1497	0.527341783
1498	0.527485371
1499	0.527568936
1500	0.5276260970000001
1501	0.527696311
1502	0.52776581
1503	0.527841508
1504	0.527865946
1505	0.52791959
1506	0.527999282
1507	0.528021514
1508	0.528063238
1509	0.528121531
1510	0.528179944
1511	0.528242826
1512	0.528296828
1513	0.528357863
1514	0.52839011
1515	0.528415918
1516	0.52846843
1517	0.5284760000000001
1518	0.528488874
1519	0.5285444260000001
1520	0.5285496120000001
1521	0.528595746
1522	0.528711855
1523	0.528792143
1524	0.528859913
1525	0.528932214
1526	0.529009104
1527	0.529049575
1528	0.529068172
1529	0.5290852189999999
1530	0.529062569
1531	0.529093087
1532	0.529167116
1533	0.529215574
1534	0.529289007
1535	0.529306054
1536	0.5293502210000001
1537	0.529359996
1538	0.529359519
1539	0.5294576289999999
1540	0.5294878479999999
1541	0.5294864770000001
1542	0.529565156
1543	0.529611886
1544	0.529637158
1545	0.52969408
1546	0.5297541020000001
1547	0.529805899
1548	0.529872954
1549	0.529943645
1550	0.5299674870000001
1551	0.529972911
1552	0.530034363
1553	0.5301255579999999
1554	0.530172467
1555	0.530224264
1556	0.530334175
1557	0.530432582
1558	0.5304956439999999
1559	0.530518949
1560	0.53053695
1561	0.5305891629999999
1562	0.5306156870000001
1563	0.530634046
1564	0.530664444
1565	0.530653179
1566	0.530662894
1567	0.530733705
1568	0.530733883
1569	0.530746818
1570	0.530850708
1571	0.53086406
1572	0.5308501720000001
1573	0.5308988689999999
1574	0.530926824
1575	0.530944109
1576	0.530977309
1577	0.531072736
1578	0.531153321
1579	0.5312021370000001
1580	0.531235814
1581	0.531327009
1582	0.531344056
1583	0.5312541129999999
1584	0.531253159
1585	0.531285286
1586	0.5312991739999999
1587	0.531330049
1588	0.531360567
1589	0.531379521
1590	0.531387687
1591	0.531396329
1592	0.53142643
1593	0.531473219
1594	0.531494319
1595	0.531509101
1596	0.531520665
1597	0.531532645
1598	0.531571686
1599	0.53165406
1600	0.531758308
1601	0.531847715
1602	0.531943142
1603	0.532026112
1604	0.5320578810000001
1605	0.532081008
1606	0.532088816
1607	0.5321038370000001
1608	0.532097936
1609	0.532053411
1610	0.532085955
1611	0.532148659
1612	0.532182753
1613	0.532200813
1614	0.532210588
1615	0.532239914
1616	0.5322486160000001
1617	0.532241285
1618	0.5322576760000001
1619	0.53232038
1620	0.532395959
1621	0.532453775
1622	0.532526731
1623	0.532556653
1624	0.53257978
1625	0.5326823
1626	0.532774627
1627	0.532794654
1628	0.5327897070000001
1629	0.532802284
1630	0.532838821
1631	0.532895684
1632	0.53292495
1633	0.532929361
1634	0.532927096
1635	0.532942235
1636	0.533035696
1637	0.533132672
1638	0.533185005
1639	0.533228636
1640	0.5332609420000001
1641	0.533285022
1642	0.533328056
1643	0.5333723429999999
1644	0.533389866
1645	0.533415675
1646	0.5334417220000001
1647	0.533474505
1648	0.533511639
1649	0.53353554
1650	0.53361094
1651	0.5336866379999999
1652	0.53370744
1653	0.533739448
1654	0.533775091
1655	0.533768535
1656	0.533761621
1657	0.533769429
1658	0.533762097
1659	0.533815503
1660	0.5339273210000001
1661	0.534020901
1662	0.534104645
1663	0.534160018
1664	0.534201086
1665	0.5342924
1666	0.5344112520000001
1667	0.53448689
1668	0.5345034000000001
1669	0.534510612
1670	0.534505963
1671	0.534510374
1672	0.534595668
1673	0.534669876
1674	0.5347038510000001
1675	0.534762919
1676	0.534819901
1677	0.534852624
1678	0.5348820089999999
1679	0.534910262
1680	0.534888327
1681	0.534870565
1682	0.534888446
1683	0.5349261160000001
1684	0.535024822
1685	0.535067916
1686	0.535021603
1687	0.535045564
1688	0.5351249579999999
1689	0.535150528
1690	0.535163879
1691	0.535236597
1692	0.535272777
1693	0.535247087
1694	0.535267055
1695	0.535306871
1696	0.5353118179999999
1697	0.535342336
1698	0.5354493260000001
1699	0.535529137
1700	0.535550714
1701	0.535593092
1702	0.535620332
1703	0.535655558
1704	0.535716414
1705	0.5357522370000001
1706	0.535844445
1707	0.535968244
1708	0.536035836
1709	0.536108851
1710	0.536203146
1711	0.5363361839999999
1712	0.536456168
1713	0.5364779829999999
1714	0.536553979
1715	0.536602795
1716	0.5365116
1717	0.536510646
1718	0.5364958639999999
1719	0.536335349
1720	0.536263406
1721	0.536313057
1722	0.536343157
1723	0.536346257
1724	0.536379874
1725	0.5364179020000001
1726	0.536402524
1727	0.536429644
1728	0.536461294
1729	0.536379218
1730	0.536301196
1731	0.5362629289999999
1732	0.5361665489999999
1733	0.5361198189999999
1734	0.53613919
1735	0.5360834
1736	0.536107421
1737	0.536174059
1738	0.5361872910000001
1739	0.5362979170000001
1740	0.5363387470000001
1741	0.536226392
1742	0.53618145
1743	0.5361652370000001
1744	0.536129296
1745	0.536195457
1746	0.536203027
1747	0.536118209
1748	0.536153793
1749	0.536215842
1750	0.536196232
1751	0.536172152
1752	0.536156893
1753	0.536103487
1754	0.536032379
1755	0.536019206
1756	0.536007166
1757	0.535991192
1758	0.536043048
1759	0.536021173
1760	0.535969615
1761	0.535908818
1762	0.535778046
1763	0.535722733
1764	0.535642147
1765	0.535633266
1766	0.535723388
1767	0.535686195
1768	0.535673738
1769	0.535740137
1770	0.535772562
1771	0.535823524
1772	0.535917997
1773	0.535959423
1774	0.535943806
1775	0.535990715
1776	0.5360665920000001
1777	0.536098182
1778	0.536077142
1779	0.536031544
1780	0.535978496
1781	0.5358470679999999
1782	0.535758972
1783	0.535750866
1784	0.535717189
1785	0.53572911
1786	0.535795152
1787	0.535911024
1788	0.536015153
1789	0.5360663529999999
1790	0.5361076
1791	0.53608948
1792	0.536119103
1793	0.536249757
1794	0.536373556
1795	0.536424279
1796	0.536341548
1797	0.536305726
1798	0.536394894
1799	0.53643167
1800	0.536520123
1801	0.534655929
1802	0.535778105
1803	0.536514521
1804	0.5372831229999999
1805	0.537762344
1806	0.537914753
1807	0.538179338
1808	0.538514912
1809	0.538808167
1810	0.539043486
1811	0.539336324
1812	0.539553881
1813	0.539651394
1814	0.5397421720000001
1815	0.539962471
1816	0.540045977
1817	0.539950609
1818	0.539898515
1819	0.5399327279999999
1820	0.539977014
1821	0.540068865
1822	0.540295303
1823	0.540466189
1824	0.540480494
1825	0.540476561
1826	0.5406609179999999
1827	0.540789902
1828	0.5408476
1829	0.540853143
1830	0.541014075
1831	0.541255474
1832	0.541300595
1833	0.5412821170000001
1834	0.541385353
1835	0.541493535
1836	0.54163456
1837	0.541679263
1838	0.5417789820000001
1839	0.541913509
1840	0.54190594
1841	0.541992545
1842	0.5422526
1843	0.542509019
1844	0.542542517
1845	0.5425199270000001
1846	0.542564988
1847	0.542615473
1848	0.5426791910000001
1849	0.542751849
1850	0.5428735610000001
1851	0.54303962
1852	0.543309987
1853	0.5434665679999999
1854	0.5434507129999999
1855	0.543553352
1856	0.543654919
1857	0.543651879
1858	0.543620229
1859	0.543697536
1860	0.543796897
1861	0.543782949
1862	0.5437883729999999
1863	0.543782651
1864	0.5438140029999999
1865	0.544013083
1866	0.543953121
1867	0.543860614
1868	0.543743372
1869	0.543717146
1870	0.543499053
1871	0.543491244
1872	0.5436497929999999
1873	0.543557644
1874	0.543522477
1875	0.5434778929999999
1876	0.5435323120000001
1877	0.5434463620000001
1878	0.543240488
1879	0.542993367
1880	0.542706668
1881	0.542427957
1882	0.542105675
1883	0.541763842
1884	0.541496813
1885	0.541200817
1886	0.540956795
1887	0.540658355
1888	0.540316999
1889	0.539954185
1890	0.539481282
1891	0.53899008
1892	0.538525105
1893	0.537937045
1894	0.537217855
1895	0.5365071889999999
1896	0.535847545
1897	0.535138965
1898	0.534314036
1899	0.533606291
1900	0.533080339
1901	0.532494009
1902	0.531956732
1903	0.531547368
1904	0.531008899
1905	0.530401826
1906	0.529862583
1907	0.5294433829999999
1908	0.528926969
1909	0.528596878
1910	0.528542459
1911	0.52842474
1912	0.528295517
1913	0.528314233
1914	0.528310061
1915	0.52834332
1916	0.528360724
1917	0.5285723210000001
1918	0.528766036
1919	0.5288684370000001
1920	0.5291088820000001
1921	0.5294271110000001
1922	0.529694855
1923	0.529878795
1924	0.53005302
1925	0.530278981
1926	0.530452609
1927	0.5306049589999999
1928	0.530806243
1929	0.530925691
1930	0.5309880379999999
1931	0.531136513
1932	0.531327248
1933	0.531623185
1934	0.531849444
1935	0.531963527
1936	0.532161832
1937	0.532416999
1938	0.532702088
1939	0.53292799
1940	0.533055604
1941	0.5330729479999999
1942	0.533180773
1943	0.533455431
1944	0.533672273
1945	0.533772469
1946	0.533887386
1947	0.5340025420000001
1948	0.533987761
1949	0.533987522
1950	0.534199655
1951	0.534418344
1952	0.534571111
1953	0.534847736
1954	0.535045922
1955	0.5351272229999999
1956	0.53534627
1957	0.535629451
1958	0.53581965
1959	0.535981059
1960	0.536310136
1961	0.536720753
1962	0.537011027
1963	0.537304997
1964	0.537614644
1965	0.538011432
1966	0.538336217
1967	0.538532615
1968	0.5387460589999999
1969	0.5390694739999999
1970	0.539292216
1971	0.539435863
1972	0.53977102
1973	0.5401581529999999
1974	0.540266037
1975	0.540304005
1976	0.540603995
1977	0.540847778
1978	0.541007102
1979	0.540983677
1980	0.5412902239999999
1981	0.5417833329999999
1982	0.5420833829999999
1983	0.542160451
1984	0.542457223
1985	0.54277873
1986	0.542916119
1987	0.543229938
1988	0.543697655
1989	0.5439044239999999
1990	0.544029236
1991	0.544252634
1992	0.544718146
1993	0.544974804
1994	0.544979393
1995	0.545274913
1996	0.545791507
1997	0.546204805
1998	0.546552658
1999	0.546997905
2000	0.547284961
2001	0.5474020239999999
2002	0.54768014
2003	0.548123956
2004	0.548414052
2005	0.548523545
2006	0.5489648579999999
2007	0.549645066
2008	0.550040603
2009	0.550347209
2010	0.5509066579999999
2011	0.551378787
2012	0.5516575570000001
2013	0.551950991
2014	0.552327335
2015	0.5526810289999999
2016	0.55289644
2017	0.55316931
2018	0.553591728
2019	0.553965151
2020	0.55401504
2021	0.554145694
2022	0.554434478
2023	0.554683745
2024	0.555142641
2025	0.555554688
2026	0.5558989639999999
2027	0.556146383
2028	0.5565399529999999
2029	0.5570767520000001
2030	0.557427466
2031	0.557748318
2032	0.5580621960000001
2033	0.55831176
2034	0.558427751
2035	0.558939993
2036	0.559511244
2037	0.559632778
2038	0.559699535
2039	0.559971094
2040	0.560210288
2041	0.560436487
2042	0.560875535
2043	0.5612340570000001
2044	0.561523199
2045	0.561645031
2046	0.561811686
2047	0.5621804
2048	0.562333524
2049	0.562264621
2050	0.562381983
2051	0.562630773
2052	0.5627301929999999
2053	0.562738955
2054	0.562875271
2055	0.562979937
2056	0.5630899070000001
2057	0.56313473
2058	0.563586295
2059	0.5639432670000001
2060	0.564195335
2061	0.564572275
2062	0.564773262
2063	0.564866722
2064	0.565035105
2065	0.565138102
2066	0.565118611
2067	0.565313935
2068	0.565659165
2069	0.5658161039999999
2070	0.566007674
2071	0.5662367939999999
2072	0.566129684
2073	0.566090405
2074	0.566394806
2075	0.56662941
2076	0.566714168
2077	0.5668603179999999
2078	0.56708014
2079	0.567262113
2080	0.567442358
2081	0.567767799
2082	0.5679690239999999
2083	0.567997217
2084	0.568151951
2085	0.568387687
2086	0.56863296
2087	0.568741798
2088	0.5687691570000001
2089	0.568894446
2090	0.569012761
2091	0.569070399
2092	0.569182217
2093	0.569271624
2094	0.569184363
2095	0.569297969
2096	0.569687009
2097	0.569782734
2098	0.569595933
2099	0.56976217
2100	0.5700773
2101	0.570273459
2102	0.570427597
2103	0.570733249
2104	0.571030617
2105	0.571251214
2106	0.571487367
2107	0.5720224979999999
2108	0.5722712870000001
2109	0.5721363429999999
2110	0.572315693
2111	0.572690606
2112	0.572938621
2113	0.57317251
2114	0.573429108
2115	0.57373929
2116	0.573889971
2117	0.573961794
2118	0.574194491
2119	0.574445903
2120	0.574792624
2121	0.575185299
2122	0.575877666
2123	0.5762138960000001
2124	0.57634604
2125	0.576562762
2126	0.5766517520000001
2127	0.576830804
2128	0.577169657
2129	0.577355385
2130	0.577518106
2131	0.577589452
2132	0.5775101779999999
2133	0.577411413
2134	0.577506602
2135	0.577510059
2136	0.577572465
2137	0.5776686670000001
2138	0.577661157
2139	0.577532649
2140	0.577464223
2141	0.57754457
2142	0.577243507
2143	0.576455057
2144	0.576256752
2145	0.576272309
2146	0.5760759120000001
2147	0.576227129
2148	0.576128185
2149	0.57554853
2150	0.575162649
2151	0.575030088
2152	0.574851811
2153	0.574549973
2154	0.574014544
2155	0.57347852
2156	0.572670937
2157	0.57222724
2158	0.5720050329999999
2159	0.571501911
2160	0.571014106
2161	0.570551217
2162	0.569853365
2163	0.569294214
2164	0.569113076
2165	0.568552494
2166	0.5676066879999999
2167	0.566882491
2168	0.566563666
2169	0.565855563
2170	0.565171897
2171	0.564905703
2172	0.564420283
2173	0.563595891
2174	0.563127995
2175	0.563069522
2176	0.562584102
2177	0.561880052
2178	0.5613479020000001
2179	0.56068182
2180	0.560156882
2181	0.5599356289999999
2182	0.559507966
2183	0.558881223
2184	0.558366656
2185	0.557825804
2186	0.557385206
2187	0.556818783
2188	0.556360483
2189	0.555768609
2190	0.55509907
2191	0.554665625
2192	0.554573298
2193	0.5539361829999999
2194	0.5529716610000001
2195	0.552460015
2196	0.551921189
2197	0.551332951
2198	0.551095486
2199	0.550713837
2200	0.549982846
2201	0.549426675
2202	0.549275041
2203	0.548739374
2204	0.547808528
2205	0.5470675229999999
2206	0.546557486
2207	0.546136916
2208	0.545609295
2209	0.545132458
2210	0.544973195
2211	0.544736326
2212	0.544798672
2213	0.545498669
2214	0.545735121
2215	0.545739353
2216	0.545878768
2217	0.546190679
2218	0.54616791
2219	0.545887232
2220	0.545819342
2221	0.545611143
2222	0.545495689
2223	0.545688748
2224	0.545654476
2225	0.545308173
2226	0.5452486870000001
2227	0.545419216
2228	0.545373797
2229	0.545561373
2230	0.5457764860000001
2231	0.54574275
2232	0.545804739
2233	0.5459181670000001
2234	0.546134949
2235	0.546169341
2236	0.5462723970000001
2237	0.5461629029999999
2238	0.545585155
2239	0.545576811
2240	0.545949459
2241	0.545890808
2242	0.54582572
2243	0.545917571
2244	0.5456435079999999
2245	0.545649469
2246	0.5461583729999999
2247	0.546501815
2248	0.546878815
2249	0.547088742
2250	0.547133267
2251	0.5469702479999999
2252	0.546763301
2253	0.546698868
2254	0.5466623310000001
2255	0.546719074
2256	0.546823382
2257	0.546920717
2258	0.546887517
2259	0.546984434
2260	0.5468536620000001
2261	0.546286047
2262	0.546222568
2263	0.546473622
2264	0.5464498999999999
2265	0.546476066
2266	0.546513438
2267	0.5464447139999999
2268	0.546304286
2269	0.5460093020000001
2270	0.546034634
2271	0.54631412
2272	0.5463042260000001
2273	0.546337306
2274	0.54649359
2275	0.546421587
2276	0.5462143420000001
2277	0.546425819
2278	0.546592712
2279	0.546260655
2280	0.546020925
2281	0.546173334
2282	0.546086371
2283	0.54585439
2284	0.5455825329999999
2285	0.5455205439999999
2286	0.545268714
2287	0.545118928
2288	0.545317292
2289	0.545287371
2290	0.545216024
2291	0.544924855
2292	0.544312239
2293	0.54405129
2294	0.543679118
2295	0.5434581039999999
2296	0.543797016
2297	0.5438210960000001
2298	0.543503582
2299	0.543342769
2300	0.543223262
2301	0.543140948
2302	0.543282986
2303	0.543119967
2304	0.542670786
2305	0.542514801
2306	0.542459548
2307	0.542189956
2308	0.541955054
2309	0.5418157579999999
2310	0.541390061
2311	0.541054606
2312	0.541036725
2313	0.54071486
2314	0.540431142
2315	0.540344238
2316	0.5401356820000001
2317	0.539886415
2318	0.53976661
2319	0.5396475789999999
2320	0.539505363
2321	0.539569438
2322	0.539333582
2323	0.5385102629999999
2324	0.53861475
2325	0.539479673
2326	0.5394677520000001
2327	0.539161563
2328	0.539589763
2329	0.5399048329999999
2330	0.5400756
2331	0.540799677
2332	0.541674078
2333	0.542360842
2334	0.54285568
2335	0.543395698
2336	0.544771671
2337	0.54576236
2338	0.545778096
2339	0.5467096570000001
2340	0.5479481820000001
2341	0.548158586
2342	0.548390508
2343	0.549417496
2344	0.550185561
2345	0.550715387
2346	0.551739395
2347	0.552617073
2348	0.5529924039999999
2349	0.553438067
2350	0.554229259
2351	0.554855525
2352	0.554946005
2353	0.555545032
2354	0.556649566
2355	0.556781292
2356	0.55671823
2357	0.5568989520000001
2358	0.5570076110000001
2359	0.557394862
2360	0.55753386
2361	0.557926059
2362	0.55836159
2363	0.558690131
2364	0.559270501
2365	0.559660852
2366	0.559527099
2367	0.559573412
2368	0.559949577
2369	0.560284793
2370	0.560449958
2371	0.560649395
2372	0.561030507
2373	0.560947657
2374	0.5605888370000001
2375	0.560488522
2376	0.560088336
2377	0.5598272679999999
2378	0.559975564
2379	0.560184121
2380	0.560141861
2381	0.559913099
2382	0.559442818
2383	0.559369326
2384	0.560078382
2385	0.560297132
2386	0.560424864
2387	0.560591459
2388	0.560330629
2389	0.559994876
2390	0.559488833
2391	0.559708655
2392	0.560230851
2393	0.5600413679999999
2394	0.559851825
2395	0.55933851
2396	0.558554888
2397	0.558217347
2398	0.558126748
2399	0.55852282
2400	0.559101641
2401	0.559489131
2402	0.55977267
2403	0.5594754820000001
2404	0.559075952
2405	0.559124827
2406	0.558792889
2407	0.557725251
2408	0.557140648
2409	0.557318091
2410	0.556727469
2411	0.555746078
2412	0.555561125
2413	0.5558232670000001
2414	0.555799067
2415	0.555844188
2416	0.5560550089999999
2417	0.555461764
2418	0.5555984970000001
2419	0.556658447
2420	0.556842387
2421	0.5558101529999999
2422	0.554268658
2423	0.554160178
2424	0.554555595
2425	0.553820789
2426	0.5536642070000001
2427	0.553589702
2428	0.552138269
2429	0.551146328
2430	0.550123215
2431	0.548978627
2432	0.54907304
2433	0.548473656
2434	0.5485548379999999
2435	0.547898591
2436	0.545789957
2437	0.544932306
2438	0.5447397829999999
2439	0.543986917
2440	0.543943882
2441	0.542905569
2442	0.540107131
2443	0.539769053
2444	0.540696204
2445	0.5406051279999999
2446	0.5418581370000001
2447	0.541722357
2448	0.53987664
2449	0.538769126
2450	0.537376463
2451	0.536800802
2452	0.5368769760000001
2453	0.5363748070000001
2454	0.53592521
2455	0.535602212
2456	0.535090685
2457	0.5346701739999999
2458	0.534999609
2459	0.534380555
2460	0.532885551
2461	0.531722724
2462	0.528913438
2463	0.529308975
2464	0.533761919
2465	0.533520758
2466	0.532149613
2467	0.531779945
2468	0.527893603
2469	0.526116014
2470	0.527631819
2471	0.527923465
2472	0.52657634
2473	0.5266386270000001
2474	0.5297601820000001
2475	0.529185772
2476	0.5248814820000001
2477	0.525293052
2478	0.528493047
2479	0.5267629620000001
2480	0.524265826
2481	0.523606062
2482	0.518642843
2483	0.516315937
2484	0.5204295520000001
2485	0.520412326
2486	0.514981687
2487	0.514207304
2488	0.517517149
2489	0.517839253
2490	0.518585682
2491	0.51786834
2492	0.515039504
2493	0.511783302
2494	0.505158961
2495	0.50399214
2496	0.506237745
2497	0.505304933
2498	0.506407797
2499	0.507878721
2500	0.507122695
