350	0.105459787
351	0.09600334599999999
352	0.09734457699999999
353	0.097575814
354	0.096466146
355	0.09863697699999999
356	0.09931238
357	0.097884141
358	0.09529516800000001
359	0.09616409199999999
360	0.097026415
361	0.09542647
362	0.093671843
363	0.094153777
364	0.096200109
365	0.09429927199999999
366	0.093228929
367	0.094336115
368	0.097309202
369	0.09688130800000001
370	0.09614971300000001
371	0.09931571
372	0.100275375
373	0.09946413300000001
374	0.09832707800000001
375	0.099007361
376	0.10017505300000001
377	0.10077022
378	0.09973903
379	0.099644989
380	0.100056641
381	0.09888643
382	0.09976147099999999
383	0.101715855
384	0.10271128300000001
385	0.102014817
386	0.101809539
387	0.103197105
388	0.10335425300000001
389	0.104038127
390	0.10541397300000001
391	0.105303712
392	0.105776496
393	0.10649908300000001
394	0.10596738800000001
395	0.106661491
396	0.107948907
397	0.10860823800000001
398	0.10891670699999999
399	0.109398454
400	0.110229269
401	0.11067269699999999
402	0.110547177
403	0.11026894300000001
404	0.11119757599999999
405	0.11208996199999999
406	0.11273922800000001
407	0.113394387
408	0.114046223
409	0.114716955
410	0.115412407
411	0.116067387
412	0.11638197300000001
413	0.11635935300000001
414	0.11675433800000001
415	0.11781094199999999
416	0.11907353300000001
417	0.118926831
418	0.119397163
419	0.12056338
420	0.12158837199999999
421	0.12230761300000001
422	0.12289009199999999
423	0.12359129599999999
424	0.124515377
425	0.125319108
426	0.125844374
427	0.126480401
428	0.127399147
429	0.12853419800000002
430	0.12947951300000002
431	0.13051658900000002
432	0.13164457699999998
433	0.13273981199999998
434	0.133823156
435	0.134823307
436	0.13571851
437	0.136921331
438	0.138182446
439	0.139301926
440	0.14034423199999999
441	0.14143282199999999
442	0.142586827
443	0.143690735
444	0.144735187
445	0.145767719
446	0.146863356
447	0.147857904
448	0.148736447
449	0.14953006800000002
450	0.150293559
451	0.15113087
452	0.152081355
453	0.153068975
454	0.153882995
455	0.154522002
456	0.15522933
457	0.155969992
458	0.156710401
459	0.157401055
460	0.157947972
461	0.15846943900000002
462	0.159093231
463	0.159712076
464	0.16035202099999998
465	0.161014229
466	0.16162212199999998
467	0.162197754
468	0.16276791699999998
469	0.16336436599999998
470	0.164017394
471	0.164721996
472	0.165446907
473	0.166080683
474	0.166715041
475	0.167441323
476	0.16820088
477	0.168863297
478	0.16942291
479	0.170127019
480	0.17090479999999997
481	0.17170147600000002
482	0.172464326
483	0.173195317
484	0.17393498100000002
485	0.174746022
486	0.17566672
487	0.17664839300000001
488	0.17764312
489	0.178654805
490	0.17961597399999998
491	0.180532306
492	0.18151485899999997
493	0.182608902
494	0.18376268399999998
495	0.18483845899999998
496	0.18582947600000002
497	0.186860949
498	0.188055158
499	0.18914730800000001
500	0.19027040899999997
501	0.191516876
502	0.19273391399999998
503	0.19389562300000002
504	0.19501192899999997
505	0.19612739999999998
506	0.19738923
507	0.19874455
508	0.20002670600000003
509	0.201188385
510	0.20233237699999998
511	0.203567252
512	0.204737306
513	0.205952629
514	0.20726126399999997
515	0.20849078899999998
516	0.209767655
517	0.21110759699999998
518	0.212406874
519	0.21368578100000002
520	0.214997768
521	0.216401398
522	0.217759192
523	0.21910873100000003
524	0.22051267300000002
525	0.222004443
526	0.223481596
527	0.224912897
528	0.22643671899999998
529	0.227997139
530	0.229560122
531	0.231105179
532	0.232699424
533	0.234351024
534	0.236046985
535	0.23774819100000003
536	0.23944810000000002
537	0.241165653
538	0.242972165
539	0.244799703
540	0.246634558
541	0.24853773399999998
542	0.250498295
543	0.252473652
544	0.25439274300000003
545	0.256399482
546	0.258478612
547	0.26057890100000003
548	0.262722403
549	0.264980733
550	0.267373145
551	0.269782662
552	0.272285223
553	0.274920553
554	0.277712613
555	0.280494511
556	0.283227921
557	0.285932183
558	0.28852590899999997
559	0.291021019
560	0.293478638
561	0.296054989
562	0.298582017
563	0.300992906
564	0.303431541
565	0.30581966
566	0.308184892
567	0.31060487
568	0.313005149
569	0.31538716
570	0.317759186
571	0.319971442
572	0.32210961
573	0.324263006
574	0.326434344
575	0.328658223
576	0.330909222
577	0.333098799
578	0.33527308699999997
579	0.337400466
580	0.33943280600000003
581	0.34141510700000005
582	0.343360066
583	0.34526071
584	0.346994549
585	0.348687708
586	0.35042837299999996
587	0.35217866299999995
588	0.353948385
589	0.355661929
590	0.357167006
591	0.35865435
592	0.360111684
593	0.36146068600000003
594	0.362624228
595	0.363649458
596	0.364637345
597	0.365839869
598	0.36719363899999996
599	0.368610144
600	0.37000766399999996
601	0.371313214
602	0.372559905
603	0.373844832
604	0.375079215
605	0.37626484
606	0.377420574
607	0.37852850600000004
608	0.379648983
609	0.380783796
610	0.381810516
611	0.382850409
612	0.383911014
613	0.38492873299999997
614	0.38592547200000005
615	0.38691058799999994
616	0.387882054
617	0.38881784700000005
618	0.389708579
619	0.390563965
620	0.391449362
621	0.392350346
622	0.39322346399999997
623	0.393990457
624	0.39481464
625	0.395670772
626	0.39646831200000004
627	0.39721515799999996
628	0.397942096
629	0.39868310100000004
630	0.399456501
631	0.400234818
632	0.40099847299999997
633	0.40172690200000005
634	0.402479142
635	0.403239578
636	0.403951615
637	0.404630572
638	0.40534198299999996
639	0.406123102
640	0.406858355
641	0.407569915
642	0.408274531
643	0.408977747
644	0.409623206
645	0.410241455
646	0.41092515
647	0.411673635
648	0.412411511
649	0.413072854
650	0.413766742
651	0.41444966200000005
652	0.415115446
653	0.41588115700000006
654	0.416597813
655	0.417265564
656	0.41800829799999994
657	0.41865477
658	0.419258267
659	0.419923216
660	0.420562118
661	0.421243101
662	0.421982646
663	0.42260804799999996
664	0.423310608
665	0.42408922299999996
666	0.424735785
667	0.425367624
668	0.426009804
669	0.426657766
670	0.42726782
671	0.42789778100000003
672	0.42858728799999996
673	0.42928308200000004
674	0.429867655
675	0.43038150700000005
676	0.431083947
677	0.43172302799999995
678	0.432307869
679	0.432942152
680	0.43353313200000004
681	0.434103489
682	0.43468073
683	0.43523854
684	0.43584930899999996
685	0.436502695
686	0.43706688299999996
687	0.437595755
688	0.438162416
689	0.43884584299999996
690	0.43944364799999996
691	0.43997690100000003
692	0.440508455
693	0.44107005
694	0.441609174
695	0.44212755600000003
696	0.442720354
697	0.44330585
698	0.443860501
699	0.444385797
700	0.444913864
701	0.445432216
702	0.445928901
703	0.44643983200000004
704	0.446973026
705	0.44753482899999997
706	0.44815105200000005
707	0.44868138399999996
708	0.44913128
709	0.44959273899999996
710	0.45012727399999997
711	0.450695723
712	0.45124384799999995
713	0.451760292
714	0.452271521
715	0.452795357
716	0.453344345
717	0.45380196
718	0.454241455
719	0.454829663
720	0.45532640799999996
721	0.455780536
722	0.456277996
723	0.45679780799999997
724	0.457334191
725	0.45786401600000004
726	0.45833081
727	0.45881179
728	0.459312856
729	0.45980671
730	0.46026465299999997
731	0.46073564899999997
732	0.461252868
733	0.461706102
734	0.46216803799999995
735	0.46265146100000004
736	0.463059127
737	0.46350204899999997
738	0.46396216799999995
739	0.464370251
740	0.46481990799999995
741	0.46527799999999997
742	0.465700269
743	0.466084778
744	0.466454476
745	0.466830134
746	0.467232555
747	0.467678964
748	0.46811127700000005
749	0.46845454
750	0.468833148
751	0.469228208
752	0.469601214
753	0.46990382700000005
754	0.47026610399999996
755	0.470696062
756	0.471064627
757	0.47142902
758	0.471782207
759	0.472102642
760	0.472419649
761	0.472715855
762	0.47298726399999996
763	0.473282009
764	0.473574638
765	0.47386410799999995
766	0.474170178
767	0.474486023
768	0.47481104700000004
769	0.47512719
770	0.475295842
771	0.47548878200000005
772	0.47579658
773	0.47610727
774	0.476374358
775	0.476595074
776	0.47680172299999996
777	0.47700527299999995
778	0.47721543899999996
779	0.47743442700000005
780	0.477644384
781	0.477866918
782	0.47809276
783	0.478254467
784	0.478476256
785	0.478745401
786	0.47898072
787	0.47909531
788	0.47923114899999997
789	0.479477227
790	0.479624361
791	0.479774475
792	0.479966909
793	0.48017445200000003
794	0.48032403
795	0.480426759
796	0.48053163299999996
797	0.48071062600000003
798	0.480896294
799	0.48102805
800	0.481068254
801	0.481232405
802	0.48148793
803	0.48162809
804	0.481754869
805	0.48184782299999995
806	0.481885612
807	0.48193925600000004
808	0.48206260799999995
809	0.482213885
810	0.48219004299999996
811	0.482251346
812	0.48239535100000003
813	0.482507795
814	0.482569814
815	0.482631326
816	0.482728034
817	0.48282095799999997
818	0.48294520399999996
819	0.48305496600000003
820	0.483031899
821	0.48315316399999997
822	0.483289927
823	0.48325789
824	0.483227581
825	0.48324835299999996
826	0.48333606100000004
827	0.483474284
828	0.483580589
829	0.483648419
830	0.4837102
831	0.483745575
832	0.48377913200000006
833	0.483824044
834	0.48383137600000004
835	0.483873636
836	0.483970225
837	0.484089792
838	0.484142065
839	0.484152019
840	0.48417857299999995
841	0.484240115
842	0.48430681200000003
843	0.484369874
844	0.484473139
845	0.48450341799999996
846	0.484480202
847	0.48449289799999995
848	0.484620988
849	0.484704942
850	0.484654993
851	0.484683663
852	0.48474952600000004
853	0.484834075
854	0.484933376
855	0.485012591
856	0.48507702399999997
857	0.485143334
858	0.485222369
859	0.485290438
860	0.485353142
861	0.485465795
862	0.485553712
863	0.485597581
864	0.485612452
865	0.485699624
866	0.48581752200000006
867	0.485923499
868	0.486011684
869	0.486081183
870	0.486147285
871	0.48623594600000003
872	0.48632180700000005
873	0.486415535
874	0.48652535700000005
875	0.486625969
876	0.486714959
877	0.486822456
878	0.48701366799999996
879	0.487144619
880	0.487244278
881	0.48737335200000004
882	0.487454176
883	0.487581849
884	0.487784624
885	0.48797872700000006
886	0.488098085
887	0.488172263
888	0.488281965
889	0.48849389
890	0.488707185
891	0.488866597
892	0.489064813
893	0.48926132899999997
894	0.489448369
895	0.489631265
896	0.48975890899999996
897	0.48989263200000005
898	0.490077585
899	0.490244776
900	0.49044814700000006
901	0.49067819100000004
902	0.49087253200000003
903	0.49110701700000003
904	0.49133718
905	0.491514713
906	0.491697192
907	0.49188262200000005
908	0.492093176
909	0.49238351
910	0.492622524
911	0.49285492299999994
912	0.493142724
913	0.49329990100000004
914	0.493495315
915	0.493801504
916	0.49411732
917	0.49436405299999997
918	0.494557291
919	0.494766355
920	0.49508944200000005
921	0.49538624299999995
922	0.495598465
923	0.495879024
924	0.49614793100000004
925	0.496397704
926	0.49665281200000005
927	0.496965736
928	0.49728348899999997
929	0.497560114
930	0.497794151
931	0.49808579700000005
932	0.498377621
933	0.498537391
934	0.49879097899999997
935	0.49909940399999997
936	0.499408662
937	0.499754965
938	0.500080168
939	0.50039345
940	0.500745058
941	0.501042247
942	0.501302838
943	0.5015798810000001
944	0.501989067
945	0.5022922160000001
946	0.502493083
947	0.502794027
948	0.503138423
949	0.5034646389999999
950	0.503733993
951	0.503995538
952	0.504283369
953	0.504624367
954	0.505030036
955	0.505359173
956	0.505648375
957	0.505952954
958	0.50623548
959	0.506513298
960	0.5068044660000001
961	0.507128358
962	0.507453918
963	0.507735491
964	0.50796771
965	0.508292139
966	0.50870049
967	0.509111941
968	0.5093807579999999
969	0.5096762779999999
970	0.5100348
971	0.510431647
972	0.510731876
973	0.511164725
974	0.511670351
975	0.5119172329999999
976	0.512194335
977	0.512523174
978	0.512874544
979	0.513263702
980	0.513681233
981	0.514079928
982	0.514384627
983	0.514760792
984	0.5151972770000001
985	0.515615046
986	0.515846491
987	0.516107798
988	0.5164870020000001
989	0.516948283
990	0.517225444
991	0.5174910429999999
992	0.517905295
993	0.518297076
994	0.518593073
995	0.518841326
996	0.519180655
997	0.519620299
998	0.519984126
999	0.520197392
1000	0.520553052
1001	0.5196147560000001
1002	0.51986289
1003	0.519992054
1004	0.51993078
1005	0.520135045
1006	0.520398021
1007	0.520640969
1008	0.52100265
1009	0.521352887
1010	0.521643579
1011	0.5219874379999999
1012	0.522527814
1013	0.522887707
1014	0.523201406
1015	0.523395002
1016	0.523566663
1017	0.5236189960000001
1018	0.5237377879999999
1019	0.523729801
1020	0.52397573
1021	0.524411023
1022	0.5247043370000001
1023	0.525078058
1024	0.525423586
1025	0.52571857
1026	0.525945783
1027	0.5260336999999999
1028	0.526396871
1029	0.52659297
1030	0.526624262
1031	0.526862979
1032	0.52722913
1033	0.5275258420000001
1034	0.527850509
1035	0.528170824
1036	0.528576553
1037	0.528806925
1038	0.528883636
1039	0.5290839079999999
1040	0.5291734339999999
1041	0.529358983
1042	0.529644608
1043	0.5301439170000001
1044	0.5304466489999999
1045	0.5306728479999999
1046	0.531002402
1047	0.53140384
1048	0.531652629
1049	0.531921089
1050	0.5321279760000001
1051	0.532081008
1052	0.532224357
1053	0.5324925779999999
1054	0.53272289
1055	0.532986462
1056	0.533289611
1057	0.533523619
1058	0.533700109
1059	0.533941925
1060	0.534158885
1061	0.534432471
1062	0.534760773
1063	0.535069764
1064	0.535428286
1065	0.535743475
1066	0.536052883
1067	0.536335945
1068	0.536628604
1069	0.536800563
1070	0.537031233
1071	0.537280202
1072	0.537471116
1073	0.5375766160000001
1074	0.5378254060000001
1075	0.538139224
1076	0.5383641720000001
1077	0.538605809
1078	0.538900733
1079	0.539178371
1080	0.539410591
1081	0.539682508
1082	0.539975643
1083	0.5401376489999999
1084	0.540329456
1085	0.54058075
1086	0.540927768
1087	0.541181207
1088	0.541398048
1089	0.54166925
1090	0.541897535
1091	0.5422117710000001
1092	0.542723119
1093	0.5430113670000001
1094	0.543158293
1095	0.5434130429999999
1096	0.543652833
1097	0.543789089
1098	0.544055104
1099	0.54432708
1100	0.544577479
1101	0.5447948579999999
1102	0.545009434
1103	0.545193136
1104	0.545445561
1105	0.545712352
1106	0.5459318160000001
1107	0.54624927
1108	0.546499133
1109	0.546665967
1110	0.5467758770000001
1111	0.5470519070000001
1112	0.547216713
1113	0.5475249289999999
1114	0.547897637
1115	0.548157752
1116	0.548399389
1117	0.548670709
1118	0.5488759879999999
1119	0.549090624
1120	0.549360514
1121	0.549566925
1122	0.549697697
1123	0.5498922470000001
1124	0.550113678
1125	0.550277472
1126	0.550608575
1127	0.550961554
1128	0.5511050820000001
1129	0.5512513520000001
1130	0.551485479
1131	0.551625729
1132	0.5518496039999999
1133	0.552323699
1134	0.552580655
1135	0.552594364
1136	0.552800894
1137	0.553141832
1138	0.5533347129999999
1139	0.5534977320000001
1140	0.55370903
1141	0.553887665
1142	0.554060519
1143	0.55429554
1144	0.5545870070000001
1145	0.554825664
1146	0.554994762
1147	0.555147767
1148	0.5553104879999999
1149	0.555504441
1150	0.555661261
1151	0.555822015
1152	0.556011617
1153	0.556197464
1154	0.556387842
1155	0.556593955
1156	0.5569444889999999
1157	0.5572931170000001
1158	0.557429016
1159	0.557568073
1160	0.557735145
1161	0.5579146739999999
1162	0.5581025479999999
1163	0.558372796
1164	0.558578014
1165	0.558714747
1166	0.558927417
1167	0.559218943
1168	0.55945009
1169	0.559705377
1170	0.5598564739999999
1171	0.560001493
1172	0.560253918
1173	0.560545266
1174	0.56078887
1175	0.561000466
1176	0.561169326
1177	0.561361194
1178	0.561585844
1179	0.561750889
1180	0.561843812
1181	0.56204617
1182	0.562251985
1183	0.56246078
1184	0.562754393
1185	0.563045025
1186	0.563141942
1187	0.563275099
1188	0.563471377
1189	0.563614786
1190	0.563758433
1191	0.563959122
1192	0.564176738
1193	0.56431514
1194	0.564488888
1195	0.564771891
1196	0.564965606
1197	0.565038681
1198	0.565210283
1199	0.565441787
1200	0.565609157
1201	0.565789521
1202	0.565986991
1203	0.566114008
1204	0.566244006
1205	0.566348851
1206	0.566486418
1207	0.566700518
1208	0.566889524
1209	0.567077637
1210	0.567270398
1211	0.56744951
1212	0.5675946470000001
1213	0.56771934
1214	0.567770004
1215	0.567935407
1216	0.5681499839999999
1217	0.568334579
1218	0.568512082
1219	0.568732381
1220	0.56891197
1221	0.569027364
1222	0.56923008
1223	0.56947881
1224	0.569609344
1225	0.569687665
1226	0.569793046
1227	0.569901824
1228	0.570044577
1229	0.570217133
1230	0.5703541639999999
1231	0.570453703
1232	0.570590615
1233	0.570730627
1234	0.57086724
1235	0.570951343
1236	0.571075141
1237	0.571210682
1238	0.571350157
1239	0.5715639
1240	0.571707547
1241	0.571765244
1242	0.571898103
1243	0.572101593
1244	0.572299778
1245	0.572416782
1246	0.572467148
1247	0.572551787
1248	0.572653949
1249	0.572732747
1250	0.572836518
1251	0.572960496
1252	0.573062897
1253	0.573169351
1254	0.5733438129999999
1255	0.573560476
1256	0.573737204
1257	0.5738527179999999
1258	0.573993921
1259	0.574136376
1260	0.574213505
1261	0.57428509
1262	0.574400902
1263	0.574546456
1264	0.57464838
1265	0.574722648
1266	0.57484287
1267	0.5749730470000001
1268	0.57506448
1269	0.5751456620000001
1270	0.575312018
1271	0.575452328
1272	0.5755200979999999
1273	0.575620115
1274	0.5757581
1275	0.575827181
1276	0.575866103
1277	0.5759643320000001
1278	0.576088905
1279	0.576191664
1280	0.57624644
1281	0.576300502
1282	0.576398134
1283	0.576505363
1284	0.576609015
1285	0.576751351
1286	0.576910138
1287	0.576996565
1288	0.5770151020000001
1289	0.5770459179999999
1290	0.57715857
1291	0.5772519110000001
1292	0.577291727
1293	0.577382505
1294	0.577475905
1295	0.577464581
1296	0.5775069589999999
1297	0.577698469
1298	0.577822089
1299	0.577839136
1300	0.577922344
1301	0.578037977
1302	0.578174651
1303	0.578320861
1304	0.578421533
1305	0.578536212
1306	0.57863915
1307	0.578703225
1308	0.578771412
1309	0.578857124
1310	0.578912258
1311	0.578971922
1312	0.5790398720000001
1313	0.579103768
1314	0.579176366
1315	0.5791986579999999
1316	0.579188049
1317	0.579213619
1318	0.579250216
1319	0.579289019
1320	0.579339564
1321	0.579418421
1322	0.579542994
1323	0.5796555879999999
1324	0.579727709
1325	0.57983923
1326	0.579949915
1327	0.580020547
1328	0.5800715089999999
1329	0.580119014
1330	0.58024919
1331	0.580329835
1332	0.580324292
1333	0.580383241
1334	0.580458045
1335	0.580474079
1336	0.580536783
1337	0.580635548
1338	0.580707431
1339	0.5807491539999999
1340	0.580826342
1341	0.580927551
1342	0.580932021
1343	0.580944955
1344	0.580996811
1345	0.580936432
1346	0.580878079
1347	0.580929577
1348	0.580981314
1349	0.5809807779999999
1350	0.580999196
1351	0.581051826
1352	0.581020772
1353	0.580875695
1354	0.580849588
1355	0.580929816
1356	0.5809558029999999
1357	0.58101809
1358	0.58107233
1359	0.581018269
1360	0.580987632
1361	0.581020057
1362	0.581062675
1363	0.581122816
1364	0.581100464
1365	0.5810358520000001
1366	0.581056118
1367	0.581024349
1368	0.580880582
1369	0.580782235
1370	0.5806784629999999
1371	0.580523968
1372	0.5803067679999999
1373	0.580119669
1374	0.579892695
1375	0.579571307
1376	0.57924962
1377	0.578954399
1378	0.578603268
1379	0.578179479
1380	0.5777432920000001
1381	0.577421069
1382	0.577112854
1383	0.576702654
1384	0.576317847
1385	0.5758963229999999
1386	0.575388193
1387	0.574904025
1388	0.574390948
1389	0.573798954
1390	0.573177576
1391	0.57255435
1392	0.571917355
1393	0.571274459
1394	0.5706542729999999
1395	0.5700090529999999
1396	0.569359601
1397	0.568658233
1398	0.5679307579999999
1399	0.567176938
1400	0.566371441
1401	0.565570176
1402	0.56477195
1403	0.563928187
1404	0.563119471
1405	0.5623431210000001
1406	0.5615013839999999
1407	0.560716212
1408	0.559855998
1409	0.558930099
1410	0.558036149
1411	0.5569774510000001
1412	0.556106746
1413	0.555376768
1414	0.554924309
1415	0.5551928279999999
1416	0.555670261
1417	0.556450903
1418	0.557561457
1419	0.55860281
1420	0.559615195
1421	0.560517311
1422	0.561425269
1423	0.562232018
1424	0.563042402
1425	0.56391573
1426	0.564716101
1427	0.5654588939999999
1428	0.566114068
1429	0.566744149
1430	0.567323327
1431	0.567914009
1432	0.568471789
1433	0.569014549
1434	0.5695905689999999
1435	0.570106983
1436	0.57059294
1437	0.571102321
1438	0.5715945960000001
1439	0.572033346
1440	0.572422683
1441	0.572797954
1442	0.573156893
1443	0.5735027189999999
1444	0.57383424
1445	0.574119151
1446	0.574403346
1447	0.574698985
1448	0.574936867
1449	0.5751408929999999
1450	0.575278223
1451	0.575479448
1452	0.575691164
1453	0.575873494
1454	0.5760698320000001
1455	0.576272845
1456	0.576465786
1457	0.576612711
1458	0.576757789
1459	0.5769019129999999
1460	0.577034473
1461	0.577163517
1462	0.577316582
1463	0.57748425
1464	0.577646136
1465	0.577802002
1466	0.57795614
1467	0.57810688
1468	0.578243434
1469	0.578375459
1470	0.578578234
1471	0.5788099170000001
1472	0.578985274
1473	0.579172015
1474	0.579403579
1475	0.579669774
1476	0.579972684
1477	0.580265284
1478	0.58051312
1479	0.58075124
1480	0.581003726
1481	0.581205547
1482	0.581395984
1483	0.5815526839999999
1484	0.581759214
1485	0.581954002
1486	0.582165539
1487	0.582415581
1488	0.5826640129999999
1489	0.582947433
1490	0.5831722020000001
1491	0.583369792
1492	0.5835589170000001
1493	0.5837056039999999
1494	0.583846211
1495	0.5839958789999999
1496	0.584177136
1497	0.58434391
1498	0.584492981
1499	0.5846722129999999
1500	0.584903061
1501	0.585111439
1502	0.585258245
1503	0.5853875279999999
1504	0.585513949
1505	0.585668325
1506	0.5858179929999999
1507	0.585946202
1508	0.5861030220000001
1509	0.586257875
1510	0.586380243
1511	0.586541295
1512	0.586777449
1513	0.586946607
1514	0.587082922
1515	0.5872585770000001
1516	0.587340713
1517	0.587398112
1518	0.587511539
1519	0.587622821
1520	0.587701797
1521	0.587807715
1522	0.587919235
1523	0.588036835
1524	0.5881716610000001
1525	0.588339508
1526	0.588525057
1527	0.5886637570000001
1528	0.5888105029999999
1529	0.588943064
1530	0.589036703
1531	0.589151204
1532	0.58930248
1533	0.589417279
1534	0.58950305
1535	0.58957386
1536	0.589685559
1537	0.589796841
1538	0.5899285670000001
1539	0.590073228
1540	0.590173841
1541	0.590247214
1542	0.5903236270000001
1543	0.59040004
1544	0.590485752
1545	0.590567052
1546	0.590662181
1547	0.5907537939999999
1548	0.590787292
1549	0.5908731220000001
1550	0.590973496
1551	0.591042936
1552	0.591174781
1553	0.591308713
1554	0.591428101
1555	0.591566265
1556	0.591650069
1557	0.591696441
1558	0.591813445
1559	0.591914654
1560	0.591990829
1561	0.592155337
1562	0.592304587
1563	0.592378736
1564	0.592448771
1565	0.592517495
1566	0.592574358
1567	0.59264791
1568	0.592729449
1569	0.5928097370000001
1570	0.592930734
1571	0.593013406
1572	0.593043864
1573	0.593114018
1574	0.593200386
1575	0.593285918
1576	0.593368888
1577	0.593537509
1578	0.593648732
1579	0.593693495
1580	0.59374994
1581	0.5938056110000001
1582	0.593868494
1583	0.593907893
1584	0.5939837689999999
1585	0.5941192510000001
1586	0.59420228
1587	0.594260573
1588	0.594323397
1589	0.5943580270000001
1590	0.59440887
1591	0.5944809910000001
1592	0.5945532920000001
1593	0.5946224929999999
1594	0.594693363
1595	0.594737172
1596	0.594774961
1597	0.594861746
1598	0.5949231979999999
1599	0.5950032470000001
1600	0.595126331
1601	0.595192909
1602	0.595278859
1603	0.595414817
1604	0.5955170989999999
1605	0.595616102
1606	0.5956867929999999
1607	0.595713079
1608	0.595724165
1609	0.595728457
1610	0.595765352
1611	0.595813632
1612	0.595885277
1613	0.595948756
1614	0.595985949
1615	0.596041381
1616	0.596088827
1617	0.596134961
1618	0.596180022
1619	0.5963017939999999
1620	0.5964517
1621	0.596515119
1622	0.596613884
1623	0.596695483
1624	0.5967341660000001
1625	0.596836865
1626	0.596894085
1627	0.5968763229999999
1628	0.596892118
1629	0.596978903
1630	0.597049475
1631	0.597067595
1632	0.5971354839999999
1633	0.597190142
1634	0.597217441
1635	0.5973618629999999
1636	0.5975103970000001
1637	0.597600579
1638	0.59776777
1639	0.5979285839999999
1640	0.5980229970000001
1641	0.598129094
1642	0.598192275
1643	0.598236978
1644	0.598316967
1645	0.598338425
1646	0.598317862
1647	0.598353922
1648	0.598416626
1649	0.598450601
1650	0.5985212329999999
1651	0.5986192229999999
1652	0.5986441370000001
1653	0.598630965
1654	0.598683774
1655	0.598753512
1656	0.598783672
1657	0.598862171
1658	0.598900497
1659	0.598880768
1660	0.598932981
1661	0.59899646
1662	0.5990931389999999
1663	0.59924984
1664	0.599355161
1665	0.599420905
1666	0.599536359
1667	0.599633813
1668	0.599679768
1669	0.599743307
1670	0.59976095
1671	0.599779427
1672	0.599849045
1673	0.59990263
1674	0.599989355
1675	0.600088239
1676	0.600178242
1677	0.600289106
1678	0.6003416779999999
1679	0.60035032
1680	0.600398958
1681	0.600453556
1682	0.6004915239999999
1683	0.600587189
1684	0.6006884570000001
1685	0.600744426
1686	0.600823164
1687	0.600880384
1688	0.600938857
1689	0.6010134220000001
1690	0.601075232
1691	0.601135135
1692	0.601133943
1693	0.601091921
1694	0.6010978220000001
1695	0.601183355
1696	0.60127604
1697	0.60137403
1698	0.6014754179999999
1699	0.601495504
1700	0.601496458
1701	0.601499259
1702	0.6014829279999999
1703	0.601501346
1704	0.601543009
1705	0.60161227
1706	0.601699293
1707	0.60175842
1708	0.601836085
1709	0.6019636389999999
1710	0.602079809
1711	0.602182746
1712	0.60227263
1713	0.60226804
1714	0.602216899
1715	0.602203012
1716	0.602190435
1717	0.602161825
1718	0.602151394
1719	0.6021689179999999
1720	0.602176368
1721	0.60216713
1722	0.6021448970000001
1723	0.602139711
1724	0.602210045
1725	0.6022233370000001
1726	0.602146924
1727	0.602129579
1728	0.60208267
1729	0.601980686
1730	0.60196358
1731	0.601983786
1732	0.601895988
1733	0.601837635
1734	0.601911187
1735	0.60191834
1736	0.601912618
1737	0.602012694
1738	0.602065027
1739	0.601978719
1740	0.60190767
1741	0.601922214
1742	0.60192591
1743	0.60191828
1744	0.601899087
1745	0.601806879
1746	0.601657391
1747	0.601587355
1748	0.601584792
1749	0.601541519
1750	0.601509809
1751	0.6014928820000001
1752	0.601456046
1753	0.601411998
1754	0.6013588910000001
1755	0.601308286
1756	0.601270616
1757	0.601248264
1758	0.60120815
1759	0.6011452079999999
1760	0.601110339
1761	0.60107094
1762	0.600994825
1763	0.60096854
1764	0.600938261
1765	0.600984752
1766	0.601042867
1767	0.60103941
1768	0.6011373999999999
1769	0.601207495
1770	0.601185203
1771	0.601245761
1772	0.6013193729999999
1773	0.601341248
1774	0.601384103
1775	0.6013488770000001
1776	0.601247847
1777	0.6012177470000001
1778	0.6012252570000001
1779	0.601233482
1780	0.601231039
1781	0.6011037229999999
1782	0.600932777
1783	0.600946426
1784	0.60107094
1785	0.601108134
1786	0.601153433
1787	0.601258337
1788	0.601219356
1789	0.601232648
1790	0.601387143
1791	0.601383388
1792	0.6013495329999999
1793	0.601430118
1794	0.601479769
1795	0.60148257
1796	0.6015162470000001
1797	0.601572573
1798	0.601584673
1799	0.601600826
1800	0.601654351
1801	0.600177824
1802	0.600926101
1803	0.6016528010000001
1804	0.602314174
1805	0.602857769
1806	0.6034457679999999
1807	0.603895307
1808	0.604020298
1809	0.60410291
1810	0.604311585
1811	0.604774117
1812	0.604960442
1813	0.605031788
1814	0.605038822
1815	0.605062604
1816	0.605128706
1817	0.605279803
1818	0.605361819
1819	0.6054614779999999
1820	0.605557561
1821	0.6056515570000001
1822	0.605663896
1823	0.605885565
1824	0.60619092
1825	0.606170714
1826	0.606299281
1827	0.606481016
1828	0.606573641
1829	0.606649876
1830	0.606717348
1831	0.606758595
1832	0.606633842
1833	0.606701732
1834	0.606930912
1835	0.607040644
1836	0.607063711
1837	0.607200623
1838	0.607373893
1839	0.6074035170000001
1840	0.607373178
1841	0.607489347
1842	0.607670128
1843	0.607785583
1844	0.607798696
1845	0.607876718
1846	0.607992709
1847	0.607939482
1848	0.607989252
1849	0.6081901789999999
1850	0.608462155
1851	0.608510077
1852	0.608413935
1853	0.6083682779999999
1854	0.608305812
1855	0.6082321999999999
1856	0.60813576
1857	0.608094275
1858	0.6080584529999999
1859	0.608040273
1860	0.608012259
1861	0.607973993
1862	0.60779804
1863	0.607355297
1864	0.606959999
1865	0.606691062
1866	0.606230617
1867	0.605630636
1868	0.605129302
1869	0.604529619
1870	0.603664219
1871	0.603107989
1872	0.6026152370000001
1873	0.601910353
1874	0.601258516
1875	0.600581765
1876	0.599848688
1877	0.598932743
1878	0.597994626
1879	0.597115397
1880	0.596221685
1881	0.595246494
1882	0.594176948
1883	0.5932610629999999
1884	0.592322409
1885	0.591321468
1886	0.5901481510000001
1887	0.58896476
1888	0.587556124
1889	0.585975528
1890	0.584336996
1891	0.582536399
1892	0.580662012
1893	0.578615189
1894	0.57647115
1895	0.5742176179999999
1896	0.571992755
1897	0.569550335
1898	0.566963255
1899	0.5645185110000001
1900	0.56232971
1901	0.560144246
1902	0.55787307
1903	0.555770874
1904	0.553988338
1905	0.552344203
1906	0.550976872
1907	0.549688935
1908	0.548508227
1909	0.547392309
1910	0.54649204
1911	0.546013355
1912	0.545689881
1913	0.545537472
1914	0.5456784370000001
1915	0.545806468
1916	0.546123981
1917	0.5465062860000001
1918	0.547006607
1919	0.547501981
1920	0.5480987429999999
1921	0.5487990979999999
1922	0.549474299
1923	0.550151765
1924	0.5507490629999999
1925	0.551351309
1926	0.55200243
1927	0.552630842
1928	0.553155124
1929	0.55364269
1930	0.5541167260000001
1931	0.5546081070000001
1932	0.5551846029999999
1933	0.555838168
1934	0.5564617510000001
1935	0.557048023
1936	0.557641625
1937	0.558120966
1938	0.5586431620000001
1939	0.559291184
1940	0.5598937270000001
1941	0.560291946
1942	0.5606929660000001
1943	0.561231911
1944	0.56170702
1945	0.561997056
1946	0.562208652
1947	0.56260556
1948	0.562988997
1949	0.563472807
1950	0.563901424
1951	0.564368546
1952	0.564927757
1953	0.565358758
1954	0.565802276
1955	0.566363513
1956	0.56693846
1957	0.567407966
1958	0.567886233
1959	0.568441391
1960	0.569065869
1961	0.569571197
1962	0.570060253
1963	0.570706546
1964	0.571312308
1965	0.571783841
1966	0.572136581
1967	0.572619736
1968	0.5731782910000001
1969	0.573705912
1970	0.574258864
1971	0.5748372079999999
1972	0.575487971
1973	0.575962961
1974	0.576399446
1975	0.5769706370000001
1976	0.577611208
1977	0.578149021
1978	0.578685522
1979	0.579375744
1980	0.579956412
1981	0.580381691
1982	0.580860972
1983	0.581464767
1984	0.581904352
1985	0.582359135
1986	0.582961619
1987	0.583522081
1988	0.584017336
1989	0.584425271
1990	0.584815681
1991	0.585212767
1992	0.5855431560000001
1993	0.585974216
1994	0.586512506
1995	0.5869194870000001
1996	0.587289274
1997	0.587925732
1998	0.58865732
1999	0.589252114
2000	0.589883029
2001	0.590629339
2002	0.591342926
2003	0.5920159220000001
2004	0.5927094820000001
2005	0.593472779
2006	0.59416604
2007	0.594829917
2008	0.595520437
2009	0.596402764
2010	0.597247958
2011	0.597949684
2012	0.598761022
2013	0.59949106
2014	0.600145817
2015	0.600760758
2016	0.601334095
2017	0.601950109
2018	0.602574646
2019	0.603039026
2020	0.603669882
2021	0.60429132
2022	0.604654491
2023	0.6051113610000001
2024	0.605680764
2025	0.606250226
2026	0.606808484
2027	0.607482731
2028	0.608025968
2029	0.608423591
2030	0.608964384
2031	0.609529674
2032	0.610199273
2033	0.610800207
2034	0.611148119
2035	0.6115394829999999
2036	0.611918092
2037	0.612293661
2038	0.612977862
2039	0.613596857
2040	0.614244759
2041	0.614782751
2042	0.615398765
2043	0.615900278
2044	0.616225362
2045	0.616610408
2046	0.6170536879999999
2047	0.617407918
2048	0.61769551
2049	0.617989957
2050	0.6183110479999999
2051	0.618691206
2052	0.61895299
2053	0.619190097
2054	0.619377077
2055	0.619283378
2056	0.619532645
2057	0.619909763
2058	0.620435834
2059	0.620811522
2060	0.621241689
2061	0.621601045
2062	0.621695578
2063	0.6219548579999999
2064	0.622217476
2065	0.622404039
2066	0.622360528
2067	0.62261337
2068	0.623063684
2069	0.6233266
2070	0.623563766
2071	0.623925984
2072	0.6241107579999999
2073	0.624229491
2074	0.6247558000000001
2075	0.625098944
2076	0.625067532
2077	0.625265718
2078	0.625586808
2079	0.626026809
2080	0.626136303
2081	0.626232803
2082	0.6264404060000001
2083	0.62627846
2084	0.626379907
2085	0.626769066
2086	0.6273327470000001
2087	0.627554715
2088	0.627655208
2089	0.627890229
2090	0.6280598039999999
2091	0.628140569
2092	0.628122389
2093	0.628260612
2094	0.62831974
2095	0.628495812
2096	0.62897265
2097	0.629154325
2098	0.6290711760000001
2099	0.629246533
2100	0.629408479
2101	0.6296349760000001
2102	0.630128503
2103	0.630538225
2104	0.630821586
2105	0.631114185
2106	0.631268084
2107	0.63125813
2108	0.631405175
2109	0.631531835
2110	0.631637514
2111	0.63177377
2112	0.632014334
2113	0.6321584579999999
2114	0.632435262
2115	0.63292104
2116	0.633432329
2117	0.633683205
2118	0.633979619
2119	0.634219825
2120	0.634369731
2121	0.634622812
2122	0.635008931
2123	0.6352760789999999
2124	0.635431945
2125	0.635680974
2126	0.635959387
2127	0.636203945
2128	0.636588395
2129	0.636830688
2130	0.6369745139999999
2131	0.637052655
2132	0.63707006
2133	0.6369119879999999
2134	0.636993051
2135	0.637075961
2136	0.636874676
2137	0.636751235
2138	0.63662827
2139	0.636433303
2140	0.636044323
2141	0.6356276270000001
2142	0.635249734
2143	0.63467145
2144	0.634067714
2145	0.633594871
2146	0.633024514
2147	0.632169008
2148	0.631482899
2149	0.630925715
2150	0.630411685
2151	0.629828632
2152	0.628829896
2153	0.627980292
2154	0.627421558
2155	0.626571536
2156	0.625723064
2157	0.6248396039999999
2158	0.6236091260000001
2159	0.622678995
2160	0.622081161
2161	0.621264219
2162	0.620369434
2163	0.6195372339999999
2164	0.618546963
2165	0.617705405
2166	0.616987646
2167	0.616458058
2168	0.6155852079999999
2169	0.614546359
2170	0.6135302779999999
2171	0.612801492
2172	0.612040341
2173	0.611561835
2174	0.610801041
2175	0.609865725
2176	0.609022319
2177	0.608127534
2178	0.607406557
2179	0.606880844
2180	0.606112123
2181	0.60523349
2182	0.604482532
2183	0.603764474
2184	0.602869511
2185	0.601880789
2186	0.601127505
2187	0.600190759
2188	0.5990074870000001
2189	0.59809804
2190	0.597235143
2191	0.596260548
2192	0.595133424
2193	0.594176829
2194	0.593372345
2195	0.592332482
2196	0.591118515
2197	0.590162694
2198	0.589325607
2199	0.588232696
2200	0.58718282
2201	0.5861411089999999
2202	0.584877372
2203	0.583583534
2204	0.5823544860000001
2205	0.5811814670000001
2206	0.579622388
2207	0.578181684
2208	0.5775638820000001
2209	0.577254057
2210	0.577157378
2211	0.577608824
2212	0.578217387
2213	0.579085469
2214	0.57983458
2215	0.581117392
2216	0.58179599
2217	0.581991732
2218	0.582436621
2219	0.582954049
2220	0.583166659
2221	0.583304763
2222	0.583374023
2223	0.582991898
2224	0.582930624
2225	0.583083212
2226	0.583151102
2227	0.583181143
2228	0.583350301
2229	0.583292782
2230	0.583210051
2231	0.583744168
2232	0.584224403
2233	0.584429324
2234	0.584695041
2235	0.584939897
2236	0.584683895
2237	0.584922254
2238	0.585762918
2239	0.586054146
2240	0.5859652160000001
2241	0.58637774
2242	0.586968184
2243	0.587300897
2244	0.587966144
2245	0.588318706
2246	0.587929904
2247	0.5880908970000001
2248	0.588612378
2249	0.589039564
2250	0.5893765089999999
2251	0.589582622
2252	0.58973074
2253	0.5899366739999999
2254	0.5899201629999999
2255	0.590215623
2256	0.59052825
2257	0.590778232
2258	0.590899587
2259	0.591092288
2260	0.591455221
2261	0.591902494
2262	0.591983557
2263	0.591987193
2264	0.592147112
2265	0.592010617
2266	0.591977477
2267	0.592585087
2268	0.592556655
2269	0.59153682
2270	0.591361165
2271	0.591830373
2272	0.59169203
2273	0.591580212
2274	0.5914566520000001
2275	0.5911155339999999
2276	0.590557396
2277	0.590299487
2278	0.590007961
2279	0.589345098
2280	0.588742375
2281	0.588490427
2282	0.588170171
2283	0.587608159
2284	0.586758375
2285	0.586270809
2286	0.585920334
2287	0.5853122470000001
2288	0.584463775
2289	0.584282219
2290	0.584627926
2291	0.584087789
2292	0.583498955
2293	0.583078444
2294	0.581855118
2295	0.5810864570000001
2296	0.581121445
2297	0.5808954239999999
2298	0.5802670120000001
2299	0.57978493
2300	0.579665184
2301	0.579377413
2302	0.5789643529999999
2303	0.57844758
2304	0.578275025
2305	0.577877641
2306	0.577105522
2307	0.576776803
2308	0.576633513
2309	0.576290369
2310	0.575594485
2311	0.574688554
2312	0.57438302
2313	0.574117303
2314	0.573326468
2315	0.572775543
2316	0.5722932820000001
2317	0.570962191
2318	0.570259571
2319	0.5707392689999999
2320	0.5702079529999999
2321	0.568915009
2322	0.567965984
2323	0.567020059
2324	0.565921009
2325	0.56461215
2326	0.563660324
2327	0.562949002
2328	0.56178838
2329	0.560370564
2330	0.559550881
2331	0.558932781
2332	0.557941794
2333	0.557180941
2334	0.556362212
2335	0.554909647
2336	0.553905368
2337	0.553633809
2338	0.5533991460000001
2339	0.5529566999999999
2340	0.552653074
2341	0.5525470379999999
2342	0.552444935
2343	0.5525438189999999
2344	0.552838385
2345	0.553348064
2346	0.554136634
2347	0.555219173
2348	0.5563800329999999
2349	0.5574484470000001
2350	0.558484972
2351	0.559367955
2352	0.560226798
2353	0.561457336
2354	0.562823713
2355	0.564008892
2356	0.565379679
2357	0.566763282
2358	0.5683779720000001
2359	0.5703762170000001
2360	0.5716692210000001
2361	0.572742045
2362	0.573055148
2363	0.574382961
2364	0.576106429
2365	0.577251136
2366	0.578783929
2367	0.579880893
2368	0.58025825
2369	0.580658138
2370	0.581011653
2371	0.581513286
2372	0.581546187
2373	0.582012057
2374	0.583226204
2375	0.583985329
2376	0.583677053
2377	0.583747029
2378	0.583758295
2379	0.58339256
2380	0.583542228
2381	0.583499432
2382	0.582778335
2383	0.582283914
2384	0.5822802189999999
2385	0.582479715
2386	0.582894981
2387	0.583071887
2388	0.582630336
2389	0.582293391
2390	0.582335532
2391	0.582208991
2392	0.582186043
2393	0.582195461
2394	0.581979036
2395	0.582183361
2396	0.582604706
2397	0.582071662
2398	0.581309259
2399	0.5809598570000001
2400	0.5808399320000001
2401	0.581232667
2402	0.581082642
2403	0.5806061029999999
2404	0.58061713
2405	0.580657303
2406	0.580825448
2407	0.580855727
2408	0.580111802
2409	0.579103053
2410	0.57859391
2411	0.578728139
2412	0.579003692
2413	0.578535378
2414	0.57762593
2415	0.57740885
2416	0.577573836
2417	0.577285409
2418	0.577159405
2419	0.576382339
2420	0.574393511
2421	0.574572086
2422	0.5756717920000001
2423	0.574012041
2424	0.573125303
2425	0.573171556
2426	0.57161057
2427	0.57057327
2428	0.570752859
2429	0.571026087
2430	0.569891274
2431	0.568644226
2432	0.567735434
2433	0.566939354
2434	0.56529212
2435	0.563979805
2436	0.563570857
2437	0.562531888
2438	0.55969125
2439	0.5585980420000001
2440	0.559428036
2441	0.559090257
2442	0.558714986
2443	0.558008015
2444	0.556410611
2445	0.55581075
2446	0.5556161999999999
2447	0.555149138
2448	0.555306494
2449	0.554819643
2450	0.5536515710000001
2451	0.5531049370000001
2452	0.552802861
2453	0.551797569
2454	0.550575137
2455	0.549756467
2456	0.548912108
2457	0.547737837
2458	0.546096206
2459	0.545338869
2460	0.545013845
2461	0.544249296
2462	0.5442518
2463	0.5438525679999999
2464	0.542405784
2465	0.541210949
2466	0.540827811
2467	0.5398331279999999
2468	0.537634432
2469	0.5357669589999999
2470	0.533700168
2471	0.533031702
2472	0.534168482
2473	0.5326197739999999
2474	0.530149877
2475	0.5284543629999999
2476	0.5238625410000001
2477	0.52290976
2478	0.526860833
2479	0.527194381
2480	0.527565479
2481	0.525748074
2482	0.51952076
2483	0.517119706
2484	0.513936818
2485	0.514289439
2486	0.522646308
2487	0.522665858
2488	0.517164111
2489	0.518139601
2490	0.520468652
2491	0.51778543
2492	0.516019225
2493	0.516459703
2494	0.509061933
2495	0.508927405
2496	0.522395611
2497	0.5268468860000001
2498	0.526961923
2499	0.5265066620000001
2500	0.521433234
