350	0.107387915
351	0.09851340199999999
352	0.102105573
353	0.104025126
354	0.102920361
355	0.10279501199999999
356	0.10304986699999999
357	0.10294360699999999
358	0.10188520699999999
359	0.101077333
360	0.101039141
361	0.10157223800000001
362	0.100462489
363	0.10068785400000001
364	0.10224653800000001
365	0.100400791
366	0.100073971
367	0.101486124
368	0.10235373699999999
369	0.102709942
370	0.10352634599999999
371	0.105684288
372	0.107150115
373	0.107115135
374	0.105840951
375	0.106149063
376	0.10711914300000001
377	0.107836775
378	0.10710427199999999
379	0.10725568199999999
380	0.10771118800000001
381	0.106287114
382	0.106818356
383	0.10869444199999999
384	0.11012423
385	0.109724849
386	0.10969691699999999
387	0.11117854
388	0.111166604
389	0.11168278
390	0.11290495800000001
391	0.112214766
392	0.112703599
393	0.113792621
394	0.11306454199999999
395	0.11405680300000001
396	0.115650512
397	0.115972325
398	0.11608452300000001
399	0.116539553
400	0.117423393
401	0.11780493
402	0.117808491
403	0.11778602
404	0.11849378
405	0.119230591
406	0.11979226
407	0.120191768
408	0.121061377
409	0.12202023
410	0.122558333
411	0.123021096
412	0.123343304
413	0.123548545
414	0.12394160000000001
415	0.12483993199999999
416	0.125909105
417	0.125752315
418	0.126159489
419	0.127201378
420	0.128137946
421	0.128871202
422	0.129438147
423	0.12996429199999998
424	0.130761892
425	0.131477341
426	0.131924376
427	0.132491261
428	0.133271679
429	0.134226948
430	0.13513682800000001
431	0.136110634
432	0.137080371
433	0.137901738
434	0.138764158
435	0.139616668
436	0.14039555199999998
437	0.141344205
438	0.142355382
439	0.14332293
440	0.144213244
441	0.145119205
442	0.146054775
443	0.146926299
444	0.147783577
445	0.148648143
446	0.149526894
447	0.150384352
448	0.151146054
449	0.151763454
450	0.152373821
451	0.153038561
452	0.153789863
453	0.154667586
454	0.155358106
455	0.155839413
456	0.15642230199999999
457	0.15708735599999998
458	0.157799691
459	0.158488467
460	0.158923
461	0.1592675
462	0.15973986699999998
463	0.160328224
464	0.160891101
465	0.16137038199999998
466	0.16191563
467	0.162472904
468	0.163009763
469	0.163496047
470	0.16405274
471	0.164673179
472	0.165294275
473	0.165890068
474	0.166484207
475	0.167098179
476	0.16770674300000002
477	0.168287918
478	0.168845281
479	0.169420496
480	0.170132741
481	0.17090983699999998
482	0.17150834199999998
483	0.17211635399999997
484	0.172736555
485	0.173335493
486	0.17408897
487	0.17493853
488	0.17579633
489	0.176603526
490	0.177369222
491	0.178124458
492	0.178915143
493	0.17981962899999998
494	0.18079569899999998
495	0.18170461100000002
496	0.182488963
497	0.18327792
498	0.18421956899999997
499	0.18509008
500	0.185991123
501	0.18699601300000002
502	0.188000798
503	0.188926205
504	0.189789757
505	0.190755337
506	0.191725239
507	0.192696795
508	0.19370965699999998
509	0.19466313699999999
510	0.19559706699999999
511	0.196573108
512	0.197549731
513	0.198511317
514	0.199455023
515	0.20038335
516	0.201388165
517	0.202462643
518	0.203492925
519	0.20443683899999998
520	0.205379024
521	0.20645546899999997
522	0.207579061
523	0.208685428
524	0.20973549800000002
525	0.210785195
526	0.211857259
527	0.212966844
528	0.214143425
529	0.21532115300000002
530	0.216464385
531	0.21755862199999998
532	0.218746424
533	0.22000511
534	0.22125265
535	0.222417563
536	0.22358737899999998
537	0.22483612600000003
538	0.226101682
539	0.227368563
540	0.228645682
541	0.22997364399999998
542	0.23132319699999998
543	0.232652515
544	0.233906358
545	0.235231623
546	0.2366319
547	0.238063291
548	0.239459857
549	0.240906402
550	0.242451355
551	0.24402891100000002
552	0.245613933
553	0.24723039600000002
554	0.24897113399999998
555	0.2507011
556	0.252407014
557	0.254119456
558	0.255704969
559	0.25723177199999997
560	0.258783579
561	0.26032137899999996
562	0.261837453
563	0.263329446
564	0.26480534699999997
565	0.266231805
566	0.26763710399999996
567	0.269083738
568	0.27050671
569	0.27191484
570	0.27332893
571	0.274670005
572	0.275951207
573	0.277206838
574	0.278496087
575	0.279816747
576	0.281149
577	0.282459348
578	0.283784598
579	0.28509244300000003
580	0.28632557399999997
581	0.287480116
582	0.288614243
583	0.289769322
584	0.290788651
585	0.291824579
586	0.292937696
587	0.293938369
588	0.294975638
589	0.296035886
590	0.296981037
591	0.29793036
592	0.298847735
593	0.299661785
594	0.300420195
595	0.301098257
596	0.30171701300000003
597	0.302492917
598	0.303387642
599	0.304327875
600	0.305215031
601	0.306082517
602	0.30693081
603	0.30776244399999997
604	0.308597893
605	0.309407502
606	0.310176849
607	0.31097674399999997
608	0.311750144
609	0.312481165
610	0.313225299
611	0.313974619
612	0.314727843
613	0.315481722
614	0.31622502199999997
615	0.316941619
616	0.31761995
617	0.318302631
618	0.318993211
619	0.31967985600000004
620	0.320326507
621	0.32100147
622	0.321698219
623	0.322338462
624	0.322996587
625	0.323655784
626	0.32427397399999996
627	0.324890226
628	0.325503588
629	0.326113582
630	0.32673138399999996
631	0.327349275
632	0.32796669
633	0.328589022
634	0.329220533
635	0.329839379
636	0.33040905
637	0.330978304
638	0.331593633
639	0.332268238
640	0.332899183
641	0.333479404
642	0.334029824
643	0.334621757
644	0.335201383
645	0.335754395
646	0.336291701
647	0.33691462899999997
648	0.337554753
649	0.33812359
650	0.33868566200000005
651	0.339268655
652	0.33988443
653	0.340524018
654	0.341120332
655	0.341691673
656	0.342331558
657	0.342898369
658	0.34343084700000004
659	0.34401077
660	0.34458538899999996
661	0.34517803799999996
662	0.34579244299999995
663	0.346361756
664	0.346953034
665	0.347568572
666	0.34814280299999995
667	0.348694205
668	0.349243194
669	0.34980955700000005
670	0.350337654
671	0.350886256
672	0.35149440200000004
673	0.352093995
674	0.35260769700000005
675	0.353071749
676	0.35368043200000004
677	0.35424396399999997
678	0.354766786
679	0.355321765
680	0.355814219
681	0.35630196299999994
682	0.356833756
683	0.357335389
684	0.357858956
685	0.35840812299999997
686	0.358915955
687	0.35940879600000003
688	0.35992065100000004
689	0.360487998
690	0.36099842200000004
691	0.36147147399999996
692	0.36195153
693	0.362465084
694	0.362957627
695	0.36341413899999997
696	0.363876373
697	0.364365011
698	0.364863038
699	0.36533004
700	0.365800887
701	0.366276741
702	0.36674878
703	0.367197365
704	0.36766830100000003
705	0.36817148299999997
706	0.36865893
707	0.36911964399999997
708	0.36954513200000005
709	0.369938731
710	0.37041744600000004
711	0.370926023
712	0.371392578
713	0.371842086
714	0.372293651
715	0.37275454399999997
716	0.373219371
717	0.373614699
718	0.374011934
719	0.374551445
720	0.3749865
721	0.37537241
722	0.375801951
723	0.376246929
724	0.376694322
725	0.377129734
726	0.377535611
727	0.377934426
728	0.37834754600000003
729	0.378794491
730	0.37919020700000006
731	0.37958467
732	0.38002538700000005
733	0.38042751
734	0.380824238
735	0.381229341
736	0.381617725
737	0.38201093700000005
738	0.382398009
739	0.38275978
740	0.38318184
741	0.38359925200000006
742	0.38395219999999997
743	0.384293199
744	0.38464871
745	0.385021985
746	0.38538944700000005
747	0.38576135
748	0.386114895
749	0.38642600200000005
750	0.38678801100000004
751	0.387171835
752	0.38753283
753	0.38782471399999996
754	0.38814351
755	0.388501495
756	0.388816386
757	0.389148176
758	0.389491439
759	0.389819115
760	0.39012458899999997
761	0.390414327
762	0.39069733
763	0.390986115
764	0.391285151
765	0.391587287
766	0.39187505799999994
767	0.392186701
768	0.39250540700000003
769	0.39279446
770	0.392994076
771	0.393219709
772	0.393526107
773	0.393823892
774	0.394085974
775	0.394314051
776	0.39453423
777	0.394761026
778	0.395005137
779	0.395264357
780	0.395496935
781	0.395738453
782	0.39599165299999994
783	0.39619928600000004
784	0.396450281
785	0.39673200200000003
786	0.396983683
787	0.39716085799999995
788	0.39736253
789	0.39764335799999995
790	0.39783296
791	0.398031235
792	0.398270488
793	0.398509026
794	0.398724675
795	0.398908883
796	0.399070501
797	0.39928332
798	0.399526834
799	0.399754316
800	0.399862558
801	0.40005263700000004
802	0.400317818
803	0.400509328
804	0.400713325
805	0.40089497
806	0.40102028799999995
807	0.401164979
808	0.401364237
809	0.40158546
810	0.401683599
811	0.40182659
812	0.40202090100000004
813	0.402204633
814	0.402370989
815	0.402536094
816	0.40271157
817	0.40288242700000004
818	0.403067887
819	0.403243184
820	0.403343946
821	0.40353375700000005
822	0.403725296
823	0.403804481
824	0.40391364700000004
825	0.40404620799999996
826	0.40420144799999996
827	0.404414535
828	0.404600054
829	0.404751718
830	0.404901832
831	0.40504807200000004
832	0.405180871
833	0.405297101
834	0.405415863
835	0.405548155
836	0.40570315700000004
837	0.40588882600000004
838	0.40603953600000003
839	0.406160325
840	0.406280935
841	0.406427473
842	0.406588733
843	0.40675327200000005
844	0.406918645
845	0.407030493
846	0.40710505799999996
847	0.407200605
848	0.40740025
849	0.40757101799999995
850	0.40763256
851	0.407748431
852	0.407900155
853	0.40807595799999996
854	0.408264756
855	0.40838742299999997
856	0.408500969
857	0.40867310799999995
858	0.408836275
859	0.408961535
860	0.409065157
861	0.40922969600000003
862	0.409386426
863	0.409502
864	0.40957388299999997
865	0.40975073
866	0.409952343
867	0.410114527
868	0.41027051200000003
869	0.410397589
870	0.41051366899999997
871	0.410660982
872	0.410794169
873	0.410928786
874	0.411084771
875	0.411256433
876	0.41141051100000003
877	0.411552131
878	0.41172716
879	0.41188564899999996
880	0.412033439
881	0.412184179
882	0.41229456700000006
883	0.41245687
884	0.412691414
885	0.41290059700000004
886	0.41303098200000005
887	0.41311276
888	0.413223147
889	0.413430274
890	0.413637459
891	0.41379460700000004
892	0.414001584
893	0.41421783
894	0.414420664
895	0.41459479899999996
896	0.41473671799999995
897	0.41489023
898	0.415074438
899	0.41519969700000003
900	0.41538363700000003
901	0.415628165
902	0.415834844
903	0.41602665200000005
904	0.416202784
905	0.41636478899999996
906	0.416534364
907	0.416703075
908	0.41687545200000004
909	0.417072386
910	0.417278796
911	0.417498827
912	0.41772759
913	0.417878002
914	0.41804838200000005
915	0.41827201799999997
916	0.418463856
917	0.418672293
918	0.41888126700000006
919	0.419060737
920	0.419250995
921	0.419475704
922	0.41971916
923	0.419884682
924	0.420056462
925	0.42027276799999996
926	0.420539945
927	0.420762897
928	0.420965225
929	0.42117330399999997
930	0.42138296399999997
931	0.421593189
932	0.42177060200000005
933	0.421878397
934	0.42208930899999997
935	0.42235439999999996
936	0.42260283200000004
937	0.422807395
938	0.42302393899999996
939	0.423272848
940	0.423542231
941	0.42372453200000004
942	0.42389214
943	0.42411387
944	0.42433393
945	0.424565166
946	0.42479071
947	0.424975306
948	0.42520684
949	0.425441623
950	0.425632805
951	0.42582520799999996
952	0.42600157899999996
953	0.426200002
954	0.42649948600000004
955	0.42671874200000004
956	0.426904529
957	0.42712026799999997
958	0.42727989
959	0.427491844
960	0.427763551
961	0.428005815
962	0.42820447700000003
963	0.42838937
964	0.428595304
965	0.428816497
966	0.429046571
967	0.42928919200000004
968	0.42955431299999997
969	0.42972791200000005
970	0.42991331200000005
971	0.43020698399999996
972	0.430469275
973	0.43075156200000003
974	0.431021035
975	0.431169301
976	0.43137085399999997
977	0.43160781299999995
978	0.431834579
979	0.43208122299999996
980	0.432335526
981	0.432581604
982	0.43280106799999996
983	0.43302807200000004
984	0.433262229
985	0.43349725
986	0.433746666
987	0.433934242
988	0.43410334
989	0.43438780299999996
990	0.434592724
991	0.43479245899999996
992	0.435057521
993	0.435274065
994	0.43541824799999995
995	0.435594738
996	0.43597680299999997
997	0.43623310299999996
998	0.43636974700000003
999	0.436490864
1000	0.43679624799999994
1001	0.43588236
1002	0.43615511100000004
1003	0.43638390299999996
1004	0.43664273600000003
1005	0.436802626
1006	0.43676397200000006
1007	0.43691754299999996
1008	0.437134326
1009	0.43733808399999996
1010	0.43765860799999995
1011	0.43786031
1012	0.43798202299999994
1013	0.43813508700000003
1014	0.43823450799999997
1015	0.43834620700000004
1016	0.43852186200000004
1017	0.43875932700000003
1018	0.43895229700000005
1019	0.439165235
1020	0.439365685
1021	0.439547449
1022	0.439733803
1023	0.43998098399999996
1024	0.440130085
1025	0.440140992
1026	0.440277696
1027	0.44037205
1028	0.440602183
1029	0.44075897299999994
1030	0.44100785299999995
1031	0.441169918
1032	0.44120293899999996
1033	0.44138062
1034	0.441646427
1035	0.441858053
1036	0.44215211299999996
1037	0.44234138700000003
1038	0.442379475
1039	0.442541808
1040	0.44281742
1041	0.442950904
1042	0.443053752
1043	0.44315961
1044	0.44329667100000003
1045	0.443289399
1046	0.443466753
1047	0.44383502
1048	0.44408345200000005
1049	0.444376141
1050	0.444569647
1051	0.444670051
1052	0.444805145
1053	0.44488310799999997
1054	0.444987297
1055	0.44509044299999995
1056	0.44525632299999995
1057	0.445409328
1058	0.445566356
1059	0.445726931
1060	0.445904523
1061	0.446078181
1062	0.446242094
1063	0.446415305
1064	0.44662442799999996
1065	0.44679406299999996
1066	0.446864545
1067	0.447055519
1068	0.447319835
1069	0.44760102
1070	0.447750062
1071	0.44788318899999996
1072	0.448099911
1073	0.44823384299999997
1074	0.44837907
1075	0.448660493
1076	0.44884973799999994
1077	0.448891968
1078	0.449043632
1079	0.449284494
1080	0.44946923899999996
1081	0.449644208
1082	0.449817389
1083	0.449952453
1084	0.450051427
1085	0.45018968
1086	0.450301826
1087	0.45047116299999995
1088	0.450718045
1089	0.450897038
1090	0.451022059
1091	0.45121786
1092	0.45148155100000004
1093	0.451654822
1094	0.451818317
1095	0.451990485
1096	0.452118188
1097	0.45219442200000004
1098	0.452294707
1099	0.45250517100000004
1100	0.45267278
1101	0.452788562
1102	0.452969491
1103	0.45326033200000004
1104	0.453417361
1105	0.453498065
1106	0.45365461700000004
1107	0.453821331
1108	0.453938186
1109	0.454064488
1110	0.45417928700000004
1111	0.45434293200000003
1112	0.45440825799999995
1113	0.45458146899999996
1114	0.45486608100000003
1115	0.455034912
1116	0.45513054700000005
1117	0.455307305
1118	0.455524981
1119	0.45564696200000004
1120	0.455718845
1121	0.45584559399999997
1122	0.455909312
1123	0.456047088
1124	0.45631110700000005
1125	0.45652684600000004
1126	0.456616491
1127	0.45673710100000003
1128	0.456880301
1129	0.456935406
1130	0.45704141299999995
1131	0.457192957
1132	0.457335889
1133	0.457454652
1134	0.457618177
1135	0.45786333100000004
1136	0.45800662
1137	0.45808315299999997
1138	0.45820903799999996
1139	0.45832902200000003
1140	0.45842015700000005
1141	0.458590031
1142	0.458723933
1143	0.45884442299999995
1144	0.45907819299999997
1145	0.45921760799999994
1146	0.45930129299999994
1147	0.459440589
1148	0.459599435
1149	0.459689468
1150	0.459792882
1151	0.459893674
1152	0.45993989700000004
1153	0.459952414
1154	0.460153937
1155	0.460365891
1156	0.46055504700000005
1157	0.46071925799999996
1158	0.460821033
1159	0.46093204600000004
1160	0.461032093
1161	0.46114584799999997
1162	0.46124091700000003
1163	0.461272776
1164	0.46136999100000003
1165	0.461509347
1166	0.46162644
1167	0.461746305
1168	0.46188491600000003
1169	0.46202147
1170	0.462183952
1171	0.4623155
1172	0.462457746
1173	0.462622374
1174	0.46272373200000005
1175	0.462797254
1176	0.462940633
1177	0.463085294
1178	0.463156134
1179	0.46325555399999996
1180	0.463397175
1181	0.46352154
1182	0.46362191399999997
1183	0.46372941100000004
1184	0.46386784299999995
1185	0.463965952
1186	0.464019805
1187	0.464133769
1188	0.464297146
1189	0.464396149
1190	0.46444594899999997
1191	0.464519471
1192	0.464638829
1193	0.46471986200000004
1194	0.464804292
1195	0.46494302200000004
1196	0.465062469
1197	0.46510511600000004
1198	0.465227306
1199	0.465456456
1200	0.465557396
1201	0.46556288
1202	0.46565911200000004
1203	0.465762764
1204	0.465887964
1205	0.46598359899999997
1206	0.46602869
1207	0.466125876
1208	0.46621424
1209	0.46631348100000003
1210	0.46646571200000003
1211	0.46658378799999994
1212	0.46662432
1213	0.466679364
1214	0.466768265
1215	0.466853112
1216	0.466901571
1217	0.46696975799999996
1218	0.46708709
1219	0.46722883
1220	0.46738758700000005
1221	0.46746251
1222	0.46755877100000004
1223	0.467694193
1224	0.467804581
1225	0.46793177700000005
1226	0.46795553
1227	0.46797359
1228	0.46809759700000003
1229	0.468147665
1230	0.46820154799999997
1231	0.468352854
1232	0.468426645
1233	0.468408465
1234	0.468387365
1235	0.46845707299999995
1236	0.46854990700000004
1237	0.46864560200000005
1238	0.468790799
1239	0.46896109
1240	0.46907430899999997
1241	0.46911528700000005
1242	0.469130218
1243	0.469202816
1244	0.46932640700000006
1245	0.46940171700000005
1246	0.469500929
1247	0.46962505600000004
1248	0.46965545399999997
1249	0.46970629700000005
1250	0.469759285
1251	0.46985805
1252	0.469896734
1253	0.46997922700000005
1254	0.470104188
1255	0.47017064700000005
1256	0.47022771799999996
1257	0.470284551
1258	0.470348328
1259	0.470446527
1260	0.470496714
1261	0.470511615
1262	0.470513403
1263	0.47053238700000005
1264	0.47062408899999997
1265	0.470709175
1266	0.47080507899999996
1267	0.47091236700000005
1268	0.470995069
1269	0.47107258399999996
1270	0.471184641
1271	0.471214145
1272	0.47119724799999996
1273	0.471240759
1274	0.47130999
1275	0.47139495600000003
1276	0.471484721
1277	0.47154310299999996
1278	0.47156807799999995
1279	0.47158542299999995
1280	0.471584767
1281	0.47163412
1282	0.471730858
1283	0.47175782899999996
1284	0.471795678
1285	0.47189489
1286	0.47198876700000003
1287	0.472039551
1288	0.472106099
1289	0.472153544
1290	0.472177058
1291	0.47218883
1292	0.472225994
1293	0.47235757100000003
1294	0.472445965
1295	0.472400039
1296	0.472398758
1297	0.472518206
1298	0.472632855
1299	0.472669214
1300	0.472708821
1301	0.47279688700000005
1302	0.47284022
1303	0.47288388
1304	0.473004401
1305	0.473088533
1306	0.473171949
1307	0.47322580200000003
1308	0.47336220700000003
1309	0.473472416
1310	0.47350454299999994
1311	0.473525435
1312	0.47360456
1313	0.473656267
1314	0.473668575
1315	0.473713279
1316	0.473758996
1317	0.473755419
1318	0.47376167799999996
1319	0.473833054
1320	0.47390478799999997
1321	0.473974615
1322	0.47405982
1323	0.47414755799999997
1324	0.474236131
1325	0.474341422
1326	0.474434733
1327	0.474570781
1328	0.474654704
1329	0.474682838
1330	0.474749655
1331	0.474824965
1332	0.47481450399999997
1333	0.47478303299999997
1334	0.474782139
1335	0.474829227
1336	0.474927366
1337	0.475030124
1338	0.47510874299999994
1339	0.47511017299999997
1340	0.47514829
1341	0.475252092
1342	0.4752509
1343	0.475263476
1344	0.47535446299999995
1345	0.475408375
1346	0.475471646
1347	0.47551769
1348	0.475535065
1349	0.475577295
1350	0.475605458
1351	0.475648791
1352	0.475715637
1353	0.475767404
1354	0.47578349700000006
1355	0.47580757700000004
1356	0.475871772
1357	0.47595375799999995
1358	0.475978076
1359	0.475985885
1360	0.476041764
1361	0.476094157
1362	0.476155162
1363	0.476219416
1364	0.47623693899999997
1365	0.476258576
1366	0.476285815
1367	0.476309091
1368	0.476333082
1369	0.476278394
1370	0.476235956
1371	0.47617629200000006
1372	0.47612389899999996
1373	0.476053685
1374	0.476016968
1375	0.47599157700000005
1376	0.475955069
1377	0.47590720700000005
1378	0.47591078299999995
1379	0.47596785399999997
1380	0.47595238700000003
1381	0.47593578700000005
1382	0.475961983
1383	0.47592437299999996
1384	0.47586965600000003
1385	0.47581929
1386	0.475776851
1387	0.47572335600000004
1388	0.475600243
1389	0.475504607
1390	0.47542017700000005
1391	0.47529795799999996
1392	0.475225389
1393	0.47514736700000004
1394	0.475025564
1395	0.474919796
1396	0.474814475
1397	0.474663258
1398	0.47451666
1399	0.474357784
1400	0.47416356200000004
1401	0.473919451
1402	0.473728001
1403	0.47352731200000003
1404	0.473337561
1405	0.473218411
1406	0.473048866
1407	0.472859263
1408	0.47269412899999996
1409	0.47246336899999997
1410	0.472191125
1411	0.471950233
1412	0.471760929
1413	0.471555054
1414	0.47146418700000003
1415	0.471568614
1416	0.47170248600000003
1417	0.47191274200000005
1418	0.47220355299999994
1419	0.47248619799999997
1420	0.472787946
1421	0.473062694
1422	0.473331124
1423	0.473610789
1424	0.47390115299999996
1425	0.474195659
1426	0.474456161
1427	0.474738151
1428	0.47495061200000005
1429	0.475123644
1430	0.47529432200000005
1431	0.47547981100000003
1432	0.47565892299999996
1433	0.475836098
1434	0.476047695
1435	0.476236314
1436	0.476398259
1437	0.47658982899999996
1438	0.476761609
1439	0.47689417
1440	0.47700178600000004
1441	0.47708600799999995
1442	0.477183938
1443	0.477321535
1444	0.477481961
1445	0.477591485
1446	0.477687061
1447	0.47777608
1448	0.477794021
1449	0.477853417
1450	0.47796037799999996
1451	0.478031754
1452	0.47806716
1453	0.47816324200000004
1454	0.478299975
1455	0.47837641799999997
1456	0.478447914
1457	0.47850129
1458	0.47851386700000004
1459	0.478553712
1460	0.478622466
1461	0.478673846
1462	0.478695035
1463	0.47874212299999996
1464	0.47879079
1465	0.478839129
1466	0.478943467
1467	0.47901883700000003
1468	0.479047894
1469	0.479097813
1470	0.47916856399999996
1471	0.479276001
1472	0.47935572299999996
1473	0.47940400200000005
1474	0.47949212799999996
1475	0.479592443
1476	0.479694694
1477	0.47983157600000004
1478	0.479952365
1479	0.48000568200000004
1480	0.480072141
1481	0.480139375
1482	0.48017746200000005
1483	0.480199635
1484	0.480260521
1485	0.480274707
1486	0.48035442799999994
1487	0.48052606
1488	0.480649769
1489	0.480797708
1490	0.48090010899999996
1491	0.48096585299999994
1492	0.481021553
1493	0.481045306
1494	0.48105570700000005
1495	0.48109486700000004
1496	0.48115769
1497	0.481254667
1498	0.481377602
1499	0.48147583
1500	0.481616676
1501	0.481742471
1502	0.481794506
1503	0.481863201
1504	0.48193821299999995
1505	0.48201465600000004
1506	0.482093304
1507	0.48215091200000004
1508	0.48219353
1509	0.482200623
1510	0.482183009
1511	0.48221015899999997
1512	0.482314467
1513	0.482413232
1514	0.482471585
1515	0.48253315700000005
1516	0.482540876
1517	0.482522219
1518	0.482539386
1519	0.482556969
1520	0.482588559
1521	0.482645571
1522	0.482727081
1523	0.48278588100000003
1524	0.48286455899999997
1525	0.48295185
1526	0.48300245399999997
1527	0.483078539
1528	0.48321950399999997
1529	0.48330816600000004
1530	0.483362436
1531	0.48343151799999995
1532	0.48349970600000003
1533	0.483550549
1534	0.48358416600000004
1535	0.483622372
1536	0.483696312
1537	0.48374062799999995
1538	0.483757347
1539	0.483840913
1540	0.483909696
1541	0.483952492
1542	0.48400753700000004
1543	0.484072059
1544	0.48412922
1545	0.48412731299999995
1546	0.48416507200000003
1547	0.48425746
1548	0.48426949999999996
1549	0.484273314
1550	0.48436650600000003
1551	0.484466523
1552	0.48454490299999997
1553	0.484659702
1554	0.48474237299999995
1555	0.484779716
1556	0.484862119
1557	0.48493173700000003
1558	0.484983414
1559	0.485041887
1560	0.48508459299999995
1561	0.485141456
1562	0.485178292
1563	0.485199541
1564	0.485272944
1565	0.485354036
1566	0.485373527
1567	0.485398889
1568	0.48547756700000005
1569	0.48554498
1570	0.485569507
1571	0.485583276
1572	0.485613585
1573	0.485639393
1574	0.485672504
1575	0.485738248
1576	0.485821635
1577	0.485890895
1578	0.4859339
1579	0.485990494
1580	0.486044735
1581	0.48606240700000003
1582	0.486058325
1583	0.486061901
1584	0.48611381600000003
1585	0.48614040000000003
1586	0.486158818
1587	0.48622933
1588	0.486309558
1589	0.486362189
1590	0.48641023
1591	0.486510932
1592	0.486587614
1593	0.486639172
1594	0.486638278
1595	0.486709684
1596	0.48676952700000004
1597	0.48677814
1598	0.48684236399999997
1599	0.48691988
1600	0.48696705700000004
1601	0.48701655899999996
1602	0.48710107799999997
1603	0.487183541
1604	0.48721572799999996
1605	0.487286627
1606	0.487369061
1607	0.487398416
1608	0.487394214
1609	0.48736187799999997
1610	0.48736134200000003
1611	0.487404585
1612	0.487474084
1613	0.487562984
1614	0.487625033
1615	0.487652004
1616	0.487658143
1617	0.48768305799999995
1618	0.487754405
1619	0.48782467799999996
1620	0.48786774299999996
1621	0.48790484700000003
1622	0.48794609299999997
1623	0.48799371700000005
1624	0.48807862399999996
1625	0.48819989
1626	0.488287628
1627	0.488309085
1628	0.488334447
1629	0.48842436100000003
1630	0.4885028
1631	0.48852360200000006
1632	0.488565862
1633	0.488597065
1634	0.48856288200000003
1635	0.488579363
1636	0.488664806
1637	0.48872560299999995
1638	0.488800436
1639	0.488915503
1640	0.489014357
1641	0.48908594299999997
1642	0.489137948
1643	0.489182711
1644	0.489194423
1645	0.489183336
1646	0.489208043
1647	0.489238024
1648	0.48928967100000004
1649	0.489378482
1650	0.48942679200000005
1651	0.489443421
1652	0.489497781
1653	0.48956164700000004
1654	0.48961547
1655	0.48968336
1656	0.489721984
1657	0.489720434
1658	0.48973935799999996
1659	0.489822656
1660	0.48989737
1661	0.489907026
1662	0.489941239
1663	0.490007669
1664	0.490061581
1665	0.490150899
1666	0.49022659700000004
1667	0.49026405799999995
1668	0.490346998
1669	0.49045172299999995
1670	0.490521073
1671	0.490583301
1672	0.49069213899999997
1673	0.490768999
1674	0.490829229
1675	0.490970343
1676	0.491071731
1677	0.491095811
1678	0.49116188299999997
1679	0.49120754
1680	0.491172612
1681	0.491198897
1682	0.491259545
1683	0.49130296700000003
1684	0.49136439
1685	0.49137452200000004
1686	0.49140074799999994
1687	0.491467923
1688	0.49149221200000004
1689	0.49152711
1690	0.49160456700000005
1691	0.49167132399999997
1692	0.49169161899999997
1693	0.49169573200000005
1694	0.49174127
1695	0.491793245
1696	0.491831213
1697	0.491901904
1698	0.49194622
1699	0.491965383
1700	0.492046475
1701	0.492100269
1702	0.49207902
1703	0.492082357
1704	0.492108673
1705	0.492139637
1706	0.492218465
1707	0.49231553100000003
1708	0.492400169
1709	0.492513895
1710	0.492628396
1711	0.492675811
1712	0.492734581
1713	0.49283364399999996
1714	0.492876321
1715	0.492899597
1716	0.492879391
1717	0.49279999700000005
1718	0.492814243
1719	0.492880583
1720	0.492871076
1721	0.492850423
1722	0.492894292
1723	0.492953628
1724	0.49302429
1725	0.493095666
1726	0.493095458
1727	0.493070811
1728	0.493118465
1729	0.493178219
1730	0.493177354
1731	0.493177116
1732	0.49314448200000005
1733	0.49309560700000005
1734	0.49310109
1735	0.493144035
1736	0.493225694
1737	0.493272007
1738	0.493307471
1739	0.493371904
1740	0.493350148
1741	0.49327117200000004
1742	0.493234128
1743	0.493187755
1744	0.49319347700000005
1745	0.493290365
1746	0.49329069299999995
1747	0.49324578
1748	0.49322828700000004
1749	0.493195415
1750	0.493248969
1751	0.49331721700000003
1752	0.493244708
1753	0.493169576
1754	0.493270576
1755	0.493297815
1756	0.493400395
1757	0.493413925
1758	0.493256032
1759	0.493197709
1760	0.493215621
1761	0.49319243399999996
1762	0.49314788
1763	0.493168473
1764	0.49317562600000003
1765	0.49317839700000005
1766	0.493262738
1767	0.493264288
1768	0.49324610799999996
1769	0.493282348
1770	0.493375629
1771	0.493446946
1772	0.49346268200000004
1773	0.49348852
1774	0.49348211299999994
1775	0.49356064200000005
1776	0.493734777
1777	0.493757069
1778	0.493742168
1779	0.493791163
1780	0.493741214
1781	0.49370369299999994
1782	0.493763536
1783	0.493735045
1784	0.493616015
1785	0.49353253799999997
1786	0.493509054
1787	0.493599147
1788	0.493781894
1789	0.493935168
1790	0.49401778
1791	0.494013906
1792	0.49397441700000005
1793	0.494093716
1794	0.494262308
1795	0.494310766
1796	0.49438500399999996
1797	0.494443774
1798	0.494415373
1799	0.494338155
1800	0.494322747
1801	0.49341267299999997
1802	0.494089991
1803	0.49451625299999996
1804	0.494817406
1805	0.495068699
1806	0.495376259
1807	0.495647073
1808	0.496024996
1809	0.49629086299999997
1810	0.496437907
1811	0.49640426
1812	0.496517211
1813	0.49659258100000003
1814	0.496639371
1815	0.49684867299999996
1816	0.49703782799999996
1817	0.497013062
1818	0.497068226
1819	0.497157067
1820	0.497287989
1821	0.497324944
1822	0.49733731200000003
1823	0.49738380299999996
1824	0.497371167
1825	0.497420013
1826	0.497642219
1827	0.497758776
1828	0.497831255
1829	0.497874737
1830	0.49800241
1831	0.498144895
1832	0.49813696700000004
1833	0.498190343
1834	0.498462468
1835	0.498546362
1836	0.49847289899999997
1837	0.498586386
1838	0.498895675
1839	0.498953879
1840	0.498847395
1841	0.499049753
1842	0.499126315
1843	0.499075592
1844	0.49905175
1845	0.499133676
1846	0.49927896299999996
1847	0.499558479
1848	0.499618024
1849	0.499594599
1850	0.49975127
1851	0.499758482
1852	0.49968221799999996
1853	0.49988246
1854	0.500046849
1855	0.50009799
1856	0.500068605
1857	0.5001587270000001
1858	0.500290394
1859	0.500208318
1860	0.500278294
1861	0.5003047589999999
1862	0.5002885460000001
1863	0.5003893970000001
1864	0.500526249
1865	0.5006881360000001
1866	0.500730872
1867	0.500697911
1868	0.500611484
1869	0.500588536
1870	0.5005036589999999
1871	0.500481784
1872	0.5004293320000001
1873	0.500278652
1874	0.500418723
1875	0.500468135
1876	0.500600278
1877	0.500541806
1878	0.500452876
1879	0.500248134
1880	0.500010848
1881	0.49988392
1882	0.499807149
1883	0.499756873
1884	0.499604255
1885	0.499332964
1886	0.499051541
1887	0.499011844
1888	0.498841584
1889	0.49846428600000003
1890	0.498348385
1891	0.49819076100000004
1892	0.49777641899999997
1893	0.497390777
1894	0.497063696
1895	0.496699035
1896	0.496278465
1897	0.495737314
1898	0.49522203200000003
1899	0.49480411399999996
1900	0.494236976
1901	0.493659556
1902	0.49320659
1903	0.49282679
1904	0.492459297
1905	0.492108166
1906	0.491772205
1907	0.49147713200000004
1908	0.491186678
1909	0.49092358399999997
1910	0.490637958
1911	0.490276456
1912	0.490151823
1913	0.49012532799999997
1914	0.489983529
1915	0.48993995799999995
1916	0.490098
1917	0.49024272
1918	0.490215182
1919	0.49013862
1920	0.49030259299999995
1921	0.490547687
1922	0.490505368
1923	0.49053618299999996
1924	0.490752161
1925	0.490855545
1926	0.490736961
1927	0.490684241
1928	0.490846932
1929	0.490863651
1930	0.49077791
1931	0.490761369
1932	0.490807712
1933	0.49089586700000004
1934	0.49093300100000004
1935	0.49099648
1936	0.491128385
1937	0.49134463100000003
1938	0.49143496200000003
1939	0.49147790700000005
1940	0.49166736
1941	0.491866797
1942	0.491989225
1943	0.492202371
1944	0.492513329
1945	0.492517799
1946	0.492445707
1947	0.492516756
1948	0.49271938200000004
1949	0.49269056299999997
1950	0.492688358
1951	0.49287793
1952	0.49301213
1953	0.49323350200000005
1954	0.49349665600000003
1955	0.493741781
1956	0.494014174
1957	0.494303703
1958	0.494492382
1959	0.494650662
1960	0.4948681
1961	0.495045632
1962	0.49512431
1963	0.495227277
1964	0.495536506
1965	0.49583333700000004
1966	0.49596306700000004
1967	0.496136487
1968	0.49630788
1969	0.49659702200000005
1970	0.4969199
1971	0.497226
1972	0.49745014299999996
1973	0.497708231
1974	0.49801018799999996
1975	0.49815550399999997
1976	0.498309225
1977	0.498517424
1978	0.498699337
1979	0.498536825
1980	0.4987472
1981	0.499301404
1982	0.49971118600000003
1983	0.499794722
1984	0.500068367
1985	0.500436425
1986	0.500695109
1987	0.501000166
1988	0.5012223720000001
1989	0.501284599
1990	0.501461148
1991	0.501672268
1992	0.502021134
1993	0.502269089
1994	0.502506793
1995	0.502705753
1996	0.502939939
1997	0.503253341
1998	0.503602266
1999	0.503951609
2000	0.504330218
2001	0.5047093029999999
2002	0.505035937
2003	0.505327642
2004	0.505684137
2005	0.505964518
2006	0.506419301
2007	0.506891251
2008	0.5072339770000001
2009	0.507529557
2010	0.507851243
2011	0.508204222
2012	0.50859344
2013	0.508974671
2014	0.5093593
2015	0.509692252
2016	0.51005882
2017	0.510390997
2018	0.51071775
2019	0.5108914379999999
2020	0.511187851
2021	0.511454284
2022	0.5115728970000001
2023	0.5118774770000001
2024	0.512294292
2025	0.512661219
2026	0.5129094120000001
2027	0.513079822
2028	0.513383985
2029	0.513650715
2030	0.51391083
2031	0.514334023
2032	0.514723361
2033	0.514810503
2034	0.514834046
2035	0.515119433
2036	0.515589237
2037	0.51591301
2038	0.5162191389999999
2039	0.516546369
2040	0.516733706
2041	0.51694268
2042	0.51722759
2043	0.517523944
2044	0.5177155139999999
2045	0.518066049
2046	0.518420339
2047	0.518618107
2048	0.518790364
2049	0.5189026
2050	0.519003451
2051	0.519059718
2052	0.519249678
2053	0.519484341
2054	0.5196287629999999
2055	0.519823432
2056	0.520037591
2057	0.520212173
2058	0.520316243
2059	0.5205447670000001
2060	0.52072978
2061	0.520872653
2062	0.52102387
2063	0.52113539
2064	0.521340311
2065	0.521503985
2066	0.5215832
2067	0.5217939620000001
2068	0.522100627
2069	0.522337556
2070	0.5226351020000001
2071	0.522869885
2072	0.5230597260000001
2073	0.523224413
2074	0.523158669
2075	0.523168325
2076	0.52341491
2077	0.523650765
2078	0.523778379
2079	0.524031341
2080	0.524176061
2081	0.524034381
2082	0.52412653
2083	0.524395347
2084	0.5246115920000001
2085	0.52485013
2086	0.525093734
2087	0.525249898
2088	0.525430679
2089	0.525554001
2090	0.525507689
2091	0.525597632
2092	0.5257787110000001
2093	0.525833845
2094	0.52572453
2095	0.525909603
2096	0.5263201
2097	0.526423514
2098	0.526425064
2099	0.5266663429999999
2100	0.52682209
2101	0.527035892
2102	0.527356088
2103	0.527612329
2104	0.527678549
2105	0.527749538
2106	0.5279391410000001
2107	0.528380811
2108	0.528619945
2109	0.528749943
2110	0.5288876889999999
2111	0.529018164
2112	0.529183805
2113	0.529255748
2114	0.52946943
2115	0.52981329
2116	0.530036807
2117	0.530424595
2118	0.530835748
2119	0.530897617
2120	0.531248987
2121	0.531516671
2122	0.5316852329999999
2123	0.531906903
2124	0.532213449
2125	0.532467425
2126	0.532715559
2127	0.532953024
2128	0.5331731439999999
2129	0.533419847
2130	0.533839405
2131	0.5339412689999999
2132	0.534029722
2133	0.533753574
2134	0.533250868
2135	0.533025265
2136	0.533244133
2137	0.53341943
2138	0.533526182
2139	0.533881664
2140	0.533857942
2141	0.533487499
2142	0.533310175
2143	0.533064604
2144	0.532874286
2145	0.532773197
2146	0.532603741
2147	0.532420218
2148	0.532221913
2149	0.531919539
2150	0.531715631
2151	0.531754851
2152	0.531482577
2153	0.53088057
2154	0.530521214
2155	0.530144274
2156	0.529568911
2157	0.529157341
2158	0.529081106
2159	0.5287044639999999
2160	0.5280858279999999
2161	0.52765125
2162	0.527348876
2163	0.5267865660000001
2164	0.526003778
2165	0.525494814
2166	0.524963915
2167	0.524487436
2168	0.524206221
2169	0.523736477
2170	0.523040295
2171	0.522239625
2172	0.521663785
2173	0.521199107
2174	0.520718217
2175	0.520290315
2176	0.519902289
2177	0.5196176770000001
2178	0.519180357
2179	0.518675685
2180	0.518280566
2181	0.517882466
2182	0.51738745
2183	0.516899467
2184	0.516496062
2185	0.5161001679999999
2186	0.515543699
2187	0.514967084
2188	0.514697015
2189	0.514562905
2190	0.513955653
2191	0.513405085
2192	0.512890995
2193	0.512425542
2194	0.511743307
2195	0.511252344
2196	0.511050165
2197	0.510597944
2198	0.509948969
2199	0.509486139
2200	0.509108245
2201	0.508679926
2202	0.508321464
2203	0.507857025
2204	0.507265747
2205	0.5067515370000001
2206	0.506158769
2207	0.505851388
2208	0.505593717
2209	0.505115926
2210	0.5049408670000001
2211	0.50487715
2212	0.5048231479999999
2213	0.504972994
2214	0.505065501
2215	0.505178809
2216	0.505222738
2217	0.505378067
2218	0.505244017
2219	0.504713476
2220	0.504534125
2221	0.504443645
2222	0.504343569
2223	0.504482925
2224	0.504464924
2225	0.504290283
2226	0.504099309
2227	0.50401485
2228	0.5039109589999999
2229	0.503871262
2230	0.5037778620000001
2231	0.5039014820000001
2232	0.504224062
2233	0.5041997429999999
2234	0.504054904
2235	0.5040876870000001
2236	0.503867984
2237	0.503977656
2238	0.504613459
2239	0.504742861
2240	0.504546285
2241	0.504694045
2242	0.5049799079999999
2243	0.5050147770000001
2244	0.505087256
2245	0.505122006
2246	0.50476557
2247	0.50470084
2248	0.5048300029999999
2249	0.505132139
2250	0.505452931
2251	0.505471945
2252	0.5054640770000001
2253	0.505505502
2254	0.504938662
2255	0.504494071
2256	0.50455755
2257	0.504982471
2258	0.5048859720000001
2259	0.505005896
2260	0.5050141220000001
2261	0.5045247079999999
2262	0.5042223929999999
2263	0.504151583
2264	0.504132271
2265	0.5039800999999999
2266	0.503859341
2267	0.504064202
2268	0.504019141
2269	0.503541648
2270	0.503433108
2271	0.503726244
2272	0.5036615729999999
2273	0.503466964
2274	0.503299654
2275	0.503315628
2276	0.503283203
2277	0.5029679539999999
2278	0.502705753
2279	0.5023218389999999
2280	0.501772642
2281	0.501958907
2282	0.502397478
2283	0.502200186
2284	0.501621902
2285	0.501322687
2286	0.500812829
2287	0.5004239079999999
2288	0.500215113
2289	0.500031352
2290	0.499847263
2291	0.499464691
2292	0.49901965299999995
2293	0.498850465
2294	0.49867138299999997
2295	0.49838632299999996
2296	0.49829793
2297	0.498244464
2298	0.498017669
2299	0.497809231
2300	0.49789401899999997
2301	0.497765899
2302	0.497419715
2303	0.496892124
2304	0.496942967
2305	0.49703624799999996
2306	0.49648565100000003
2307	0.495931774
2308	0.49536979200000003
2309	0.494738877
2310	0.494480044
2311	0.49448561700000004
2312	0.494272947
2313	0.493890435
2314	0.493909329
2315	0.493974298
2316	0.493740588
2317	0.49339863700000003
2318	0.492997855
2319	0.492254794
2320	0.49200320200000003
2321	0.49189901399999997
2322	0.49181389799999997
2323	0.49195960200000005
2324	0.492014199
2325	0.492280215
2326	0.49225235
2327	0.491762042
2328	0.491756916
2329	0.491614848
2330	0.491994321
2331	0.493567795
2332	0.49421671
2333	0.494192839
2334	0.494631827
2335	0.49487271899999996
2336	0.495220363
2337	0.49632024799999996
2338	0.497624904
2339	0.49829518799999994
2340	0.499122202
2341	0.499813259
2342	0.50040096
2343	0.501637161
2344	0.5027149320000001
2345	0.503686547
2346	0.504957736
2347	0.505758405
2348	0.506028533
2349	0.5067149999999999
2350	0.507941544
2351	0.50876677
2352	0.509449601
2353	0.510314643
2354	0.510840893
2355	0.511505842
2356	0.5124660129999999
2357	0.5130511520000001
2358	0.513640702
2359	0.514281213
2360	0.5147149560000001
2361	0.515429854
2362	0.5162988310000001
2363	0.516913056
2364	0.517907798
2365	0.51839292
2366	0.517880738
2367	0.518382311
2368	0.519735992
2369	0.520024002
2370	0.5199313760000001
2371	0.520494998
2372	0.520757437
2373	0.520680904
2374	0.520799339
2375	0.521773219
2376	0.521965325
2377	0.521184981
2378	0.52113837
2379	0.5215451720000001
2380	0.521146953
2381	0.520951748
2382	0.521322429
2383	0.521039307
2384	0.520318627
2385	0.520238519
2386	0.520407081
2387	0.52057308
2388	0.520846546
2389	0.520986259
2390	0.520796597
2391	0.520303905
2392	0.520113111
2393	0.520328641
2394	0.520599246
2395	0.520735621
2396	0.520595253
2397	0.51986891
2398	0.519632995
2399	0.520077944
2400	0.520000517
2401	0.520076752
2402	0.520561218
2403	0.52050525
2404	0.519719124
2405	0.518861592
2406	0.518398523
2407	0.518269658
2408	0.518498778
2409	0.518975139
2410	0.51868397
2411	0.517781079
2412	0.517639279
2413	0.51863277
2414	0.519113302
2415	0.518231928
2416	0.518251598
2417	0.518137217
2418	0.516568482
2419	0.51602757
2420	0.5160449739999999
2421	0.515611053
2422	0.5155041220000001
2423	0.515239239
2424	0.515081286
2425	0.514475703
2426	0.513021588
2427	0.5124270320000001
2428	0.51242578
2429	0.5122936370000001
2430	0.511729479
2431	0.511251211
2432	0.510962963
2433	0.510154068
2434	0.508570254
2435	0.5081442589999999
2436	0.508221507
2437	0.50777626
2438	0.507695735
2439	0.507243812
2440	0.506251276
2441	0.5052000879999999
2442	0.5040434
2443	0.503670573
2444	0.503694475
2445	0.502746999
2446	0.501197278
2447	0.500759006
2448	0.5009010429999999
2449	0.499787033
2450	0.4991678
2451	0.498179346
2452	0.494933784
2453	0.49357652700000004
2454	0.493675053
2455	0.49319469899999996
2456	0.49296271799999997
2457	0.49270612
2458	0.493284613
2459	0.49284285299999997
2460	0.49052122200000003
2461	0.489882529
2462	0.490563452
2463	0.48984876299999996
2464	0.489219815
2465	0.48923093100000004
2466	0.488096356
2467	0.48736006
2468	0.488013595
2469	0.48806399100000003
2470	0.48694410899999996
2471	0.486862749
2472	0.48923972200000004
2473	0.488675445
2474	0.484264553
2475	0.48443678
2476	0.487267643
2477	0.486926466
2478	0.487752467
2479	0.488712966
2480	0.48646476899999996
2481	0.484400302
2482	0.485323876
2483	0.48465076100000004
2484	0.47936496100000003
2485	0.476801962
2486	0.47695299999999996
2487	0.476594508
2488	0.47605785700000003
2489	0.47559574200000004
2490	0.476291865
2491	0.476556391
2492	0.478208274
2493	0.47522404799999995
2494	0.46634265799999997
2495	0.46503824
2496	0.463144988
2497	0.46424642200000005
2498	0.478437901
2499	0.480482906
2500	0.47072017200000005
