350	0.1095991184314093
351	0.110960880915324
352	0.1085824196537337
353	0.108807844420274
354	0.1105704978108403
355	0.1091790795326233
356	0.1083444356918337
357	0.108542064825694
358	0.1093174715836843
359	0.109308011829853
360	0.1086322863896687
361	0.1079322844743727
362	0.109013686577479
363	0.1102895264824233
364	0.1108139728506407
365	0.1103094915548963
366	0.110013373196125
367	0.1100316469868023
368	0.1098701134324077
369	0.1112383455038073
370	0.1130356912811597
371	0.1136042972405753
372	0.113045985500018
373	0.113432213664055
374	0.1154981826742493
375	0.1153524592518807
376	0.115105581780275
377	0.1154792706171673
378	0.114994525909424
379	0.116064801812172
380	0.11787249147892
381	0.1177976702650387
382	0.1179249957203863
383	0.118604841331641
384	0.119646854698658
385	0.1202033162117007
386	0.120465559264024
387	0.1208423152565957
388	0.1222010577718417
389	0.122862532734871
390	0.122591570019722
391	0.123055731256803
392	0.1238430142402647
393	0.1246286431948346
394	0.1250231340527537
395	0.125422092775504
396	0.1258809367815653
397	0.1263336340586347
398	0.1264010046919187
399	0.1266828527053196
400	0.1274729271729787
401	0.1280236989259723
402	0.1286353717247643
403	0.129362906018893
404	0.1299537916978196
405	0.1303736567497253
406	0.1307439158360167
407	0.1312824934720993
408	0.1317258477211
409	0.1321009397506717
410	0.132515693704287
411	0.133144721388817
412	0.1337672819693883
413	0.1342484802007673
414	0.1346911589304607
415	0.1355802416801453
416	0.136656234661738
417	0.1365224222342173
418	0.1366876165072126
419	0.137372811635335
420	0.138211712241173
421	0.138827160000801
422	0.1392911175886793
423	0.1397993912299477
424	0.140478819608688
425	0.1411580294370653
426	0.14176016052564
427	0.142566000421842
428	0.1433156530062354
429	0.1439469854036967
430	0.1446270594994226
431	0.1454129368066787
432	0.146287163098653
433	0.1471800158421197
434	0.1480219463507333
435	0.1488362501064937
436	0.1496627777814867
437	0.1504929562409717
438	0.1512527068456013
439	0.151954690615336
440	0.152883564432462
441	0.1537311524152757
442	0.154470389087995
443	0.155442217985789
444	0.1562542418638863
445	0.1569354037443797
446	0.1577056099971133
447	0.158329039812088
448	0.1589943766593933
449	0.159889300664266
450	0.160636141896248
451	0.161258598168691
452	0.161849036812782
453	0.162603462735812
454	0.163309549291929
455	0.1639175415039063
456	0.164558654030164
457	0.165177543958028
458	0.165780708193779
459	0.1663982520500817
460	0.1669831921656927
461	0.1675635129213333
462	0.1681682765483853
463	0.1687267074982327
464	0.169279490907987
465	0.1698309779167173
466	0.1702641695737837
467	0.1707592407862347
468	0.17134353518486
469	0.1718959758679074
470	0.1723776906728743
471	0.172863816221555
472	0.173466329773267
473	0.173985406756401
474	0.174453909198443
475	0.174939602613449
476	0.1754707197348273
477	0.175992468992869
478	0.176493023832639
479	0.177067200342814
480	0.1776090711355206
481	0.1781215568383533
482	0.17870066066583
483	0.179286961754163
484	0.17988753815492
485	0.1805241803328197
486	0.1811038802067436
487	0.1817408005396524
488	0.182507127523422
489	0.1831988046566647
490	0.1838733702898023
491	0.184552257259687
492	0.1851639449596403
493	0.1858028670152027
494	0.1864785651365913
495	0.1871408422787983
496	0.1878737956285473
497	0.1886236866315207
498	0.1893155872821806
499	0.1900671223799386
500	0.1908734341462453
501	0.191698729991913
502	0.192470779021581
503	0.1932270179192223
504	0.1939923564593
505	0.1947837273279827
506	0.195554335912069
507	0.1963530431191126
508	0.1972762842973073
509	0.198048065106074
510	0.1987550705671313
511	0.1995434413353604
512	0.2003258367379507
513	0.20110618074735
514	0.201901281873385
515	0.2027441213528313
516	0.2035777072111767
517	0.2043964465459187
518	0.2052503923575083
519	0.2060856421788534
520	0.2069211850563687
521	0.2077996681133903
522	0.208667308092117
523	0.2095227191845573
524	0.2103765855232877
525	0.2112502505381903
526	0.212110678354899
527	0.2129485805829367
528	0.2138139357169473
529	0.214693233370781
530	0.215580905477206
531	0.216479614377022
532	0.2173967957496643
533	0.2183124125003817
534	0.2192025929689407
535	0.2200787464777627
536	0.2209815680980683
537	0.2219375123580293
538	0.222909818092982
539	0.2238810757795967
540	0.224848955869675
541	0.2258263876040777
542	0.2268043110768
543	0.2277899086475373
544	0.228796308239301
545	0.2297895600398383
546	0.2308003306388856
547	0.2318596889575323
548	0.232893799742063
549	0.2339855581521987
550	0.2351660430431367
551	0.2362960378328957
552	0.237501432498296
553	0.2388109614451727
554	0.24016331632932
555	0.2414929568767547
556	0.2427753756443663
557	0.2440141638120013
558	0.2452391187349957
559	0.2464333623647687
560	0.2476028303305307
561	0.248869895935059
562	0.2501216133435566
563	0.2512995352347691
564	0.2524558554093043
565	0.2535555611054103
566	0.2546406636635463
567	0.2558022091786067
568	0.256911223133405
569	0.258000388741493
570	0.2591341137886047
571	0.2602103849252064
572	0.2612109978993734
573	0.2621662418047587
574	0.2632226447264354
575	0.264314979314804
576	0.2653850813706713
577	0.2663839856783547
578	0.2673776447772984
579	0.2683738271395367
580	0.2693600356578826
581	0.270315517981847
582	0.2712361911932626
583	0.2721234063307443
584	0.2729548712571463
585	0.273772031068802
586	0.274604360262553
587	0.2754467129707336
588	0.2762606342633567
589	0.2770466804504397
590	0.2778370877106986
591	0.2785496910413107
592	0.2791787286599477
593	0.2797516385714214
594	0.2803360025087997
595	0.2808567186196647
596	0.2812989354133607
597	0.2819207608699796
598	0.2826220989227297
599	0.2833268940448759
600	0.2840045392513273
601	0.284672776858012
602	0.2853367229302727
603	0.2860010266304017
604	0.2866060435771944
605	0.2871937553087873
606	0.287802368402481
607	0.2883546551068624
608	0.2889095743497214
609	0.289482235908508
610	0.2899953921635943
611	0.290513962507248
612	0.291054457426071
613	0.2916042109330494
614	0.292118936777115
615	0.2926136751969654
616	0.2931156853834787
617	0.2936319013436636
618	0.2941246032714847
619	0.2945807178815207
620	0.295062591632207
621	0.2955503463745117
622	0.2960317134857176
623	0.2965017259120943
624	0.2969864110151927
625	0.297460695107778
626	0.297889937957128
627	0.298340062300364
628	0.2987843652566273
629	0.2992056906223297
630	0.299660305182139
631	0.300111363331477
632	0.300544997056325
633	0.3009775678316753
634	0.3014033337434134
635	0.3018209338188173
636	0.3022285302480063
637	0.30263876914978
638	0.3030690054098763
639	0.303520063559214
640	0.30392732222875
641	0.304335594177246
642	0.3047578036785126
643	0.3051402469476063
644	0.305518885453542
645	0.3059092263380687
646	0.3063178757826486
647	0.3067099849383036
648	0.3071037530899047
649	0.3075213929017384
650	0.3079093297322593
651	0.3082703749338783
652	0.3086276551087697
653	0.309044082959493
654	0.3094464639822643
655	0.3098233540852867
656	0.3102118571599327
657	0.310569663842519
658	0.310927708943685
659	0.3113265931606293
660	0.311703552802404
661	0.312071998914083
662	0.3124407827854156
663	0.3127824564774833
664	0.3131452997525533
665	0.3135343293348947
666	0.313910057147344
667	0.3142744501431783
668	0.3146406412124633
669	0.3150248130162557
670	0.3153899013996127
671	0.3157678147157034
672	0.3161799112955727
673	0.3165861765543617
674	0.3169504702091217
675	0.317294418811798
676	0.317722201347351
677	0.318096180756887
678	0.318452457586924
679	0.318889151016871
680	0.31930410861969
681	0.319698750972748
682	0.3200891812642413
683	0.3204807539780937
684	0.3208925326665243
685	0.3213194509347276
686	0.321725497643153
687	0.3221155603726706
688	0.322515606880188
689	0.3229611814022066
690	0.323377509911855
691	0.3237953285376233
692	0.324244757493337
693	0.3246616621812183
694	0.3250662982463837
695	0.3254729012648264
696	0.325875749190648
697	0.3262989322344463
698	0.326731493075689
699	0.327142943938573
700	0.3275588750839233
701	0.3279893199602764
702	0.3284282386302947
703	0.3288150529066723
704	0.3292245864868164
705	0.3296712040901184
706	0.3300566971302033
707	0.3304532965024313
708	0.3308704296747847
709	0.331288009881973
710	0.331684410572052
711	0.3320796688397726
712	0.332499573628108
713	0.332952827215195
714	0.3333741029103597
715	0.3337554434935253
716	0.3341980278491973
717	0.3345920344193776
718	0.3349509934584297
719	0.335347354412079
720	0.3357081413269043
721	0.3360780477523803
722	0.3364983399709067
723	0.336899032195409
724	0.337306578954061
725	0.337723692258199
726	0.3381077647209167
727	0.3385064204533896
728	0.3389251530170443
729	0.3393500447273257
730	0.3397540152072904
731	0.3401367167631786
732	0.3405113021532697
733	0.3409083286921183
734	0.3412894407908123
735	0.3416531880696617
736	0.3420553306738537
737	0.3424479067325594
738	0.342834581931432
739	0.34323979417483
740	0.3436405261357623
741	0.3440416256586707
742	0.3444467186927797
743	0.3448387483755747
744	0.3452275494734446
745	0.3456164797147117
746	0.3460005323092143
747	0.346422086159388
748	0.3468558887640636
749	0.3472537497679389
750	0.347651282946269
751	0.3480422298113504
752	0.3484258055686953
753	0.3488302826881406
754	0.349241515000661
755	0.3496511975924173
756	0.35005592306455
757	0.3504731555779776
758	0.350883255402247
759	0.3512563705444336
760	0.3516024549802146
761	0.351965844631195
762	0.352367699146271
763	0.352769911289215
764	0.3531639377276103
765	0.353538195292155
766	0.3538798391819003
767	0.3542460401852927
768	0.3546344141165417
769	0.355018158753713
770	0.3553347885608673
771	0.3556895752747857
772	0.3561152219772341
773	0.356463253498077
774	0.3568139274915057
775	0.3571863174438477
776	0.3575636148452757
777	0.3578790128231046
778	0.3581801056861876
779	0.358522832393646
780	0.3588811258474987
781	0.3592353860537214
782	0.359576712052027
783	0.359913428624471
784	0.3602743943532307
785	0.3606371879577637
786	0.360958258310954
787	0.3612583378950757
788	0.3615546623865764
789	0.3618632555007933
790	0.3622002998987837
791	0.362509876489639
792	0.362791319688161
793	0.3631031115849813
794	0.3633799652258556
795	0.3636453747749326
796	0.3639448185761767
797	0.3642633259296417
798	0.364562382300695
799	0.3648254374663036
800	0.3650821447372437
801	0.365389883518219
802	0.3657113015651703
803	0.3659442464510603
804	0.3662206033865607
805	0.3664969007174173
806	0.3667191763718923
807	0.3669733107089996
808	0.367237428824107
809	0.3674847086270653
810	0.3676783541838327
811	0.3679061631361646
812	0.3681641519069673
813	0.3684056500593823
814	0.3686148822307587
815	0.368826687335968
816	0.3690555294354756
817	0.36922882994016
818	0.369438777367274
819	0.3696759541829426
820	0.3698406318823493
821	0.3700454235076907
822	0.3702589770158131
823	0.370425323645274
824	0.3705733617146807
825	0.3707186182339983
826	0.3708797593911486
827	0.3710903525352476
828	0.3712661067644754
829	0.371415326992671
830	0.3715876042842863
831	0.3717326422532399
832	0.3718772133191426
833	0.372037688891093
834	0.372159500916799
835	0.3722876409689584
836	0.3724252184232077
837	0.3725358843803404
838	0.3726626932621004
839	0.3728003899256387
840	0.3729352355003357
841	0.373090386390686
842	0.3732269803682964
843	0.3733386397361757
844	0.373486002286275
845	0.373604635397593
846	0.37369970480601
847	0.3738084236780799
848	0.3739392161369324
849	0.3740623394648234
850	0.3741542597611744
851	0.374223033587138
852	0.374307543039322
853	0.374420503775279
854	0.3745506902535756
855	0.3746626575787864
856	0.374747842550278
857	0.374819616476695
858	0.3749539454778034
859	0.375058005253474
860	0.3751201430956519
861	0.3752628962198893
862	0.3753917515277863
863	0.3754919767379763
864	0.3755830228328707
865	0.3757126430670421
866	0.375848392645518
867	0.375962903102239
868	0.376056323448817
869	0.376156916220983
870	0.3762606779734294
871	0.3763458629449207
872	0.3764644463857014
873	0.3766103486220043
874	0.376765261093775
875	0.3769155740737917
876	0.377034068107605
877	0.3771389226118727
878	0.3772965570290883
879	0.3774121304353077
880	0.377500226100286
881	0.3776027957598367
882	0.3777155975500743
883	0.3778829077879586
884	0.378091037273407
885	0.3782299757003784
886	0.3783552646636963
887	0.378486752510071
888	0.3786321381727857
889	0.3787822326024373
890	0.378923386335373
891	0.3790581723054253
892	0.3792273998260496
893	0.379399081071218
894	0.3795671463012694
895	0.3797377943992613
896	0.3798844615618386
897	0.380043735106786
898	0.3802364865938823
899	0.3804047405719757
900	0.3805615802605947
901	0.380724678436915
902	0.3809157212575277
903	0.3810914357503257
904	0.3812647461891177
905	0.381456196308136
906	0.3816607693831124
907	0.3818419675032297
908	0.382005512714386
909	0.382208784421285
910	0.382384806871414
911	0.3825645248095193
912	0.382784108320872
913	0.3829229672749836
914	0.383110910654068
915	0.3833872179190317
916	0.383632649978002
917	0.383825769027074
918	0.3840096890926359
919	0.38424622019132
920	0.3844749828179677
921	0.3846676548322043
922	0.3848367333412173
923	0.385072420040766
924	0.3853039642175036
925	0.3855277200539904
926	0.3857654333114623
927	0.3860040307044983
928	0.3862405717372894
929	0.3864749868710837
930	0.3867117166519167
931	0.386972596247991
932	0.3872370223204293
933	0.387464056412379
934	0.3877089818318686
935	0.3879440824190774
936	0.3881612718105317
937	0.3884498278299967
938	0.388699690500895
939	0.3889205952485404
940	0.389200250307719
941	0.3894555071989693
942	0.389706641435623
943	0.389975885550181
944	0.3902385334173837
945	0.390469272931417
946	0.390686770280202
947	0.3909471233685813
948	0.39124670624733
949	0.3915346960226696
950	0.3917751510938006
951	0.3920131425062817
952	0.3922940393288933
953	0.3926059703032177
954	0.3928835491339366
955	0.3931436240673064
956	0.3933902780214947
957	0.3936206797758741
958	0.3938043614228566
959	0.3940649032592773
960	0.3943949937820437
961	0.3946647743384044
962	0.394929716984431
963	0.3951793213685353
964	0.3954056402047474
965	0.3956492046515147
966	0.3959359625975293
967	0.3962399462858834
968	0.396486163139343
969	0.3967622617880504
970	0.397067219018936
971	0.397375702857971
972	0.397661179304123
973	0.3979440728823343
974	0.398231993118922
975	0.3985199729601543
976	0.3987960120042167
977	0.399060010910034
978	0.3993134200572967
979	0.3995379308859506
980	0.399809499581655
981	0.4001308977603914
982	0.4004351397355397
983	0.4007110297679903
984	0.400986482699712
985	0.4012790819009143
986	0.4015312095483147
987	0.4018203715483347
988	0.4021256069342297
989	0.4023497800032294
990	0.4025755127271016
991	0.4028586347897847
992	0.403200407822927
993	0.4034560322761537
994	0.4036342004934947
995	0.4038296639919279
996	0.4041840334733326
997	0.4044842223326366
998	0.4047267138957977
999	0.404945989449819
1000	0.4051627318064373
1001	0.4042140444119773
1002	0.404425044854482
1003	0.4046611189842226
1004	0.4049753348032634
1005	0.405228128035863
1006	0.4055073062578836
1007	0.405680298805237
1008	0.405754894018173
1009	0.405914455652237
1010	0.4059971769650777
1011	0.4061714410781856
1012	0.4064724644025167
1013	0.4067263404528297
1014	0.4069344898064933
1015	0.4072581032911937
1016	0.4074736336867017
1017	0.4076662560304004
1018	0.407845914363861
1019	0.407982458670934
1020	0.4081310133139294
1021	0.4082483847935993
1022	0.4084201355775194
1023	0.4086143374443054
1024	0.4088018735249837
1025	0.409043103456497
1026	0.409243315458298
1027	0.4094411134719847
1028	0.4095905721187594
1029	0.409720778465271
1030	0.409796446561813
1031	0.4099499583244324
1032	0.4100735485553743
1033	0.410277952750524
1034	0.4106418589750926
1035	0.4108290076255797
1036	0.4109259347120919
1037	0.4110877911249797
1038	0.4111731052398683
1039	0.4113190670808156
1040	0.4115262627601624
1041	0.4117919405301413
1042	0.4119689663251243
1043	0.4120960334936776
1044	0.4122648636500044
1045	0.412422686815262
1046	0.412591407696406
1047	0.4128004908561707
1048	0.4129759470621746
1049	0.413144548734029
1050	0.413286825021108
1051	0.4133658607800803
1052	0.4135072231292723
1053	0.413678656021754
1054	0.4138291676839194
1055	0.4139925042788187
1056	0.414197425047557
1057	0.4143460492293036
1058	0.4144402345021567
1059	0.4145757357279456
1060	0.4146874050299327
1061	0.41486194729805
1062	0.4151234924793243
1063	0.4152751564979553
1064	0.4153836568196613
1065	0.4155421058336894
1066	0.415629585584005
1067	0.4157826205094657
1068	0.4160706301530204
1069	0.4162718156973523
1070	0.4164307316144307
1071	0.4165327350298564
1072	0.4166896939277646
1073	0.416796088218689
1074	0.4169970750808716
1075	0.417321801185608
1076	0.417525033156077
1077	0.4177141189575193
1078	0.417867789665858
1079	0.4179380436738333
1080	0.41804634531339
1081	0.4181126157442727
1082	0.4182872474193573
1083	0.418439964453379
1084	0.418538252512614
1085	0.4187083840370177
1086	0.418915182352066
1087	0.419095108906428
1088	0.4193095564842224
1089	0.4194883108139036
1090	0.4196254014968874
1091	0.4198005199432373
1092	0.4199741383393603
1093	0.4201714595158894
1094	0.4204488297303517
1095	0.4206303159395854
1096	0.4207372665405276
1097	0.4208995898564654
1098	0.4210844536622367
1099	0.421183427174886
1100	0.4213402966658273
1101	0.4215972820917763
1102	0.4217434724171956
1103	0.421793609857559
1104	0.421937863032023
1105	0.4220746556917827
1106	0.4222313662370047
1107	0.4224954843521116
1108	0.4226599931716917
1109	0.4227368632952374
1110	0.422888457775116
1111	0.4230636755625403
1112	0.4231869479020436
1113	0.4233935475349426
1114	0.4235605696837106
1115	0.423712452252706
1116	0.4238117635250094
1117	0.4239840805530546
1118	0.4241864879926043
1119	0.4243550995985667
1120	0.424539645512899
1121	0.4246944586435954
1122	0.4247976442178094
1123	0.4249619543552396
1124	0.4251723090807597
1125	0.4253312051296234
1126	0.4255119363466897
1127	0.4257321854432424
1128	0.4259005188941956
1129	0.4260260264078777
1130	0.4261992275714874
1131	0.4263854722181957
1132	0.426560193300247
1133	0.426777829726537
1134	0.426952987909317
1135	0.4270625213781993
1136	0.4272100925445557
1137	0.4273668825626376
1138	0.4275282422701516
1139	0.427693635225296
1140	0.42789692680041
1141	0.4281031588713327
1142	0.42829359571139
1143	0.4284368654092157
1144	0.428579111893972
1145	0.4287469585736594
1146	0.4288979868094127
1147	0.4290342728296916
1148	0.4291998147964477
1149	0.429364522298177
1150	0.4294794797897339
1151	0.4296528498331704
1152	0.429894616206487
1153	0.4300791323184967
1154	0.4302297234535217
1155	0.430385758479436
1156	0.430572599172592
1157	0.4307830035686493
1158	0.4310017426808674
1159	0.4312155246734621
1160	0.4313440124193826
1161	0.4314675629138947
1162	0.4316434462865197
1163	0.4318458338578544
1164	0.43204070130984
1165	0.4322794377803803
1166	0.4324757854143777
1167	0.4326256414254503
1168	0.432834227879842
1169	0.4330726067225137
1170	0.4332939287026727
1171	0.4335142473379769
1172	0.4337061246236163
1173	0.4339110851287843
1174	0.434137354294459
1175	0.4343625307083134
1176	0.4346051315466563
1177	0.434806982676188
1178	0.434954603513082
1179	0.4351366758346557
1180	0.4353383084138236
1181	0.4355379144350686
1182	0.4357307553291323
1183	0.4359347820281983
1184	0.436165452003479
1185	0.4363642930984497
1186	0.4365043640136719
1187	0.436708241701126
1188	0.436949739853541
1189	0.437140554189682
1190	0.4373530646165213
1191	0.4375970065593719
1192	0.437778373559316
1193	0.4379325807094573
1194	0.438135027885437
1195	0.438390503327052
1196	0.4385855396588643
1197	0.4387545585632327
1198	0.4389627774556473
1199	0.439174314339956
1200	0.4393578867117563
1201	0.43956458568573
1202	0.4397895435492197
1203	0.4399547775586447
1204	0.4401251872380573
1205	0.440354625384013
1206	0.4405460953712463
1207	0.4407011866569521
1208	0.440913180510203
1209	0.441175570090612
1210	0.4413898984591166
1211	0.441563308238983
1212	0.4417888621489207
1213	0.442005713780721
1214	0.442147751649221
1215	0.4423516392707827
1216	0.442636847496033
1217	0.442880600690842
1218	0.4430556893348697
1219	0.4432676533857984
1220	0.4435043931007387
1221	0.4437311987082164
1222	0.4439199169476827
1223	0.4441092908382416
1224	0.4443326393763223
1225	0.4445198674996693
1226	0.4446826775868737
1227	0.4449082414309187
1228	0.4451337854067483
1229	0.445321480433146
1230	0.4455142319202423
1231	0.4457236727078757
1232	0.4459167917569477
1233	0.4460917512575783
1234	0.446266988913218
1235	0.446424831946691
1236	0.4466407795747123
1237	0.4468414584795637
1238	0.447010944286982
1239	0.4472304085890451
1240	0.4474156399567923
1241	0.4475962122281393
1242	0.4478475451469424
1243	0.4480975170930226
1244	0.4483400384585063
1245	0.448600838581721
1246	0.448843737443288
1247	0.4490375618139903
1248	0.4492254157861074
1249	0.449431707461675
1250	0.4496418436368306
1251	0.449810306231181
1252	0.4499933222929637
1253	0.4502447843551637
1254	0.45046736796697
1255	0.450674106677373
1256	0.4509176909923553
1257	0.4511327842871347
1258	0.451349397500356
1259	0.451580633719762
1260	0.451776961485545
1261	0.4519893527030943
1262	0.4522173404693604
1263	0.4524243275324504
1264	0.452637255191803
1265	0.452846666177114
1266	0.4530605475107827
1267	0.4532518883546193
1268	0.453462729851405
1269	0.4537022312482197
1270	0.4539096554120383
1271	0.4541081488132477
1272	0.4543438156445823
1273	0.454544981320699
1274	0.4547117650508876
1275	0.4549137353897093
1276	0.455117086569468
1277	0.4553174773852033
1278	0.4555528461933137
1279	0.4558043281237283
1280	0.4560293157895407
1281	0.456224153439204
1282	0.4564363459746043
1283	0.4566579163074496
1284	0.4568486114343007
1285	0.4570232133070627
1286	0.4572213689486186
1287	0.4574401676654813
1288	0.4576737384001417
1289	0.457891801993052
1290	0.4581252137819927
1291	0.458328902721405
1292	0.4584701855977376
1293	0.4586232602596283
1294	0.458780586719513
1295	0.458970566590627
1296	0.4591838419437407
1297	0.4593414465586343
1298	0.459504723548889
1299	0.4597084224224087
1300	0.4599040945370994
1301	0.460110584894816
1302	0.4603613416353863
1303	0.4605939984321594
1304	0.460784047842026
1305	0.4609959026177723
1306	0.461213568846385
1307	0.4614207744598386
1308	0.4616050223509471
1309	0.4618076980113983
1310	0.462021360794703
1311	0.462223788102468
1312	0.4624277253945667
1313	0.462649017572403
1314	0.4628642499446871
1315	0.4630828698476153
1316	0.4632679224014283
1317	0.463410536448161
1318	0.4636019070943196
1319	0.4638281563917794
1320	0.4640433887640636
1321	0.4642761747042337
1322	0.4645419816176097
1323	0.4647742708524067
1324	0.46495990951856
1325	0.465170830488205
1326	0.465386251608531
1327	0.4655724267164867
1328	0.465774397055308
1329	0.4659956196943923
1330	0.4662337601184843
1331	0.4664385318756104
1332	0.4665955901145933
1333	0.4667638242244723
1334	0.466950645049413
1335	0.467145601908366
1336	0.4673779408137007
1337	0.46761617064476
1338	0.467825094858805
1339	0.468027393023173
1340	0.4682417809963226
1341	0.4684291779994967
1342	0.4685820043087003
1343	0.468742221593857
1344	0.468900521596273
1345	0.4690823554992674
1346	0.4692914982636769
1347	0.4694704711437227
1348	0.4696463147799173
1349	0.4698320825894673
1350	0.4700169165929157
1351	0.470179259777069
1352	0.470333884159724
1353	0.4704967737197877
1354	0.4706564247608186
1355	0.4708051482836403
1356	0.470988819996516
1357	0.4712094962596893
1358	0.4713721474011737
1359	0.4715179204940796
1360	0.471691201130549
1361	0.4718261460463207
1362	0.471975634495417
1363	0.4721461832523348
1364	0.472283333539963
1365	0.4724519848823547
1366	0.472621937592824
1367	0.4727474451065063
1368	0.4728692173957823
1369	0.4729844431082411
1370	0.4730826516946154
1371	0.473165313402812
1372	0.4731988509496053
1373	0.4732014139493304
1374	0.473212331533432
1375	0.47317964831988
1376	0.473164161046346
1377	0.473166286945343
1378	0.473136117060979
1379	0.4730850954850513
1380	0.4730146527290343
1381	0.4729511241118113
1382	0.4728784263134003
1383	0.4727385540803273
1384	0.4725752770900726
1385	0.472402662038803
1386	0.472196400165558
1387	0.471977263689041
1388	0.471734950939814
1389	0.4714559316635134
1390	0.4711388250192006
1391	0.4707802335421243
1392	0.4704239964485167
1393	0.470026383797328
1394	0.469566931327184
1395	0.4691264430681863
1396	0.4686905543009443
1397	0.4681983093420667
1398	0.4676790634791057
1399	0.4671775301297507
1400	0.4666394591331484
1401	0.466110110282898
1402	0.4656413396199543
1403	0.4651452203591663
1404	0.4646796286106114
1405	0.464267611503601
1406	0.463823119799296
1407	0.4633999665578207
1408	0.4630183974901834
1409	0.4626603225866954
1410	0.4623729189236956
1411	0.4621542592843371
1412	0.4620630244414013
1413	0.462064057588577
1414	0.462232530117035
1415	0.4626684387524924
1416	0.4632335007190703
1417	0.4639656245708463
1418	0.4647716879844667
1419	0.465564956267675
1420	0.466396669546763
1421	0.4671698113282523
1422	0.4679176211357117
1423	0.4686368107795717
1424	0.4693437516689303
1425	0.470036635796229
1426	0.4706929723421729
1427	0.4713198542594907
1428	0.4719367722670236
1429	0.4725299874941506
1430	0.473079224427541
1431	0.4735935429732006
1432	0.4740916987260184
1433	0.4746033151944477
1434	0.475094566742579
1435	0.4755467772483826
1436	0.4760488073031107
1437	0.4765657484531403
1438	0.4770146906375887
1439	0.4774773915608723
1440	0.477930118640264
1441	0.4783098101615906
1442	0.4787124097347263
1443	0.479136526584625
1444	0.4795310993989307
1445	0.4798937141895296
1446	0.480228116114934
1447	0.4805659552415213
1448	0.480883538722992
1449	0.4812009433905284
1450	0.481531361738841
1451	0.481830249230067
1452	0.4820961753527324
1453	0.4823683500289917
1454	0.4826181530952453
1455	0.482878257830938
1456	0.4831684529781343
1457	0.4834162493546807
1458	0.4836490452289584
1459	0.4838568766911827
1460	0.4840741455554964
1461	0.4843059678872427
1462	0.4845477938652037
1463	0.4847950637340547
1464	0.4850129485130306
1465	0.4852216442426043
1466	0.485491762558619
1467	0.4857501288255053
1468	0.4859640300273897
1469	0.486208657423655
1470	0.4864757160345716
1471	0.4867553710937497
1472	0.487062096595764
1473	0.4873830179373423
1474	0.4876734713713327
1475	0.487931817770004
1476	0.488205075263977
1477	0.488499810298284
1478	0.4887690444787346
1479	0.4890235563119253
1480	0.489310254653295
1481	0.4895840783913927
1482	0.4898473819096883
1483	0.490116000175476
1484	0.4903825322786967
1485	0.490620146195094
1486	0.4908840755621593
1487	0.4911864399909973
1488	0.4914556543032327
1489	0.4917179942131043
1490	0.4919684727986653
1491	0.492202033599218
1492	0.492402613162994
1493	0.492571671803792
1494	0.492775837580363
1495	0.4929651618003843
1496	0.493135740359624
1497	0.4933385352293649
1498	0.4935519993305206
1499	0.4937362770239513
1500	0.4939455290635424
1501	0.4941757917404177
1502	0.4944005211194356
1503	0.4946099917093913
1504	0.4947823782761893
1505	0.4949993987878163
1506	0.4952213267485304
1507	0.4953709443410236
1508	0.495581159989039
1509	0.495832751194636
1510	0.496049056450526
1511	0.4963183800379434
1512	0.4966115057468414
1513	0.4968298176924386
1514	0.4970040917396543
1515	0.4971885581811266
1516	0.4973680078983307
1517	0.497549335161845
1518	0.4977448383967083
1519	0.497926572958628
1520	0.498087128003438
1521	0.4982689023017883
1522	0.498458673556646
1523	0.4986579219500223
1524	0.498887320359548
1525	0.4990816911061606
1526	0.499243249495824
1527	0.4994456271330517
1528	0.4996721744537351
1529	0.4998423556486764
1530	0.5000122686227163
1531	0.500196655591329
1532	0.5003313819567363
1533	0.500482847293218
1534	0.500668466091156
1535	0.5008544921875
1536	0.5010061562061313
1537	0.5011638998985289
1538	0.5013474225997924
1539	0.5015376408894857
1540	0.5017105042934417
1541	0.5018659432729087
1542	0.502036233743032
1543	0.5022001663843794
1544	0.5023306508858997
1545	0.5025043189525603
1546	0.50271479288737
1547	0.5028751591841379
1548	0.503026197353999
1549	0.5032069981098174
1550	0.5033764541149143
1551	0.5035457809766134
1552	0.5037429829438526
1553	0.50393416484197
1554	0.5041007598241173
1555	0.5042851070563
1556	0.5044698417186737
1557	0.5046087801456453
1558	0.5047450562318164
1559	0.5049040913581847
1560	0.50505934158961
1561	0.5052034060160321
1562	0.505342056353887
1563	0.5054851571718854
1564	0.5056479473908743
1565	0.5058164099852244
1566	0.5059743225574493
1567	0.5061501065889994
1568	0.5063311060269676
1569	0.5064951578776044
1570	0.506696800390879
1571	0.5068863729635873
1572	0.5069862604141236
1573	0.5071065326531726
1574	0.507259875535965
1575	0.5074094633261362
1576	0.5075842241446177
1577	0.5078063209851583
1578	0.5079995989799501
1579	0.5082109967867537
1580	0.5083900193373361
1581	0.5085348387559253
1582	0.5087166527907053
1583	0.508901496728261
1584	0.5090519189834594
1585	0.5092090169588723
1586	0.5093722442785901
1587	0.5095085601011914
1588	0.5096581180890399
1589	0.5098382234573363
1590	0.5099944770336153
1591	0.5101124842961634
1592	0.5102582474549613
1593	0.5104186634222666
1594	0.5105746587117517
1595	0.510725239912669
1596	0.5109010140101117
1597	0.5110551615556084
1598	0.5112077991167707
1599	0.5113803644975027
1600	0.5115318497021993
1601	0.5117027660210925
1602	0.5118752121925354
1603	0.512009263038635
1604	0.5121528506278993
1605	0.5122895042101543
1606	0.5123940110206604
1607	0.512543191512426
1608	0.5127109289169313
1609	0.5128400027751923
1610	0.51300240556399
1611	0.5131739974021914
1612	0.5133135815461477
1613	0.5134697159131366
1614	0.5136283238728839
1615	0.51375620563825
1616	0.5138734181722003
1617	0.5140032370885214
1618	0.514167159795761
1619	0.5143625636895496
1620	0.5145499408245087
1621	0.5146980583667756
1622	0.5148334403832756
1623	0.5149754285812381
1624	0.5151048004627227
1625	0.5152652263641356
1626	0.5154340863227846
1627	0.515552262465159
1628	0.51568736632665
1629	0.515851120154063
1630	0.516000181436539
1631	0.5161533455053964
1632	0.5163111686706543
1633	0.5164706905682883
1634	0.516611913839976
1635	0.5167457858721417
1636	0.5168923536936443
1637	0.5170202255249027
1638	0.5171473125616709
1639	0.517298569281896
1640	0.517463117837906
1641	0.5176037947336833
1642	0.5177558064460757
1643	0.5179352660973867
1644	0.5180777808030447
1645	0.518214931090673
1646	0.5183385610580443
1647	0.5184352596600851
1648	0.5185778538386027
1649	0.5187443196773526
1650	0.5188992520173393
1651	0.519046942392985
1652	0.5191937983036042
1653	0.5193407138188677
1654	0.5194684863090516
1655	0.5196066598097483
1656	0.519751449426015
1657	0.5198519031206766
1658	0.5199679036935171
1659	0.5201528469721476
1660	0.5202968319257101
1661	0.520392765601476
1662	0.520530343055725
1663	0.5206615527470907
1664	0.520776689052582
1665	0.520943284034729
1666	0.5211202800273896
1667	0.521253526210785
1668	0.521399507919947
1669	0.5215658048788706
1670	0.5216828882694247
1671	0.521793156862259
1672	0.5219314495722454
1673	0.5220579405625663
1674	0.5222085913022357
1675	0.5223608116308847
1676	0.5224796334902447
1677	0.5225871105988821
1678	0.5226706763108574
1679	0.5227417647838594
1680	0.5228142639001206
1681	0.5228915413220719
1682	0.5229695936044056
1683	0.5230876604715984
1684	0.5232599377632143
1685	0.5233972867329917
1686	0.523514797290166
1687	0.5236725409825643
1688	0.5238077640533446
1689	0.523907115062078
1690	0.5240386128425599
1691	0.5241947571436564
1692	0.5243368943532306
1693	0.5244563619295757
1694	0.5245603720347086
1695	0.524652361869812
1696	0.524743894735972
1697	0.5248714288075763
1698	0.5250151952107748
1699	0.5251411596934004
1700	0.5252432425816854
1701	0.525331676006317
1702	0.5254417459170023
1703	0.5255467891693114
1704	0.525658865769704
1705	0.5258078773816427
1706	0.5259383320808414
1707	0.526058991750081
1708	0.526181976000468
1709	0.526282211144765
1710	0.526397407054901
1711	0.5265349745750427
1712	0.5266585151354474
1713	0.5268006324768063
1714	0.526950240135193
1715	0.527028242746989
1716	0.5271039406458536
1717	0.5271959702173867
1718	0.5272361834843954
1719	0.5273313919703163
1720	0.5274424155553183
1721	0.5275190273920697
1722	0.527643362681071
1723	0.5277454058329263
1724	0.5278338392575583
1725	0.5278979937235513
1726	0.527908682823181
1727	0.5279519160588584
1728	0.5279933214187623
1729	0.5280134876569114
1730	0.5280618468920389
1731	0.5281498034795123
1732	0.5282526214917501
1733	0.5283288558324176
1734	0.5284225742022196
1735	0.5285316705703734
1736	0.5286390781402591
1737	0.5287812153498334
1738	0.528883655865987
1739	0.5289237499237059
1740	0.528987407684326
1741	0.5290536681811013
1742	0.5290861725807193
1743	0.5291531284650167
1744	0.5292169253031414
1745	0.5292332569758097
1746	0.5292990406354267
1747	0.529390513896942
1748	0.529436786969503
1749	0.5295159220695497
1750	0.52964319785436
1751	0.5296942591667176
1752	0.529691418011983
1753	0.5297439297040306
1754	0.5298676490783693
1755	0.5299206773440043
1756	0.5299531618754066
1757	0.53000146150589
1758	0.5299825867017111
1759	0.530019521713257
1760	0.530141254266103
1761	0.530216197172801
1762	0.5302645564079284
1763	0.5303452809651693
1764	0.5304479002952572
1765	0.530508021513621
1766	0.5305635134379069
1767	0.5306310256322226
1768	0.5307146509488423
1769	0.5308172901471456
1770	0.530938963095347
1771	0.531055688858032
1772	0.5311081608136496
1773	0.5312074422836307
1774	0.5313382148742672
1775	0.5314151048660279
1776	0.5315375924110414
1777	0.5316327412923177
1778	0.5316519141197203
1779	0.5317080616950988
1780	0.5317863821983337
1781	0.5318499008814493
1782	0.5319574872652689
1783	0.532041807969411
1784	0.532082478205363
1785	0.532189687093099
1786	0.532284915447235
1787	0.5323760509490967
1788	0.5325316389401753
1789	0.5326569477717084
1790	0.5327432354291276
1791	0.5328060189882914
1792	0.5328997174898783
1793	0.533020595709483
1794	0.5331138173739114
1795	0.5332868099212646
1796	0.5334286093711853
1797	0.5334715247154236
1798	0.5335853099823
1799	0.5337128241856893
1800	0.533756335576375
1801	0.5322824517885842
1802	0.5330796639124554
1803	0.5335822701454164
1804	0.5341800649960837
1805	0.534830192724864
1806	0.5352375507354733
1807	0.5356420278549198
1808	0.5361170570055643
1809	0.5364885528882347
1810	0.5367964704831439
1811	0.5369583566983539
1812	0.537182629108429
1813	0.5373808542887369
1814	0.5376170873641967
1815	0.5378345052401228
1816	0.5380021731058756
1817	0.5381591916084291
1818	0.5382650693257647
1819	0.5383882125218706
1820	0.5384514729181927
1821	0.5385849277178446
1822	0.5387147863705953
1823	0.538953959941864
1824	0.5392539302508036
1825	0.5395308732986454
1826	0.5397629340489706
1827	0.5399878025054933
1828	0.5401978691418966
1829	0.5402992765108743
1830	0.5404860774676004
1831	0.5407437284787494
1832	0.541008989016215
1833	0.5411464373270669
1834	0.5412467916806539
1835	0.5414118965466818
1836	0.5415224830309554
1837	0.541629691918691
1838	0.5417470932006836
1839	0.5419200261433921
1840	0.5421163042386373
1841	0.542241454124451
1842	0.5423999230066937
1843	0.5425527691841127
1844	0.5426719784736633
1845	0.542755365371704
1846	0.542888164520264
1847	0.543127437432607
1848	0.5432785749435424
1849	0.543409546216329
1850	0.5434609254201254
1851	0.5435820619265237
1852	0.5436590512593588
1853	0.5437602202097577
1854	0.5439316232999166
1855	0.5440182288487749
1856	0.544061323006948
1857	0.5441062251726787
1858	0.5441100200017294
1859	0.5440882245699563
1860	0.5441797574361167
1861	0.5441666841506959
1862	0.544109880924225
1863	0.5440972844759623
1864	0.5440184473991393
1865	0.543965776761373
1866	0.5438417593638104
1867	0.543691356976827
1868	0.5434747934341431
1869	0.5432776014010113
1870	0.5430177052815753
1871	0.5427787303924559
1872	0.542597730954488
1873	0.5423388679822286
1874	0.541996161142985
1875	0.5415965716044107
1876	0.5411378741264344
1877	0.5406191349029543
1878	0.5400717258453366
1879	0.53946183125178
1880	0.5387810071309407
1881	0.538061817487081
1882	0.5372814933458963
1883	0.5364377498626707
1884	0.5354672074317933
1885	0.534433364868164
1886	0.5332708358764646
1887	0.5319570899009707
1888	0.5304229855537418
1889	0.5287501811981203
1890	0.5269758105278016
1891	0.5249740680058796
1892	0.5227823654810586
1893	0.5205068091551464
1894	0.5180465380350753
1895	0.5155363281567894
1896	0.5128691891829174
1897	0.510224481423696
1898	0.507650355497996
1899	0.505208025376002
1900	0.502711703379949
1901	0.500373621781667
1902	0.4984164138634999
1903	0.4966032604376474
1904	0.4949343999226887
1905	0.4935159881909687
1906	0.4923394719759623
1907	0.4913397232691447
1908	0.4906480312347414
1909	0.4902326961358387
1910	0.4900726377964023
1911	0.490079204241435
1912	0.4901673396428427
1913	0.4904386003812157
1914	0.49096534649531
1915	0.4915525217851
1916	0.4922499457995097
1917	0.4929534395535787
1918	0.4938547313213347
1919	0.4948587814966836
1920	0.4959658781687417
1921	0.4971369206905363
1922	0.4981902738412224
1923	0.499251127243042
1924	0.5003712375958761
1925	0.5014262596766154
1926	0.5024469196796416
1927	0.5034233331680297
1928	0.5044223070144653
1929	0.505444327990214
1930	0.506392945845922
1931	0.5072777966658277
1932	0.5081512133280437
1933	0.508977065483729
1934	0.5097299416859943
1935	0.510494033495585
1936	0.5112718244393667
1937	0.5120768348375956
1938	0.5128207604090372
1939	0.5135197341442107
1940	0.5142474969228107
1941	0.5149703323841094
1942	0.5155450503031412
1943	0.5160523255666096
1944	0.5166773100694021
1945	0.5173238615194954
1946	0.51787731051445
1947	0.5184759696324667
1948	0.5191400448481244
1949	0.5197739402453107
1950	0.5202104151248931
1951	0.5206224819024404
1952	0.5211578607559203
1953	0.5216989119847614
1954	0.522165298461914
1955	0.5226054787635803
1956	0.5230961938699087
1957	0.5235177675882977
1958	0.5239690939585366
1959	0.5244617064793906
1960	0.5250176390012107
1961	0.525567869345347
1962	0.5260381897290546
1963	0.5266116062800091
1964	0.5272923906644184
1965	0.5278269847234086
1966	0.5282299121220907
1967	0.5287481149037677
1968	0.5293027361234031
1969	0.5298002362251283
1970	0.530315140883128
1971	0.530848562717438
1972	0.531399607658386
1973	0.5319120883941647
1974	0.5323888262112936
1975	0.5328826705614728
1976	0.53346319993337
1977	0.5339413086573287
1978	0.534327268600464
1979	0.534674783547719
1980	0.5351992845535279
1981	0.535720467567444
1982	0.536073784033457
1983	0.5366542736689249
1984	0.5373607476552327
1985	0.5377881924311317
1986	0.5381516218185426
1987	0.5387019912401834
1988	0.5393216808636984
1989	0.5398646791776023
1990	0.5402934153874717
1991	0.5407587885856627
1992	0.5412087241808573
1993	0.5416406989097596
1994	0.541996419429779
1995	0.5424591898918154
1996	0.5430623094240826
1997	0.543530225753784
1998	0.544024169445038
1999	0.5447026689847311
2000	0.545223653316498
2001	0.545692722002665
2002	0.546155273914337
2003	0.546476940313975
2004	0.5469275514284769
2005	0.5474549730618796
2006	0.548004726568858
2007	0.5483586192131044
2008	0.548849085966746
2009	0.5494477351506549
2010	0.5499175190925599
2011	0.5503595272699994
2012	0.550905485947927
2013	0.5514554381370543
2014	0.551911175251007
2015	0.5523628989855447
2016	0.5529287854830427
2017	0.5534431934356691
2018	0.553858995437622
2019	0.5542614658673607
2020	0.5547255476315817
2021	0.555341382821401
2022	0.555898646513621
2023	0.5562224189440411
2024	0.556623379389445
2025	0.557017683982849
2026	0.557388663291931
2027	0.55768883228302
2028	0.5581054886182151
2029	0.5585964123408
2030	0.5589966972668967
2031	0.5593353112538654
2032	0.559843460718791
2033	0.5602605740229286
2034	0.5605061848958334
2035	0.560869077841441
2036	0.5612369974454244
2037	0.5615633130073547
2038	0.5619799097379053
2039	0.5623443722724913
2040	0.5626553694407143
2041	0.5630203088124593
2042	0.563430368900299
2043	0.563774506251017
2044	0.5641209085782369
2045	0.564497689406077
2046	0.5647081335385641
2047	0.564903775850932
2048	0.5652387539545697
2049	0.5655932426452633
2050	0.5659367243448893
2051	0.5663687785466512
2052	0.5666770140330001
2053	0.5668827295303344
2054	0.5671573479970297
2055	0.567442735036214
2056	0.5677101016044617
2057	0.5679660638173419
2058	0.5682873725891113
2059	0.5686137477556863
2060	0.5687618056933087
2061	0.5690708359082537
2062	0.5693643887837726
2063	0.569458564122518
2064	0.5697627464930216
2065	0.569974839687347
2066	0.5701031684875487
2067	0.5702796379725137
2068	0.5705016454060874
2069	0.5706777771313982
2070	0.570820331573486
2071	0.5710341930389407
2072	0.5712337295214337
2073	0.5714325706164044
2074	0.5716620087623597
2075	0.5718967715899149
2076	0.5721951723098754
2077	0.572441240151723
2078	0.572653333346049
2079	0.5728905002276103
2080	0.5730904738108317
2081	0.573117951552073
2082	0.573332190513611
2083	0.5737241506576539
2084	0.573961993058523
2085	0.5742354194323224
2086	0.5744258165359497
2087	0.5744806528091431
2088	0.5745777487754823
2089	0.5747624039649963
2090	0.5750006635983786
2091	0.5751614769299823
2092	0.575295925140381
2093	0.5754692355791726
2094	0.575631618499756
2095	0.5757957696914674
2096	0.5760304530461626
2097	0.5761925379435223
2098	0.576209902763367
2099	0.576350510120392
2100	0.5765380263328557
2101	0.5767675042152404
2102	0.576974391937256
2103	0.5774049560228987
2104	0.577744285265605
2105	0.57782910267512
2106	0.578054666519165
2107	0.5782570640246073
2108	0.578505019346873
2109	0.578865091005961
2110	0.5791275103886923
2111	0.579312284787496
2112	0.579519828160604
2113	0.5796335736910504
2114	0.579893966515859
2115	0.5802644292513529
2116	0.5806393225987753
2117	0.581027666727702
2118	0.5813203851381941
2119	0.5815742413202923
2120	0.5818608999252319
2121	0.5821410218874613
2122	0.5824659466743469
2123	0.5827359557151796
2124	0.5829462210337321
2125	0.5831836462020877
2126	0.5834572116533917
2127	0.5836477875709534
2128	0.5837152997652687
2129	0.5839430491129557
2130	0.5843165119489033
2131	0.5844953457514447
2132	0.5846575498580934
2133	0.584837555885315
2134	0.5848170121510823
2135	0.5847220420837407
2136	0.5848946968714394
2137	0.5851178765296933
2138	0.5850895245869954
2139	0.5849392811457313
2140	0.5848413904507958
2141	0.5846379597981769
2142	0.5843783219655356
2143	0.5841030081113184
2144	0.5838879346847534
2145	0.5835829575856527
2146	0.583267947038015
2147	0.583130598068237
2148	0.582848052183787
2149	0.5823961893717451
2150	0.5818758010864257
2151	0.5816939870516461
2152	0.5813472270965577
2153	0.5807007948557533
2154	0.5802519718805951
2155	0.5797312060991925
2156	0.578975240389506
2157	0.5783485174179077
2158	0.5779156088829044
2159	0.5773490071296693
2160	0.5767073631286624
2161	0.5760185321172079
2162	0.5752722024917599
2163	0.574565291404724
2164	0.5738415320714316
2165	0.5730517705281576
2166	0.572241147359212
2167	0.571476916472117
2168	0.5707135597864786
2169	0.5698244969050087
2170	0.569222867488861
2171	0.5686876972516379
2172	0.5678876042366027
2173	0.5668947696685794
2174	0.5661358634630836
2175	0.5654204686482748
2176	0.5644531448682151
2177	0.5634392897288003
2178	0.562557339668274
2179	0.5614864031473793
2180	0.560492992401123
2181	0.5599078536033627
2182	0.5589249730110167
2183	0.5574304660161337
2184	0.556289573510488
2185	0.5553373495737713
2186	0.5541894833246866
2187	0.5530189275741576
2188	0.5518917044003803
2189	0.5505212744077044
2190	0.549244999885559
2191	0.548057993253072
2192	0.5470296541849771
2193	0.5459558566411337
2194	0.544868727525075
2195	0.5438251296679176
2196	0.5428677002588906
2197	0.5418834884961446
2198	0.5408129096031186
2199	0.5399466156959534
2200	0.5392963687578837
2201	0.5384551286697387
2202	0.5374913414319357
2203	0.5367993712425233
2204	0.536203404267629
2205	0.5354994535446166
2206	0.5349805156389873
2207	0.534666617711385
2208	0.534420947233836
2209	0.5342826445897421
2210	0.5343319574991864
2211	0.5347575942675273
2212	0.5351088245709736
2213	0.5354512929916383
2214	0.5358875195185343
2215	0.536546846230825
2216	0.537119626998901
2217	0.5377172629038494
2218	0.5382364392280578
2219	0.5386978586514789
2220	0.5391835967699686
2221	0.5396119952201843
2222	0.5400959253311161
2223	0.5408124128977457
2224	0.5412475864092511
2225	0.5414247910181683
2226	0.5416909456253053
2227	0.5421640078226727
2228	0.5425172448158265
2229	0.5429672996203107
2230	0.5433848301569624
2231	0.543438216050466
2232	0.5435133576393126
2233	0.5437188744544983
2234	0.5440985759099326
2235	0.5441889762878417
2236	0.54411522547404
2237	0.544274846712748
2238	0.544517993927002
2239	0.5444905161857604
2240	0.5444612900416057
2241	0.544480582078298
2242	0.5441714922587076
2243	0.5440515081087747
2244	0.5443243980407714
2245	0.5443369150161743
2246	0.5439902146657306
2247	0.5439659953117371
2248	0.5441931088765464
2249	0.5441929101943966
2250	0.544126629829407
2251	0.5442891518274943
2252	0.5445056160291036
2253	0.5445845723152161
2254	0.5446653167406716
2255	0.5449187556902566
2256	0.5451733271280924
2257	0.54524693886439
2258	0.5455169479052226
2259	0.5461320678393047
2260	0.5464849472045897
2261	0.5466569264729816
2262	0.546945969263713
2263	0.5472003221511841
2264	0.5475245118141173
2265	0.548099180062612
2266	0.5483471552530926
2267	0.5483371218045553
2268	0.5485698183377584
2269	0.5487823287645975
2270	0.5489121675491333
2271	0.5491177837053933
2272	0.5493900577227273
2273	0.5496385097503663
2274	0.549709737300873
2275	0.5499577124913534
2276	0.5504460334777833
2277	0.5504612723986306
2278	0.550222118695577
2279	0.5502986907958988
2280	0.550321837266286
2281	0.5500057538350424
2282	0.549814204374949
2283	0.5497299631436666
2284	0.5494766434033713
2285	0.5493123928705851
2286	0.5494918425877889
2287	0.5494314233462017
2288	0.5490346948305763
2289	0.5488848487536114
2290	0.5490560730298356
2291	0.5488873918851217
2292	0.5484315951665244
2293	0.5482933123906454
2294	0.5480959018071494
2295	0.547992785771688
2296	0.5483778715133666
2297	0.548329174518585
2298	0.5478134552637733
2299	0.547694087028503
2300	0.5477264324824017
2301	0.547592838605245
2302	0.5475906133651733
2303	0.5475776592890423
2304	0.5474511981010437
2305	0.5471041599909463
2306	0.546889841556549
2307	0.5468989809354147
2308	0.5466702977816263
2309	0.5464164018630984
2310	0.5463311076164247
2311	0.5463306506474813
2312	0.546491503715515
2313	0.5465699036916097
2314	0.54641991853714
2315	0.5463944276173913
2316	0.5463315248489377
2317	0.5460409522056576
2318	0.545986553033193
2319	0.5462090969085697
2320	0.546199123064677
2321	0.5461453596750894
2322	0.5460352698961897
2323	0.5457704067230227
2324	0.5456840991973877
2325	0.545766830444336
2326	0.5455626845359803
2327	0.5451332330703736
2328	0.5449763337771096
2329	0.5449242989222207
2330	0.5446126262346903
2331	0.544395367304484
2332	0.5442056258519491
2333	0.543474237124125
2334	0.5431626041730243
2335	0.5433541735013323
2336	0.5433757702509564
2337	0.5431171059608463
2338	0.5431726177533467
2339	0.543208360671997
2340	0.5431034366289773
2341	0.5427575707435607
2342	0.542411386966705
2343	0.542151391506195
2344	0.5418555736541747
2345	0.5419275760650636
2346	0.542237381140391
2347	0.542243758837382
2348	0.5419919292132057
2349	0.5420814355214436
2350	0.5422692100207013
2351	0.5421182115872704
2352	0.5421008865038554
2353	0.542059083779653
2354	0.5416164795557656
2355	0.5413617491722107
2356	0.5416592160860696
2357	0.5417900284131366
2358	0.5415556232134503
2359	0.5417668024698893
2360	0.5422798991203307
2361	0.5423622528711954
2362	0.542169511318207
2363	0.5423856377601624
2364	0.542528967062632
2365	0.5424655477205913
2366	0.5427459875742596
2367	0.5429877241452533
2368	0.5428141554196674
2369	0.5428210894266763
2370	0.543353537718455
2371	0.5432998538017274
2372	0.5426004330317179
2373	0.5423862338066104
2374	0.542232652505239
2375	0.5420936942100526
2376	0.5421839356422423
2377	0.5422989726066586
2378	0.5421850482622783
2379	0.5416878263155617
2380	0.541322390238444
2381	0.541531721750895
2382	0.5417513052622477
2383	0.5418499906857807
2384	0.541545609633128
2385	0.5408856670061747
2386	0.5406807462374367
2387	0.5404813687006637
2388	0.540032724539439
2389	0.5400551358858744
2390	0.5400341351826986
2391	0.5395556489626564
2392	0.539485295613607
2393	0.5396584669748944
2394	0.539654890696208
2395	0.5394137899080911
2396	0.5392755270004274
2397	0.5391401449839274
2398	0.5383656223615013
2399	0.5380568703015647
2400	0.5383673906326294
2401	0.5383827884991966
2402	0.5380890965461734
2403	0.5376368959744773
2404	0.5371494889259337
2405	0.5367785493532816
2406	0.536574125289917
2407	0.536522130171458
2408	0.5366267363230387
2409	0.5360748370488486
2410	0.5352765321731566
2411	0.5357747077941893
2412	0.5361276467641193
2413	0.535659313201904
2414	0.53572416305542
2415	0.5350191791852316
2416	0.53369532028834
2417	0.5333508451779686
2418	0.5331710974375407
2419	0.532928009827932
2420	0.5326193372408551
2421	0.532037317752838
2422	0.5318257212638854
2423	0.5315246780713396
2424	0.5307500759760541
2425	0.530040721098582
2426	0.529407521088918
2427	0.5289767384529114
2428	0.528740664323171
2429	0.5282507340113324
2430	0.5272880991299943
2431	0.5267216563224794
2432	0.526706337928772
2433	0.526283840338389
2434	0.5262911518414817
2435	0.5257722139358516
2436	0.5243387023607889
2437	0.5234448711077374
2438	0.5224958459536236
2439	0.5221179723739624
2440	0.5225176612536114
2441	0.5221112966537473
2442	0.5217008590698243
2443	0.5214495857556664
2444	0.5205039381980893
2445	0.5201058785120646
2446	0.5205825765927633
2447	0.5202098488807677
2448	0.5192358692487079
2449	0.5187328855196637
2450	0.5183206995328268
2451	0.5180105169614156
2452	0.5179797410964967
2453	0.517499665419261
2454	0.5167004863421124
2455	0.5161149899164836
2456	0.5152563949426017
2457	0.5151433447996777
2458	0.515882859627406
2459	0.515560805797577
2460	0.5150485833485924
2461	0.5146910746892294
2462	0.513507902622223
2463	0.5128948986530301
2464	0.5131747325261434
2465	0.5127663413683573
2466	0.5114082992076877
2467	0.5114184518655139
2468	0.513045241435369
2469	0.5123874247074126
2470	0.510358303785324
2471	0.510421166817347
2472	0.5102230211098989
2473	0.5095859269301096
2474	0.511613736550013
2475	0.5114493568738303
2476	0.5065426329771677
2477	0.5062103569507597
2478	0.5103464623292288
2479	0.5101534326871237
2480	0.5090055763721467
2481	0.5091929435729979
2482	0.5071785052617389
2483	0.505608638127645
2484	0.5060743590195974
2485	0.5064878165721893
2486	0.5051491061846417
2487	0.50457563996315
2488	0.5065700312455496
2489	0.5076688528060913
2490	0.5068473319212597
2491	0.507523238658905
2492	0.5116714040438334
2493	0.511629541714986
2494	0.5077769855658213
2495	0.506977419058482
2496	0.505875130494436
2497	0.5042977233727773
2498	0.5037274459997813
2499	0.5044523179531096
2500	0.5052731533845264
