350	0.105359796434641
351	0.1091217547655105
352	0.1045526899397375
353	0.1037299819290635
354	0.1059938445687295
355	0.104745540767908
356	0.104396928101778
357	0.104979284107685
358	0.105551593005657
359	0.1056471318006515
360	0.105004947632551
361	0.1040840931236745
362	0.1056196056306365
363	0.1063428595662115
364	0.1054725907742975
365	0.105732005089521
366	0.106435265392065
367	0.106892991811037
368	0.1062394008040425
369	0.1064416095614435
370	0.1078269071877
371	0.109818384051323
372	0.10863883793354
373	0.1079981625080105
374	0.1102062948048115
375	0.11094356328249
376	0.1111651211977005
377	0.111172366887331
378	0.1098576970398425
379	0.110896572470665
380	0.1132835410535335
381	0.113342113792896
382	0.1133937314152715
383	0.113612428307533
384	0.1137382164597515
385	0.114017143845558
386	0.114572551101446
387	0.115360513329506
388	0.115943443030119
389	0.1164045818150045
390	0.1168609149754045
391	0.1175272539258005
392	0.1179653406143185
393	0.1182250268757345
394	0.118608307093382
395	0.119117572903633
396	0.1197065860033035
397	0.1202477440238
398	0.120106518268585
399	0.120337031781673
400	0.1214308366179465
401	0.1220177300274375
402	0.122434597462416
403	0.1228772588074205
404	0.1233966313302515
405	0.123720861971378
406	0.1240374110639095
407	0.124765209853649
408	0.1251916475594045
409	0.1255056001245975
410	0.126038834452629
411	0.126572698354721
412	0.1270347610116005
413	0.1274463310837745
414	0.1280023232102395
415	0.1288182735443115
416	0.129668533802032
417	0.1297611594200135
418	0.130021505057812
419	0.130644753575325
420	0.131486617028713
421	0.1318165361881255
422	0.132033258676529
423	0.1326885744929315
424	0.13340325653553
425	0.1340337321162225
426	0.1345587745308875
427	0.135205417871475
428	0.135921135544777
429	0.1366455256938935
430	0.1372820883989335
431	0.1379602923989295
432	0.138701245188713
433	0.139475844800472
434	0.140285313129425
435	0.141105428338051
436	0.141898646950722
437	0.142597682774067
438	0.1432723104953765
439	0.143989183008671
440	0.144787572324276
441	0.145559974014759
442	0.1463021263480185
443	0.1471460610628125
444	0.1478788480162625
445	0.1485461741685865
446	0.149310305714607
447	0.1498943492770195
448	0.1505066975951195
449	0.1513727903366085
450	0.1521481797099115
451	0.152825303375721
452	0.153457149863243
453	0.154184237122536
454	0.154885277152061
455	0.1555170491337775
456	0.1561189368367195
457	0.156680166721344
458	0.1572198793292045
459	0.157772660255432
460	0.158334143459797
461	0.1589115113019945
462	0.159514047205448
463	0.1601515114307405
464	0.1607348695397375
465	0.1612371131777765
466	0.161781869828701
467	0.1623252183198925
468	0.1628662645816805
469	0.1634440422058105
470	0.1639516204595565
471	0.164447262883186
472	0.165043540298939
473	0.165585920214653
474	0.1660806834697725
475	0.1665712520480155
476	0.1671373322606085
477	0.1676930040121075
478	0.16820403188467
479	0.168757565319538
480	0.1693171858787535
481	0.1698698326945305
482	0.1704210489988325
483	0.1709528118371965
484	0.1714923307299615
485	0.172079123556614
486	0.1726533472537995
487	0.1732884272933005
488	0.1740185618400575
489	0.174649424850941
490	0.175280749797821
491	0.1759539023041725
492	0.17658956348896
493	0.1772276014089585
494	0.177890740334988
495	0.178590752184391
496	0.17927086353302
497	0.1798963099718095
498	0.180463507771492
499	0.181153833866119
500	0.1819150671362875
501	0.1826764419674875
502	0.1834150776267055
503	0.184155784547329
504	0.1848998889327045
505	0.1856176108121875
506	0.186318203806877
507	0.1870300620794295
508	0.18779456615448
509	0.188534051179886
510	0.189260885119438
511	0.190007120370865
512	0.1907777711749075
513	0.191513977944851
514	0.192201614379883
515	0.1929431185126305
516	0.1936974599957465
517	0.19445126503706
518	0.1952159106731415
519	0.1959884017705915
520	0.196777731180191
521	0.197591625154018
522	0.1983754262328145
523	0.1991525292396545
524	0.1999557986855505
525	0.2007959112524985
526	0.201615042984486
527	0.2023903205990795
528	0.203172490000725
529	0.203990787267685
530	0.2048368677496915
531	0.2056714817881585
532	0.206548623740673
533	0.2074377089738845
534	0.2082905471324925
535	0.2091586142778395
536	0.2100430354475975
537	0.210946187376976
538	0.211899757385254
539	0.2128337174654005
540	0.2137400582432745
541	0.214704491198063
542	0.2156821563839915
543	0.216667145490646
544	0.217668078839779
545	0.2186648622155185
546	0.2196806073188785
547	0.220740705728531
548	0.2218192890286445
549	0.222936488687992
550	0.224100545048714
551	0.22527763992548
552	0.2265368178486825
553	0.2278894037008285
554	0.22929560393095
555	0.23069965839386
556	0.2320528104901315
557	0.233324646949768
558	0.234607145190239
559	0.235893078148365
560	0.23716938495636
561	0.2384570986032485
562	0.239737182855606
563	0.240999184548855
564	0.242251545190811
565	0.2434365674853325
566	0.2445977181196215
567	0.2458473071455955
568	0.247055642306805
569	0.2482446208596225
570	0.24946528673172
571	0.250617891550064
572	0.2517073899507525
573	0.252770110964775
574	0.2538935989141465
575	0.2550615072250365
576	0.256234630942345
577	0.2573476284742355
578	0.258436158299446
579	0.259511560201645
580	0.260586231946945
581	0.2616598159074785
582	0.26269294321537
583	0.2636559158563615
584	0.2645814418792725
585	0.2654871791601185
586	0.26639387011528
587	0.2673296183347705
588	0.2682301551103595
589	0.2690922915935515
590	0.2699598520994185
591	0.2707580029964445
592	0.271480828523636
593	0.2721470892429355
594	0.272770196199417
595	0.273341417312622
596	0.273885890841484
597	0.2745669931173325
598	0.2753298580646515
599	0.276112973690033
600	0.276862248778343
601	0.277617171406746
602	0.2783613651990891
603	0.279065802693367
604	0.2797495424747465
605	0.2804297357797625
606	0.281111270189285
607	0.2817294746637345
608	0.282366260886192
609	0.283033549785614
610	0.2835999131202695
611	0.2841868698596955
612	0.284810930490494
613	0.2854252010583875
614	0.2859872579574585
615	0.286535933613777
616	0.2871198505163195
617	0.2877079993486406
618	0.2882701605558395
619	0.28879551589489
620	0.2893225699663165
621	0.289861485362053
622	0.290401682257652
623	0.2909127175807955
624	0.291422918438911
625	0.291927754878998
626	0.2924173772335055
627	0.2929320335388185
628	0.293436914682388
629	0.2939109951257705
630	0.294407114386559
631	0.294905945658684
632	0.2953981906175615
633	0.2958867102861405
634	0.2963675558567045
635	0.2968353033065795
636	0.297283411026001
637	0.297760471701622
638	0.2982528656721115
639	0.298734188079834
640	0.299194365739822
641	0.2996582537889485
642	0.300131931900978
643	0.3005890250205995
644	0.3010337948799135
645	0.3014782071113585
646	0.3019428253173825
647	0.302389308810234
648	0.302835538983345
649	0.3033045679330825
650	0.303743436932564
651	0.3041620701551435
652	0.304584175348282
653	0.3050586879253385
654	0.3055107444524765
655	0.305933818221092
656	0.30637601017952
657	0.3068004697561265
658	0.3072212189435955
659	0.307661220431328
660	0.3081013113260265
661	0.308545708656311
662	0.3089869767427445
663	0.3093798756599425
664	0.3097877353429795
665	0.310228630900383
666	0.3106773495674135
667	0.311103358864784
668	0.311521679162979
669	0.311963424086571
670	0.31239578127861
671	0.312829166650772
672	0.313276156783104
673	0.3137394487857815
674	0.3141640424728395
675	0.314562544226646
676	0.3150426596403125
677	0.31546026468277
678	0.3158535957336425
679	0.316326841711998
680	0.316781982779503
681	0.317222744226456
682	0.317665621638298
683	0.3181176781654355
684	0.318565592169762
685	0.3190076500177385
686	0.3194667100906375
687	0.3199102133512495
688	0.3203574270009995
689	0.320849508047104
690	0.321316048502922
691	0.3217696398496625
692	0.322234109044075
693	0.3227057456970215
694	0.3231563419103625
695	0.3235853910446165
696	0.32403264939785
697	0.32448473572731
698	0.324937731027603
699	0.325388550758362
700	0.3258412778377535
701	0.3262932300567625
702	0.3267378360033035
703	0.32715879380703
704	0.3275984376668935
705	0.328063651919365
706	0.328499734401703
707	0.328935980796814
708	0.329373925924301
709	0.329804465174675
710	0.3302377909421925
711	0.3306750655174255
712	0.331117644906044
713	0.33157454431057
714	0.3320147395133975
715	0.3324381411075595
716	0.3329063951969145
717	0.3333336561918255
718	0.3337350487709045
719	0.334174230694771
720	0.3345804959535595
721	0.334983929991722
722	0.3354186713695525
723	0.3358534276485445
724	0.336287558078766
725	0.33671735227108
726	0.33713161945343
727	0.3375673145055775
728	0.338017910718918
729	0.3384568095207215
730	0.338882088661194
731	0.339294955134392
732	0.3397037088871
733	0.3401287496089935
734	0.3405340164899825
735	0.3409203290939335
736	0.341343566775322
737	0.3417722284793855
738	0.342202588915825
739	0.342639803886414
740	0.343059316277504
741	0.343475192785263
742	0.343898832798004
743	0.344306617975235
744	0.3447149097919465
745	0.3451249599456785
746	0.345517799258232
747	0.34594389796257
748	0.3463828563690185
749	0.3467912524938584
750	0.347213938832283
751	0.3476302325725555
752	0.3480258136987685
753	0.3484260439872745
754	0.3488381803035735
755	0.349259927868843
756	0.34967777132988
757	0.3500911742448805
758	0.350493535399437
759	0.350877165794373
760	0.351243391633034
761	0.3516174107789995
762	0.352014720439911
763	0.352428689599037
764	0.3528390377759935
765	0.3532299697399141
766	0.3535900115966795
767	0.3539687544107435
768	0.354367107152939
769	0.3547645658254625
770	0.3551040440797805
771	0.355463489890099
772	0.355872735381126
773	0.3562387973070145
774	0.356599360704422
775	0.3569709658622745
776	0.3573581278324131
777	0.357695296406746
778	0.3580155223608015
779	0.3583632409572605
780	0.358735129237175
781	0.359096273779869
782	0.359435632824898
783	0.359782010316849
784	0.360159918665886
785	0.360540524125099
786	0.360872983932495
787	0.3611893355846405
788	0.361498177051544
789	0.3618088960647585
790	0.3621455281972885
791	0.3624621629714965
792	0.3627616316080094
793	0.363099232316017
794	0.363392874598503
795	0.3636665046215055
796	0.3639721721410755
797	0.364293053746223
798	0.364594489336014
799	0.3648625314235689
800	0.365127056837082
801	0.36543445289135
802	0.3657558262348175
803	0.366010546684265
804	0.3662989735603335
805	0.3665876388549805
806	0.366834580898285
807	0.367101937532425
808	0.3673746436834335
809	0.3676333874464035
810	0.3678496181964875
811	0.3680915236473085
812	0.368356376886368
813	0.368608370423317
814	0.368839159607887
815	0.369076415896416
816	0.369329944252968
817	0.369539991021156
818	0.3697633594274525
819	0.3700006753206255
820	0.370203599333763
821	0.37044358253479
822	0.3706824630498885
823	0.3708691745996475
824	0.3710471093654635
825	0.37123005092144
826	0.371429219841957
827	0.371660068631172
828	0.371861219406128
829	0.372036099433899
830	0.37221959233284
831	0.3724035471677785
832	0.3725939989089965
833	0.372786059975624
834	0.3729349076747895
835	0.3730853497982025
836	0.373253658413887
837	0.373429909348488
838	0.373602241277695
839	0.373765826225281
840	0.373923972249031
841	0.3741054236888885
842	0.374284192919731
843	0.3744491189718245
844	0.374622657895088
845	0.3747705817222595
846	0.3749023377895355
847	0.375048756599426
848	0.3752254843711855
849	0.3753874003887175
850	0.375506579875946
851	0.3756288141012195
852	0.3757645785808565
853	0.3759218752384185
854	0.3761046677827835
855	0.376262575387955
856	0.3763935863971715
857	0.3765177577733995
858	0.376691147685051
859	0.3768346309661865
860	0.376936078071594
861	0.377092331647873
862	0.3772346675395965
863	0.3773555457592015
864	0.377474710345268
865	0.37764236330986
866	0.3778220564126965
867	0.3779791593551635
868	0.3780968338251115
869	0.378235697746277
870	0.378383755683899
871	0.378487467765808
872	0.3786395490169525
873	0.378819093108177
874	0.378992646932602
875	0.379166468977928
876	0.379326641559601
877	0.3794764280319215
878	0.3796367049217225
879	0.379789635539055
880	0.3799318671226505
881	0.3800682872533795
882	0.380223259329796
883	0.380410671234131
884	0.3806148767471315
885	0.3807728588581085
886	0.380946457386017
887	0.3811263591051105
888	0.3812834024429325
889	0.381470024585724
890	0.3816504031419755
891	0.381810024380684
892	0.38200618326664
893	0.382197856903076
894	0.382380187511444
895	0.3825676292181015
896	0.3827565908432005
897	0.382944002747536
898	0.383128762245178
899	0.383320167660713
900	0.383508384227753
901	0.383692130446434
902	0.3838778585195545
903	0.384059384465218
904	0.3842684626579285
905	0.3845200538635255
906	0.3847271353006365
907	0.384909823536873
908	0.385098725557327
909	0.38533416390419
910	0.3855322748422625
911	0.385722726583481
912	0.385952427983284
913	0.3861447274684905
914	0.38637475669384
915	0.3866498321294785
916	0.38685867190361
917	0.387048199772835
918	0.3872597068548205
919	0.3875226974487305
920	0.3877618908882145
921	0.3879762291908265
922	0.388187348842621
923	0.388452380895615
924	0.388688832521439
925	0.3889089077711105
926	0.3891617208719255
927	0.389404147863388
928	0.389645591378212
929	0.3898926973342895
930	0.390129074454308
931	0.3904018551111225
932	0.3906816244125365
933	0.3909012824296955
934	0.391141787171364
935	0.391391679644585
936	0.391639992594719
937	0.391925051808357
938	0.3921670615673065
939	0.3923842161893845
940	0.3926589787006375
941	0.3929176181554795
942	0.3931847363710405
943	0.3934774696826935
944	0.3937387466430665
945	0.393982335925102
946	0.394220307469368
947	0.3944664001464845
948	0.3947553932666775
949	0.395033359527588
950	0.395260974764824
951	0.3955123871564865
952	0.395795166492462
953	0.3960923254489895
954	0.3963618129491805
955	0.3965939283370975
956	0.3968247771263125
957	0.3970790505409245
958	0.397292450070381
959	0.397560864686966
960	0.3978864848613735
961	0.398183375597
962	0.398451641201973
963	0.398692011833191
964	0.398915633559227
965	0.399146467447281
966	0.3994336426258085
967	0.399747923016548
968	0.3999854773283005
969	0.400240942835808
970	0.400539979338646
971	0.400865480303764
972	0.401105657219887
973	0.401366800069809
974	0.4016550928354265
975	0.4018824696540835
976	0.4021825641393665
977	0.4024861454963685
978	0.40271632373333
979	0.4029375314712525
980	0.4032159894704815
981	0.403536573052406
982	0.403809681534767
983	0.4040730148553845
984	0.4043547213077545
985	0.4046576470136645
986	0.4049040228128435
987	0.405156522989273
988	0.405418425798416
989	0.4056472331285475
990	0.4058889746665955
991	0.406181260943413
992	0.4065167009830475
993	0.406754016876221
994	0.406959608197212
995	0.4071872979402545
996	0.407474160194397
997	0.4077168405056
998	0.4079416543245315
999	0.408182457089424
1000	0.40843041241169
1001	0.407446414232254
1002	0.4077340364456175
1003	0.4079851508140565
1004	0.408202812075615
1005	0.408377066254616
1006	0.408501163125038
1007	0.408620655536652
1008	0.40861801803112
1009	0.40877141058445
1010	0.4089794009923935
1011	0.4092002660036085
1012	0.409549668431282
1013	0.4098305255174635
1014	0.410142362117767
1015	0.410357728600502
1016	0.41052608191967
1017	0.4106192141771315
1018	0.410776153206825
1019	0.41085909307003
1020	0.411033466458321
1021	0.4113272428512575
1022	0.4115213304758075
1023	0.4116844087839125
1024	0.4118560552597045
1025	0.4119426906108855
1026	0.4121230989694595
1027	0.4123159348964695
1028	0.4126436710357665
1029	0.4128178656101225
1030	0.4129845052957535
1031	0.413157492876053
1032	0.4131771177053455
1033	0.413418650627136
1034	0.41397899389267
1035	0.414136469364166
1036	0.414107859134674
1037	0.4142168909311295
1038	0.4140427857637405
1039	0.414123967289925
1040	0.414534762501717
1041	0.4148710519075395
1042	0.4150553941726685
1043	0.4151819348335265
1044	0.415325701236725
1045	0.4153359830379485
1046	0.415468081831932
1047	0.415673807263374
1048	0.4158738404512405
1049	0.4161063581705095
1050	0.416312262415886
1051	0.4165609180927275
1052	0.4167433977127075
1053	0.4169241338968275
1054	0.417017504572868
1055	0.4168908596038815
1056	0.416994482278824
1057	0.4171067625284195
1058	0.4171893447637555
1059	0.417358756065369
1060	0.4177417010068895
1061	0.4179121106863025
1062	0.417947143316269
1063	0.4181007593870165
1064	0.418228521943092
1065	0.4183957874774935
1066	0.4186920374631879
1067	0.4189031422138215
1068	0.419095695018768
1069	0.4192149341106415
1070	0.4193644523620605
1071	0.419465959072113
1072	0.4196311831474305
1073	0.419853389263153
1074	0.420019581913948
1075	0.420174553990364
1076	0.420346036553383
1077	0.4204953312873845
1078	0.420635148882866
1079	0.4207976162433625
1080	0.4209525883197785
1081	0.4210429340600965
1082	0.4212220162153245
1083	0.421425372362137
1084	0.421558737754822
1085	0.421752065420151
1086	0.422008529305458
1087	0.42215633392334
1088	0.4222533255815505
1089	0.4224162846803665
1090	0.422516420483589
1091	0.4226761460304265
1092	0.423013225197792
1093	0.423172160983086
1094	0.4231310933828355
1095	0.423279255628586
1096	0.4235182106494905
1097	0.423645943403244
1098	0.423795402050018
1099	0.4240368157625195
1100	0.4241936057806015
1101	0.4241987764835355
1102	0.4243261367082595
1103	0.4245521873235705
1104	0.424699783325195
1105	0.424792692065239
1106	0.4249409437179565
1107	0.425112009048462
1108	0.4252731651067735
1109	0.425458684563637
1110	0.4256486147642135
1111	0.425802066922188
1112	0.425847813487053
1113	0.4259246289730075
1114	0.426100254058838
1115	0.4262263625860215
1116	0.4263329952955245
1117	0.426506742835045
1118	0.426742255687714
1119	0.4268790036439895
1120	0.4270031154155735
1121	0.427167117595673
1122	0.4272422790527345
1123	0.427378594875336
1124	0.427594780921936
1125	0.427844077348709
1126	0.4279415011405945
1127	0.4280892461538315
1128	0.4282795786857605
1129	0.4283963441848755
1130	0.428554177284241
1131	0.428802490234375
1132	0.428941935300827
1133	0.4289626330137255
1134	0.429116427898407
1135	0.4293344765901565
1136	0.429481014609337
1137	0.4296650141477585
1138	0.4298199862241745
1139	0.429901584982872
1140	0.4299730956554415
1141	0.430151954293251
1142	0.4303743690252305
1143	0.430503860116005
1144	0.4306564331054685
1145	0.4308270364999775
1146	0.430979683995247
1147	0.4311027973890305
1148	0.4312489926815035
1149	0.431385427713394
1150	0.431472048163414
1151	0.431603401899338
1152	0.431785598397255
1153	0.4319226443767545
1154	0.4320662319660185
1155	0.4321708381175995
1156	0.432340547442436
1157	0.432571545243263
1158	0.4327325969934465
1159	0.4328913986682895
1160	0.433047339320183
1161	0.433159723877907
1162	0.4333028346300125
1163	0.433492571115494
1164	0.4336506575345995
1165	0.433772787451744
1166	0.4339206665754315
1167	0.4340791404247285
1168	0.4342555552721025
1169	0.434454709291458
1170	0.4346399903297425
1171	0.434825271368027
1172	0.4349535405635835
1173	0.4350987374782565
1174	0.4353191554546355
1175	0.435517117381096
1176	0.435660660266876
1177	0.4358132779598235
1178	0.435992553830147
1179	0.436144277453423
1180	0.4362938851118085
1181	0.436473295092583
1182	0.436654299497604
1183	0.4367999136447905
1184	0.4369369000196455
1185	0.4371300488710405
1186	0.4372859746217725
1187	0.4374282658100125
1188	0.4376056492328645
1189	0.437801778316498
1190	0.437977820634842
1191	0.4381117969751355
1192	0.4382264316082
1193	0.438385173678398
1194	0.4385551512241365
1195	0.4387314915657045
1196	0.438895747065544
1197	0.4390997290611265
1198	0.4392539858818055
1199	0.439350783824921
1200	0.4394953101873395
1201	0.4396802634000775
1202	0.4398483633995055
1203	0.4399859607219695
1204	0.4401448369026185
1205	0.440342277288437
1206	0.440502688288689
1207	0.4406772553920745
1208	0.440874755382538
1209	0.441036149859428
1210	0.441202536225319
1211	0.441405311226845
1212	0.4416333436965945
1213	0.4418121129274365
1214	0.4419301599264145
1215	0.4420890510082245
1216	0.442245364189148
1217	0.442408114671707
1218	0.442592024803162
1219	0.4427754133939745
1220	0.4429437518119815
1221	0.443100720643997
1222	0.443237543106079
1223	0.443417876958847
1224	0.4436139911413195
1225	0.443757072091103
1226	0.443899095058441
1227	0.4440737515687945
1228	0.444247543811798
1229	0.44443242251873
1230	0.444598600268364
1231	0.4447489529848095
1232	0.4449148327112195
1233	0.4450784027576445
1234	0.445247247815132
1235	0.4453804939985275
1236	0.445523455739021
1237	0.4456799179315565
1238	0.445832818746567
1239	0.445998877286911
1240	0.4461713582277295
1241	0.446300685405731
1242	0.446426868438721
1243	0.446638822555542
1244	0.44687058031559
1245	0.4470710903406145
1246	0.4472566545009615
1247	0.447416886687279
1248	0.4475911259651185
1249	0.447741761803627
1250	0.4479003846645355
1251	0.448016330599785
1252	0.448141485452652
1253	0.448320224881172
1254	0.448498338460922
1255	0.4486632496118545
1256	0.448863461613655
1257	0.4490078538656235
1258	0.4491311460733415
1259	0.4493415057659145
1260	0.449552655220032
1261	0.4497154653072361
1262	0.4498461931943895
1263	0.449992045760155
1264	0.450166419148445
1265	0.4503291845321655
1266	0.4504857957363125
1267	0.45068646967411
1268	0.4508448243141175
1269	0.4509505778551105
1270	0.451091408729553
1271	0.451288342475891
1272	0.4514597207307815
1273	0.4516235888004305
1274	0.451827734708786
1275	0.452005639672279
1276	0.4521487206220625
1277	0.452289491891861
1278	0.452444076538086
1279	0.4526430368423465
1280	0.452835738658905
1281	0.452986270189285
1282	0.453114151954651
1283	0.4532660841941835
1284	0.453432872891426
1285	0.4535973221063615
1286	0.453808844089508
1287	0.4539963603019715
1288	0.4541267454624175
1289	0.454228162765503
1290	0.4544173777103425
1291	0.4545604735612865
1292	0.454615205526352
1293	0.4547274857759475
1294	0.454876035451889
1295	0.454998165369034
1296	0.4551313817501065
1297	0.4552985429763795
1298	0.4554751962423325
1299	0.4556374847888945
1300	0.455825492739677
1301	0.456020310521126
1302	0.4561841785907745
1303	0.456348076462746
1304	0.4564891010522845
1305	0.4566355496644975
1306	0.456800758838654
1307	0.456963092088699
1308	0.457111969590187
1309	0.4573017060756685
1310	0.457445591688156
1311	0.4575221240520475
1312	0.457718268036842
1313	0.457945331931114
1314	0.458074629306793
1315	0.4582280069589615
1316	0.4584095031023026
1317	0.4585549980401995
1318	0.4587136209011075
1319	0.458921805024147
1320	0.4591010063886645
1321	0.4592289924621585
1322	0.4594191163778305
1323	0.459619715809822
1324	0.4597764164209365
1325	0.459953859448433
1326	0.460111528635025
1327	0.4602612107992175
1328	0.460412621498108
1329	0.460555523633957
1330	0.4606815576553345
1331	0.4608425050973895
1332	0.4610273092985155
1333	0.461201697587967
1334	0.4613498002290725
1335	0.461486116051674
1336	0.4616453051567075
1337	0.461806043982506
1338	0.4619679152965545
1339	0.4621421694755555
1340	0.462260767817497
1341	0.462345078587532
1342	0.462475463747978
1343	0.4625965803861615
1344	0.4627061039209365
1345	0.462872669100761
1346	0.463018462061882
1347	0.463144198060036
1348	0.463313564658165
1349	0.4634491950273515
1350	0.4635654240846635
1351	0.463664650917053
1352	0.463806241750717
1353	0.463942438364029
1354	0.4640684574842455
1355	0.464218735694885
1356	0.4643675982952115
1357	0.464493915438652
1358	0.4646200984716415
1359	0.464763656258583
1360	0.4648835211992265
1361	0.464971423149109
1362	0.46511909365654
1363	0.4652612656354905
1364	0.465350970625877
1365	0.465476483106613
1366	0.46558703482151
1367	0.465663731098175
1368	0.465734705328941
1369	0.4657896757125854
1370	0.465835198760033
1371	0.4658489674329755
1372	0.4658719301223755
1373	0.4659167677164075
1374	0.4659011363983155
1375	0.465845763683319
1376	0.465802758932114
1377	0.465745776891708
1378	0.465684473514557
1379	0.465633779764175
1380	0.4655357748270035
1381	0.4653954058885575
1382	0.4652585685253145
1383	0.465109050273895
1384	0.4649508446455
1385	0.4647845178842545
1386	0.4645876586437225
1387	0.464400634169579
1388	0.464242100715637
1389	0.46402907371521
1390	0.463761106133461
1391	0.463471949100494
1392	0.463163912296295
1393	0.4628509134054185
1394	0.462500363588333
1395	0.462153747677803
1396	0.461815759539604
1397	0.4614241123199465
1398	0.4609887748956685
1399	0.460580810904503
1400	0.460155814886093
1401	0.459723189473152
1402	0.4593235999345775
1403	0.458918258547783
1404	0.4585285633802415
1405	0.4581455886363985
1406	0.4577340483665465
1407	0.45735901594162
1408	0.456998586654663
1409	0.456605032086372
1410	0.4562980979681015
1411	0.4560749381780625
1412	0.4559143036603925
1413	0.4558467268943785
1414	0.4559376090765
1415	0.4562225490808485
1416	0.4565846025943755
1417	0.4570964276790615
1418	0.457713559269905
1419	0.458312138915062
1420	0.458927273750305
1421	0.459517702460289
1422	0.460141211748123
1423	0.4607753902673725
1424	0.4613536298274995
1425	0.461958572268486
1426	0.4625308066606525
1427	0.463053047657013
1428	0.4635068476200105
1429	0.4639884531497955
1430	0.464497312903404
1431	0.46498304605484
1432	0.4654148072004315
1433	0.4658462852239605
1434	0.4662937968969345
1435	0.466718703508377
1436	0.467127338051796
1437	0.4675125032663345
1438	0.467893347144127
1439	0.468257620930672
1440	0.4685991555452345
1441	0.468987509608269
1442	0.4693834483623505
1443	0.4697247594594955
1444	0.470061153173447
1445	0.4703992903232575
1446	0.4706927984952925
1447	0.470953196287155
1448	0.4712168276309965
1449	0.4714788496494295
1450	0.4717302471399305
1451	0.471972331404686
1452	0.4722154140472415
1453	0.4724492132663725
1454	0.4726717323064805
1455	0.4728771448135375
1456	0.473083809018135
1457	0.473267450928688
1458	0.473416492342949
1459	0.4735743552446365
1460	0.4737515896558765
1461	0.4739277809858325
1462	0.4741291999816895
1463	0.47433203458786
1464	0.4744972884655
1465	0.474660113453865
1466	0.474857524037361
1467	0.475066602230072
1468	0.475270003080368
1469	0.47547422349453
1470	0.47568379342556
1471	0.475908294320107
1472	0.4761488437652585
1473	0.476398900151253
1474	0.4766355156898495
1475	0.476836755871773
1476	0.477041721343994
1477	0.4772634506225585
1478	0.477486342191696
1479	0.4777196645736695
1480	0.4779552072286605
1481	0.4781821817159655
1482	0.478399902582169
1483	0.4786015301942825
1484	0.478803291916847
1485	0.4789878726005555
1486	0.4792111217975615
1487	0.4794686287641525
1488	0.479686602950096
1489	0.47991119325161
1490	0.4801118075847625
1491	0.480264708399773
1492	0.480438485741615
1493	0.4806214570999145
1494	0.48079477250576
1495	0.480966970324516
1496	0.4811405539512635
1497	0.481283143162727
1498	0.4814211130142215
1499	0.4815633594989776
1500	0.481732875108719
1501	0.481905072927475
1502	0.482072353363037
1503	0.4822701066732405
1504	0.482427045702934
1505	0.482550546526909
1506	0.4827138781547545
1507	0.4828755557537075
1508	0.4830366820096965
1509	0.4832282811403275
1510	0.4834233224391935
1511	0.4835982769727705
1512	0.4837378710508345
1513	0.483889490365982
1514	0.484070137143135
1515	0.4842368066310885
1516	0.484397992491722
1517	0.4845549017190935
1518	0.4846914410591125
1519	0.484816163778305
1520	0.4849467426538465
1521	0.4850817918777465
1522	0.4852013140916825
1523	0.4853536486625675
1524	0.48555688560009
1525	0.485709637403488
1526	0.48584209382534
1527	0.486002340912819
1528	0.4861490875482555
1529	0.486276015639305
1530	0.4864214211702345
1531	0.4865569919347765
1532	0.486675217747688
1533	0.4867862313985825
1534	0.4868946373462675
1535	0.487006589770317
1536	0.487109512090683
1537	0.487212345004082
1538	0.487355604767799
1539	0.4874847680330275
1540	0.4876087307929995
1541	0.4877631366252895
1542	0.4878770262002945
1543	0.487959995865822
1544	0.4880925118923185
1545	0.488229647278786
1546	0.4883687049150465
1547	0.488520443439484
1548	0.488651990890503
1549	0.4887676835060115
1550	0.48888473212719
1551	0.489065587520599
1552	0.4892652332782745
1553	0.489388108253479
1554	0.4894805401563644
1555	0.4896315783262255
1556	0.489802166819572
1557	0.489930167794228
1558	0.49006524682045
1559	0.490195319056511
1560	0.4902830868959425
1561	0.490380987524986
1562	0.490510553121567
1563	0.4906379878520965
1564	0.490751847624779
1565	0.4908571839332581
1566	0.490971282124519
1567	0.4911195039749146
1568	0.4912568628787995
1569	0.4913706630468365
1570	0.4915130883455275
1571	0.491630643606186
1572	0.4916940033435819
1573	0.491778075695038
1574	0.491869941353798
1575	0.491946205496788
1576	0.4920660853385925
1577	0.4922596961259845
1578	0.492415592074394
1579	0.4925768077373505
1580	0.492719322443008
1581	0.492839306592941
1582	0.4929699599742891
1583	0.493095651268959
1584	0.4932275116443635
1585	0.493375211954117
1586	0.493490293622017
1587	0.4935863018035885
1588	0.493717685341835
1589	0.4938387721776965
1590	0.493963420391083
1591	0.4941374361515045
1592	0.4942521154880525
1593	0.49431312084198
1594	0.4944177716970445
1595	0.494541317224503
1596	0.4946209490299225
1597	0.494688451290131
1598	0.4947951138019565
1599	0.4949447959661485
1600	0.495088249444962
1601	0.4952109456062315
1602	0.495333194732666
1603	0.495434433221817
1604	0.495531752705574
1605	0.4956766963005065
1606	0.495828405022621
1607	0.4959381967782975
1608	0.4960289597511295
1609	0.4961195290088655
1610	0.4962232112884525
1611	0.496350005269051
1612	0.49648728966713
1613	0.4966189414262775
1614	0.4967429488897325
1615	0.496870771050453
1616	0.4969923943281175
1617	0.497088983654976
1618	0.4972007423639295
1619	0.497352987527847
1620	0.49748495221138
1621	0.497595429420471
1622	0.4977327436208725
1623	0.4978280067443845
1624	0.497906938195229
1625	0.498066231608391
1626	0.4982187449932095
1627	0.49829138815403
1628	0.4983608573675155
1629	0.498455494642258
1630	0.498540937900543
1631	0.4986623972654345
1632	0.4987987130880355
1633	0.4989166706800465
1634	0.4990510642528535
1635	0.4991954267024995
1636	0.499341055750847
1637	0.4994477927684781
1638	0.4995050877332685
1639	0.4995941072702405
1640	0.4997150599956515
1641	0.4998268634080885
1642	0.499956339597702
1643	0.500077426433563
1644	0.500174716114998
1645	0.500278204679489
1646	0.5003801882267
1647	0.500499024987221
1648	0.500655859708786
1649	0.50079245865345
1650	0.5008914321661
1651	0.5010140240192416
1652	0.501139312982559
1653	0.501223146915436
1654	0.5013208091259
1655	0.5014494955539706
1656	0.5015345960855485
1657	0.5016134679317474
1658	0.501712188124657
1659	0.5017842799425125
1660	0.5019060224294665
1661	0.5020252019166944
1662	0.502083480358124
1663	0.5022004246711735
1664	0.502330869436264
1665	0.502441018819809
1666	0.502605155110359
1667	0.5027515292167665
1668	0.5028432607650759
1669	0.502946212887764
1670	0.503072872757912
1671	0.5031785517930984
1672	0.503243997693062
1673	0.5033449083566665
1674	0.5034606754779816
1675	0.5035236775875095
1676	0.503621697425842
1677	0.5037445574998856
1678	0.5038237124681475
1679	0.5039193779230116
1680	0.5040062218904495
1681	0.5040595680475235
1682	0.5041458457708355
1683	0.5042350143194195
1684	0.5043370574712756
1685	0.504435732960701
1686	0.5044975727796555
1687	0.504593640565872
1688	0.5046780854463581
1689	0.5047640800476075
1690	0.5048791021108625
1691	0.504969999194145
1692	0.5050544589757919
1693	0.505132615566254
1694	0.505207344889641
1695	0.505280718207359
1696	0.505382239818573
1697	0.5055158883333205
1698	0.5056052058935165
1699	0.505654722452164
1700	0.5057228356599806
1701	0.505831480026245
1702	0.5059598982334135
1703	0.5060687810182576
1704	0.50618577003479
1705	0.506307393312454
1706	0.5064006298780445
1707	0.5065427124500275
1708	0.506688669323921
1709	0.506718948483467
1710	0.506792217493057
1711	0.506945088505745
1712	0.5070408880710605
1713	0.507153958082199
1714	0.5072499960660934
1715	0.5072773694992065
1716	0.5073371827602391
1717	0.5073868632316589
1718	0.5074071735143665
1719	0.5074590444564819
1720	0.5075123310089115
1721	0.5075923055410385
1722	0.507679045200348
1723	0.5077526718378065
1724	0.5078429728746415
1725	0.507883742451668
1726	0.5079332590103149
1727	0.508005455136299
1728	0.5080219507217405
1729	0.5080650746822359
1730	0.5081362575292585
1731	0.508174479007721
1732	0.5082391798496245
1733	0.508296877145767
1734	0.5083313286304469
1735	0.508415386080742
1736	0.508519783616066
1737	0.5086299777030945
1738	0.5087589174509051
1739	0.508833050727844
1740	0.5088117569684985
1741	0.508813962340355
1742	0.508877828717232
1743	0.5089259296655655
1744	0.508961319923401
1745	0.509007900953293
1746	0.5090762972831725
1747	0.509118974208832
1748	0.5091370791196825
1749	0.509173542261124
1750	0.5092055350542064
1751	0.5092697590589526
1752	0.509392246603966
1753	0.5094787478446965
1754	0.509457305073738
1755	0.509498432278633
1756	0.5095372796058655
1757	0.509591668844223
1758	0.5097056776285169
1759	0.5097685158252715
1760	0.509777560830116
1761	0.509820654988289
1762	0.509890288114548
1763	0.5099335610866544
1764	0.5099782198667525
1765	0.5100068151950835
1766	0.5100011229515076
1767	0.5100203156471255
1768	0.5101014226675035
1769	0.5101900696754454
1770	0.5102780908346175
1771	0.5103621184825895
1772	0.510424703359604
1773	0.510504528880119
1774	0.5105646550655365
1775	0.510602995753288
1776	0.510658636689186
1777	0.5107098519802095
1778	0.5107721835374835
1779	0.5108995884656905
1780	0.5110188275575636
1781	0.510987281799316
1782	0.5109847187995911
1783	0.511105224490166
1784	0.5111317336559296
1785	0.511169254779816
1786	0.5113540440797805
1787	0.511462703347206
1788	0.511482894420624
1789	0.5116071701049805
1790	0.5117233097553255
1791	0.511751562356949
1792	0.511815443634987
1793	0.5119265615940095
1794	0.5120498538017275
1795	0.5121335238218305
1796	0.5121918618679044
1797	0.512289687991142
1798	0.5123471021652221
1799	0.512368693947792
1800	0.5124559849500655
1801	0.5115579664707185
1802	0.5118985623121265
1803	0.5122621953487395
1804	0.512779235839844
1805	0.513155341148376
1806	0.513337194919586
1807	0.513596102595329
1808	0.513772785663605
1809	0.5139144212007525
1810	0.5141187012195585
1811	0.5143639147281645
1812	0.5145637392997745
1813	0.514744937419891
1814	0.515043705701828
1815	0.51522995531559
1816	0.515385061502457
1817	0.5155965536832811
1818	0.5157375484704975
1819	0.5158427506685255
1820	0.5158331990242
1821	0.51594378054142
1822	0.5161131620407104
1823	0.5162442326545715
1824	0.516282990574837
1825	0.516457065939903
1826	0.5166195333004
1827	0.5166473537683485
1828	0.5167765021324155
1829	0.5170109868049619
1830	0.5172022581100465
1831	0.5174174308776855
1832	0.5175858736038205
1833	0.51771879196167
1834	0.5178409218788145
1835	0.5179367661476135
1836	0.5179918110370635
1837	0.5181078612804415
1838	0.5183005034923555
1839	0.5184078812599184
1840	0.5184906125068665
1841	0.5185526907444
1842	0.518667221069336
1843	0.5188498795032506
1844	0.519014865159988
1845	0.51918226480484
1846	0.5193314850330355
1847	0.5193920731544495
1848	0.5194801092147825
1849	0.5195524692535405
1850	0.5197845101356504
1851	0.519853264093399
1852	0.519864946603775
1853	0.520043343305588
1854	0.5201777815818784
1855	0.520170569419861
1856	0.520028650760651
1857	0.5200503170490265
1858	0.520008981227875
1859	0.520086109638214
1860	0.520164400339127
1861	0.5201461613178255
1862	0.5201750993728635
1863	0.5201773643493655
1864	0.5200852155685425
1865	0.5200603008270266
1866	0.5199816226959225
1867	0.5198486149311065
1868	0.519474595785141
1869	0.5191538631916045
1870	0.5189871191978455
1871	0.518776148557663
1872	0.51847967505455
1873	0.518227219581604
1874	0.517993658781052
1875	0.5176775455474856
1876	0.517319738864899
1877	0.516884729266167
1878	0.5164484232664105
1879	0.515917971730232
1880	0.5152682512998581
1881	0.5146154314279561
1882	0.5139049142599105
1883	0.513127893209457
1884	0.5122832506895065
1885	0.5114429444074631
1886	0.510475620627403
1887	0.5092588514089584
1888	0.5078154504299159
1889	0.506374537944794
1890	0.5048682540655135
1891	0.503124758601189
1892	0.501366063952446
1893	0.4994333535432814
1894	0.497086316347122
1895	0.4948524236679075
1896	0.492539092898369
1897	0.4903640300035475
1898	0.488048180937767
1899	0.48575659096241
1900	0.4836301207542421
1901	0.4816264659166335
1902	0.4797348976135255
1903	0.4780438542366025
1904	0.4765662401914595
1905	0.475261390209198
1906	0.4741109758615495
1907	0.4733252227306365
1908	0.472758024930954
1909	0.472380980849266
1910	0.4722648411989215
1911	0.4721168875694275
1912	0.4721113741397855
1913	0.472531720995903
1914	0.4730348885059355
1915	0.473557710647583
1916	0.4741950780153275
1917	0.475019961595535
1918	0.475789502263069
1919	0.476668030023575
1920	0.4776759892702105
1921	0.478629782795906
1922	0.4795532673597335
1923	0.4804464876651765
1924	0.481282562017441
1925	0.4821633994579315
1926	0.483124852180481
1927	0.4841324090957645
1928	0.484968915581703
1929	0.48583322763443
1930	0.486795425415039
1931	0.4875891208648685
1932	0.4882942289114
1933	0.489087298512459
1934	0.48980288207531
1935	0.4905146509408955
1936	0.491237223148346
1937	0.4920403063297275
1938	0.4927618503570556
1939	0.4934325218200685
1940	0.4939996302127835
1941	0.494569316506386
1942	0.495144560933113
1943	0.4956106543540955
1944	0.496102660894394
1945	0.496686011552811
1946	0.497255817055702
1947	0.497765526175499
1948	0.49827267229557
1949	0.4987077713012695
1950	0.4991019517183305
1951	0.4995297342538835
1952	0.499882385134697
1953	0.50035072863102
1954	0.5009060502052305
1955	0.5012868493795395
1956	0.501689597964287
1957	0.5021088868379595
1958	0.5025688409805295
1959	0.5030111968517306
1960	0.5034016668796539
1961	0.5039776414632801
1962	0.504520893096924
1963	0.504910662770271
1964	0.5053976476192475
1965	0.5058954507112505
1966	0.5063516944646835
1967	0.5067945420742035
1968	0.5072444230318071
1969	0.507707104086876
1970	0.508182257413864
1971	0.5085728019475935
1972	0.5089154839515685
1973	0.509334862232208
1974	0.5097957104444505
1975	0.5102600902318954
1976	0.5106417536735535
1977	0.511067494750023
1978	0.51150718331337
1979	0.5118547379970555
1980	0.5122119635343549
1981	0.5126119852066046
1982	0.513041153550148
1983	0.5135275572538375
1984	0.5140631943941115
1985	0.514454796910286
1986	0.514814555644989
1987	0.5152320712804794
1988	0.5156766027212145
1989	0.5161470770835874
1990	0.516635894775391
1991	0.5171015411615375
1992	0.5174213200807575
1993	0.517769783735275
1994	0.5181244611740115
1995	0.518543779850006
1996	0.519016325473785
1997	0.5195402801036835
1998	0.5200410783290865
1999	0.520512104034424
2000	0.520996630191803
2001	0.521486759185791
2002	0.521902322769165
2003	0.5222951471805575
2004	0.522746741771698
2005	0.5232257544994354
2006	0.5235103070735929
2007	0.5238842666149139
2008	0.5245076417922975
2009	0.5250402390956881
2010	0.5254675447940824
2011	0.5259243249893191
2012	0.526331901550293
2013	0.52679842710495
2014	0.5273389518260955
2015	0.5277718901634215
2016	0.5281027555465695
2017	0.52854323387146
2018	0.528966724872589
2019	0.5294755399227145
2020	0.529892176389694
2021	0.5302489995956421
2022	0.5305761992931365
2023	0.5308734476566315
2024	0.5313467681407931
2025	0.5317832231521605
2026	0.5321505069732665
2027	0.532480776309967
2028	0.5328086912631985
2029	0.532982736825943
2030	0.5333247780799865
2031	0.533810943365097
2032	0.534188985824585
2033	0.5345264077186584
2034	0.5349421203136445
2035	0.5353498160839085
2036	0.535639077425003
2037	0.5358861088752744
2038	0.536250442266464
2039	0.5366100966930389
2040	0.536969751119614
2041	0.5373031198978424
2042	0.537747025489807
2043	0.538064539432526
2044	0.5383253991603849
2045	0.538504213094711
2046	0.5385883748531345
2047	0.538706839084625
2048	0.53896364569664
2049	0.5392586886882785
2050	0.5396110415458675
2051	0.5401727557182314
2052	0.5404849946498875
2053	0.5407083332538605
2054	0.5409706830978396
2055	0.5411320328712466
2056	0.5413267612457275
2057	0.5415131449699405
2058	0.5417693257331846
2059	0.5420689284801485
2060	0.5423792600631716
2061	0.542598456144333
2062	0.54279825091362
2063	0.5430715382099149
2064	0.5432936251163485
2065	0.5434513986110685
2066	0.5436288714408875
2067	0.5438249707221985
2068	0.5438850820064545
2069	0.5440263152122495
2070	0.5442543029785155
2071	0.5445534288883209
2072	0.5447104871273045
2073	0.5448742508888245
2074	0.5451437532901765
2075	0.545453757047653
2076	0.5457753241062164
2077	0.5459210276603694
2078	0.546121507883072
2079	0.5463524460792539
2080	0.546486556529999
2081	0.546442210674286
2082	0.5466547906398775
2083	0.5469711422920225
2084	0.54715895652771
2085	0.547382116317749
2086	0.5477361977100375
2087	0.5479521751403811
2088	0.548098683357239
2089	0.5481338798999785
2090	0.548282980918884
2091	0.5485172569751735
2092	0.5487380623817445
2093	0.548896878957748
2094	0.5492639243602755
2095	0.5494114756584165
2096	0.5491570830345155
2097	0.549302101135254
2098	0.5497708022594454
2099	0.5499438345432279
2100	0.550029098987579
2101	0.550263375043869
2102	0.5505238473415375
2103	0.5506513714790344
2104	0.550930589437485
2105	0.5513530075550079
2106	0.5515977740287785
2107	0.5515272617340086
2108	0.5518115162849424
2109	0.55238339304924
2110	0.5526564419269565
2111	0.5528630018234255
2112	0.5531317293643956
2113	0.5532481074333191
2114	0.5534486174583435
2115	0.5537036061286925
2116	0.5541284084320071
2117	0.554441899061203
2118	0.5545831024646759
2119	0.5548481047153475
2120	0.5552074313163755
2121	0.555534511804581
2122	0.55593541264534
2123	0.55623921751976
2124	0.5564649701118469
2125	0.5567159056663515
2126	0.5569767653942106
2127	0.5571905076503755
2128	0.5574013888835905
2129	0.5575771033763885
2130	0.5576772689819336
2131	0.5577646791934969
2132	0.557725220918655
2133	0.5579489171504974
2134	0.558139592409134
2135	0.5580766797065735
2136	0.558280020952225
2137	0.5585042238235469
2138	0.558439522981644
2139	0.558197498321533
2140	0.5581377446651455
2141	0.557934522628784
2142	0.5577399134635925
2143	0.5577854812145235
2144	0.5575844049453735
2145	0.5570228695869445
2146	0.5567303597927096
2147	0.5566829741001129
2148	0.5563371181488035
2149	0.5557641983032224
2150	0.5554316937923435
2151	0.5552689731121065
2152	0.5549128651618955
2153	0.554469913244247
2154	0.5541106760501859
2155	0.553687781095505
2156	0.5529023706912994
2157	0.552324652671814
2158	0.5520449578762054
2159	0.5515107214450834
2160	0.55077001452446
2161	0.5500962138175964
2162	0.5494381487369535
2163	0.5487595796585081
2164	0.5479149520397191
2165	0.547226399183273
2166	0.5466213822364805
2167	0.5461249351501465
2168	0.5455460250377655
2169	0.5448535084724424
2170	0.5439651608467105
2171	0.5431342720985415
2172	0.5425729155540465
2173	0.542294830083847
2174	0.5416825711727145
2175	0.5411684215068819
2176	0.540457218885422
2177	0.53932848572731
2178	0.5385408401489254
2179	0.5380068421363835
2180	0.537245988845825
2181	0.5363201200962064
2182	0.5355626940727235
2183	0.5350145399570465
2184	0.534146994352341
2185	0.533152937889099
2186	0.5321809351444244
2187	0.531295955181122
2188	0.530403196811676
2189	0.52952441573143
2190	0.5287542939186095
2191	0.5279003083705904
2192	0.5266835987567905
2193	0.5257686972618105
2194	0.5252191126346585
2195	0.524362951517105
2196	0.523259252309799
2197	0.522396922111511
2198	0.521545141935349
2199	0.5207791328430176
2200	0.5202124416828156
2201	0.519607603549957
2202	0.519036799669266
2203	0.5184281468391421
2204	0.517899751663208
2205	0.5171584635972974
2206	0.5165475010871885
2207	0.516157194972038
2208	0.515772461891174
2209	0.515600293874741
2210	0.5155564695596695
2211	0.51562824845314
2212	0.5157762318849565
2213	0.5161855220794674
2214	0.5164350569248201
2215	0.516608849167824
2216	0.5169276297092436
2217	0.5173885077238085
2218	0.5176884531974795
2219	0.5179828107357025
2220	0.5182866156101225
2221	0.518375992774963
2222	0.5186854302883145
2223	0.5192792415618895
2224	0.519682765007019
2225	0.520062178373337
2226	0.5204552114009855
2227	0.520615220069885
2228	0.5207757353782655
2229	0.5211468040943145
2230	0.5212929248809814
2231	0.521431058645248
2232	0.521793305873871
2233	0.5219377875328065
2234	0.5218650102615354
2235	0.522034853696823
2236	0.5222905576229095
2237	0.5224519073963165
2238	0.522748202085495
2239	0.522859245538712
2240	0.5228016078472135
2241	0.522771507501602
2242	0.5225778818130495
2243	0.522598803043365
2244	0.522789418697357
2245	0.522840678691864
2246	0.5229564607143404
2247	0.5230155289173125
2248	0.5229012072086334
2249	0.5228424966335294
2250	0.5230191051959995
2251	0.523253530263901
2252	0.523449867963791
2253	0.523602694272995
2254	0.5236914455890656
2255	0.5238462686538695
2256	0.524036169052124
2257	0.5243012309074405
2258	0.5245440006256106
2259	0.5248082876205445
2260	0.5250732898712156
2261	0.5253093242645265
2262	0.5256478190422055
2263	0.5260783433914185
2264	0.5264205038547515
2265	0.526827037334442
2266	0.5271911621093754
2267	0.5275050699710845
2268	0.5277004241943359
2269	0.527846038341522
2270	0.528044700622559
2271	0.5280119180679319
2272	0.528184771537781
2273	0.5286166965961455
2274	0.5289022624492645
2275	0.528933703899384
2276	0.5292803645133974
2277	0.5295296907424925
2278	0.5294248759746549
2279	0.52946737408638
2280	0.529568791389465
2281	0.52943953871727
2282	0.5293304920196535
2283	0.5291871428489685
2284	0.5289067625999451
2285	0.5288764536380766
2286	0.528922498226166
2287	0.528901845216751
2288	0.529144674539566
2289	0.5290817320346834
2290	0.5286412537097931
2291	0.528570085763931
2292	0.5286270380020139
2293	0.5285691916942601
2294	0.528753608465195
2295	0.52873221039772
2296	0.528306871652603
2297	0.5281673073768615
2298	0.5282194912433624
2299	0.5281663537025449
2300	0.528127640485764
2301	0.528185874223709
2302	0.5282562673091885
2303	0.528249204158783
2304	0.5283206701278684
2305	0.528394877910614
2306	0.528534263372421
2307	0.5284797251224516
2308	0.5282574594020839
2309	0.5283576250076294
2310	0.528197258710861
2311	0.5278877317905425
2312	0.527936667203903
2313	0.5280045568943019
2314	0.5280691981315611
2315	0.5281242728233335
2316	0.5281292498111725
2317	0.5281241834163665
2318	0.528020441532135
2319	0.5277337431907655
2320	0.527739524841309
2321	0.5279463827610016
2322	0.5278946757316589
2323	0.5278055369853976
2324	0.5278210639953616
2325	0.5277789831161499
2326	0.5275733172893524
2327	0.5273007750511165
2328	0.52735298871994
2329	0.5274913311004641
2330	0.5272762775421145
2331	0.527126729488373
2332	0.5271661877632146
2333	0.5268512070178986
2334	0.5267319083213805
2335	0.5270935893058775
2336	0.5273235738277435
2337	0.527033239603043
2338	0.5268543064594264
2339	0.5270410180091856
2340	0.5267885029315951
2341	0.52609583735466
2342	0.525782704353333
2343	0.5258190631866455
2344	0.5256915390491486
2345	0.5254475474357605
2346	0.525620996952057
2347	0.525754004716873
2348	0.5255255997180934
2349	0.525520384311676
2350	0.5257578790187835
2351	0.5257014334201815
2352	0.525509774684906
2353	0.5259301066398621
2354	0.5262869298458099
2355	0.5261047184467315
2356	0.5260100960731505
2357	0.5262380838394165
2358	0.526460587978363
2359	0.526402026414871
2360	0.526663601398468
2361	0.5268093645572665
2362	0.526485770940781
2363	0.526351273059845
2364	0.5266708433628084
2365	0.5267021358013155
2366	0.5263411998748779
2367	0.5263935029506686
2368	0.5267075002193455
2369	0.5266871750354769
2370	0.52669295668602
2371	0.5265956521034241
2372	0.526033371686935
2373	0.5259989500045781
2374	0.5261312425136565
2375	0.526656806468964
2376	0.5268057286739349
2377	0.5264708995819095
2378	0.526318669319153
2379	0.5258837938308716
2380	0.5254559516906735
2381	0.5259380340576175
2382	0.5260846614837644
2383	0.525775045156479
2384	0.5259613394737246
2385	0.526085764169693
2386	0.5256926715373995
2387	0.5251578986644745
2388	0.52493217587471
2389	0.5248990654945375
2390	0.524708718061447
2391	0.5247630774974825
2392	0.5248346030712125
2393	0.524065941572189
2394	0.5237379670143125
2395	0.5242792665958405
2396	0.524512529373169
2397	0.5243199467658994
2398	0.5237623751163485
2399	0.523237019777298
2400	0.522976070642471
2401	0.522915840148926
2402	0.522943526506424
2403	0.522547513246536
2404	0.5219773948192594
2405	0.521961033344269
2406	0.522099167108536
2407	0.5215892791748045
2408	0.520930200815201
2409	0.5206520557403564
2410	0.5203909575939181
2411	0.5203221440315245
2412	0.5202580094337466
2413	0.5199168622493745
2414	0.5196660459041595
2415	0.5195143818855286
2416	0.519301027059555
2417	0.5187858045101166
2418	0.5184713006019595
2419	0.518488824367523
2420	0.518197059631348
2421	0.5176378190517426
2422	0.5172020047903061
2423	0.5167512595653535
2424	0.5162433236837389
2425	0.5164927840232849
2426	0.5163866877555845
2427	0.515508934855461
2428	0.5153335332870485
2429	0.514693722128868
2430	0.513312950730324
2431	0.5128602981567381
2432	0.5127604305744174
2433	0.512236952781677
2434	0.51171238720417
2435	0.5113968551158905
2436	0.5108765214681625
2437	0.5106036216020585
2438	0.5107287764549255
2439	0.510554254055023
2440	0.510562628507614
2441	0.5098635405302046
2442	0.508113846182823
2443	0.507968470454216
2444	0.508383572101593
2445	0.5083067566156385
2446	0.509557977318764
2447	0.5092940181493755
2448	0.507012739777565
2449	0.5063067674636845
2450	0.506018251180649
2451	0.505904048681259
2452	0.5073955953121185
2453	0.5067913830280305
2454	0.5036831647157665
2455	0.5034340023994445
2456	0.5045889019966125
2457	0.5042854100465775
2458	0.504979133605957
2459	0.505267545580864
2460	0.503457069396973
2461	0.5027415603399275
2462	0.5035984218120575
2463	0.503662571310997
2464	0.503421351313591
2465	0.5025934875011445
2466	0.501017764210701
2467	0.5007332116365435
2468	0.500408515334129
2469	0.4996873885393145
2470	0.5000516176223755
2471	0.5002595633268361
2472	0.499686971306801
2473	0.499052569270134
2474	0.499356105923653
2475	0.498805329203606
2476	0.4962451308965685
2477	0.495145857334137
2478	0.4949125051498415
2479	0.494826704263687
2480	0.4950387328863145
2481	0.496126890182495
2482	0.4999916404485705
2483	0.4993805140256879
2484	0.495624631643295
2485	0.494883880019188
2486	0.4922769367694855
2487	0.4903730899095535
2488	0.491462782025337
2489	0.4925491362810135
2490	0.4918919801712035
2491	0.4928992688655855
2492	0.4995929002761845
2493	0.500298887491226
2494	0.494442284107208
2495	0.494914710521698
2496	0.4988937526941301
2497	0.4969888776540755
2498	0.4933123886585234
2499	0.4940957576036455
2500	0.4919839948415755
