350	0.0609881021082401
351	0.0604602470993996
352	0.0632444992661476
353	0.0623809807002544
354	0.0589959137141705
355	0.0581669099628925
356	0.0621917061507702
357	0.0649702996015549
358	0.0605709068477154
359	0.058729350566864
360	0.0572488494217396
361	0.0548451021313667
362	0.0573546327650547
363	0.0593543574213982
364	0.058850035071373
365	0.0579438731074333
366	0.0591609999537468
367	0.0616425052285194
368	0.0623361840844154
369	0.0605447068810463
370	0.0598178282380104
371	0.0635421350598335
372	0.0641521140933037
373	0.0632566958665848
374	0.0627989023923874
375	0.0623123273253441
376	0.0624288395047188
377	0.0630063638091087
378	0.0627077743411064
379	0.0623836666345596
380	0.0624732188880444
381	0.0632692500948906
382	0.0632314905524254
383	0.0628296211361885
384	0.0629642978310585
385	0.063515417277813
386	0.06415094435215
387	0.0645845532417297
388	0.0646733865141869
389	0.0646711811423302
390	0.0648324340581894
391	0.0656233504414558
392	0.0654940530657768
393	0.0650008544325829
394	0.0658326894044876
395	0.0661230087280273
396	0.0663122162222862
397	0.0671205520629883
398	0.0672365352511406
399	0.0672117918729782
400	0.0675894916057587
401	0.0685338079929352
402	0.0690937936306
403	0.0691749751567841
404	0.0698797032237053
405	0.0699924528598785
406	0.0696849673986435
407	0.0697928220033646
408	0.0699150711297989
409	0.0700618997216225
410	0.0703126415610313
411	0.0706781968474388
412	0.0709435194730759
413	0.0710775405168533
414	0.0715831220149994
415	0.0722423940896988
416	0.0727445781230927
417	0.0724941715598106
418	0.0725258439779282
419	0.072975717484951
420	0.0735455304384232
421	0.0738288387656212
422	0.0740038529038429
423	0.0743390247225761
424	0.0745805203914642
425	0.0749864056706429
426	0.0756275653839111
427	0.0759515315294266
428	0.0762353464961052
429	0.0766050443053246
430	0.0770076662302017
431	0.0774542018771172
432	0.0780114606022835
433	0.078768216073513
434	0.0792987123131752
435	0.0796506553888321
436	0.0799726471304893
437	0.0801754370331764
438	0.0805503651499748
439	0.0812006443738937
440	0.0816464573144913
441	0.0821926444768906
442	0.0828321427106857
443	0.0831335559487343
444	0.0834520682692528
445	0.0838566944003105
446	0.0842872560024261
447	0.0846177935600281
448	0.0849417150020599
449	0.0853867530822754
450	0.0859888717532158
451	0.0863906741142273
452	0.0864777415990829
453	0.0868079215288162
454	0.0872672572731972
455	0.0877436399459839
456	0.0880983471870422
457	0.0883899703621864
458	0.0886902511119843
459	0.0890805274248123
460	0.0894070565700531
461	0.0896281599998474
462	0.0897834822535515
463	0.0901751518249512
464	0.090643435716629
465	0.0910188034176826
466	0.0911342948675156
467	0.0913733318448067
468	0.0917654633522034
469	0.0919752717018127
470	0.0923484042286873
471	0.0927979722619057
472	0.0930839851498604
473	0.0934077426791191
474	0.0937255695462227
475	0.0939817950129509
476	0.0942630246281624
477	0.0945523828268051
478	0.0948480069637299
479	0.0951939970254898
480	0.0955775082111359
481	0.0959407687187195
482	0.096173107624054
483	0.0965685471892357
484	0.0970928594470024
485	0.0975812003016472
486	0.0977829694747925
487	0.0980616584420204
488	0.0986736342310905
489	0.09914730489254
490	0.0994536802172661
491	0.0997030362486839
492	0.100244134664536
493	0.100798904895782
494	0.101291827857494
495	0.101755522191525
496	0.102219134569168
497	0.102732539176941
498	0.103325411677361
499	0.103845790028572
500	0.104362830519676
501	0.104942291975021
502	0.105580076575279
503	0.10615074634552
504	0.106663078069687
505	0.107340343296528
506	0.107936233282089
507	0.108447007834911
508	0.108991295099258
509	0.109603859484196
510	0.110234327614307
511	0.110828213393688
512	0.111448973417282
513	0.112110547721386
514	0.112799748778343
515	0.11343639343977
516	0.114120699465275
517	0.114848800003529
518	0.115507334470749
519	0.11604318767786
520	0.116591393947601
521	0.117354400455952
522	0.118042722344398
523	0.11872261017561
524	0.119474694132805
525	0.120120503008366
526	0.120784223079681
527	0.121517069637775
528	0.122204504907131
529	0.122890338301659
530	0.123592883348465
531	0.124320648610592
532	0.125033333897591
533	0.125747263431549
534	0.126493006944656
535	0.127217441797256
536	0.127936273813248
537	0.128665700554848
538	0.129377543926239
539	0.13010635972023
540	0.130860954523087
541	0.131605684757233
542	0.132344901561737
543	0.133086308836937
544	0.133839949965477
545	0.134574264287949
546	0.135310038924217
547	0.136070251464844
548	0.136804148554802
549	0.13755951821804
550	0.138364747166634
551	0.139187544584274
552	0.140002593398094
553	0.140824690461159
554	0.141722291707993
555	0.142624780535698
556	0.143490791320801
557	0.144295766949654
558	0.145079016685486
559	0.145873412489891
560	0.146691456437111
561	0.147451460361481
562	0.148198366165161
563	0.148948431015015
564	0.149645790457726
565	0.150347471237183
566	0.151066586375237
567	0.151780277490616
568	0.15246345102787
569	0.153157502412796
570	0.15390682220459
571	0.15460017323494
572	0.155215814709663
573	0.155785158276558
574	0.156467914581299
575	0.157168969511986
576	0.157839849591255
577	0.158497735857964
578	0.159148707985878
579	0.159796431660652
580	0.160448104143143
581	0.161092191934586
582	0.161720365285873
583	0.162329614162445
584	0.162920385599136
585	0.163503721356392
586	0.164084807038307
587	0.164649397134781
588	0.165194720029831
589	0.165735378861427
590	0.16630183160305
591	0.16680583357811
592	0.167287692427635
593	0.167809084057808
594	0.168224260210991
595	0.168603226542473
596	0.169023960828781
597	0.169508934020996
598	0.170070841908455
599	0.170662701129913
600	0.171166971325874
601	0.171708360314369
602	0.172245368361473
603	0.172682911157608
604	0.173173815011978
605	0.173703715205193
606	0.1742322742939
607	0.174743384122849
608	0.175237938761711
609	0.175728261470795
610	0.176246553659439
611	0.176762610673904
612	0.177275314927101
613	0.177797630429268
614	0.178236037492752
615	0.178678467869759
616	0.179219201207161
617	0.179674834012985
618	0.180112615227699
619	0.180575400590897
620	0.180992096662521
621	0.181402653455734
622	0.181833475828171
623	0.182307437062263
624	0.182757049798965
625	0.183187484741211
626	0.183629482984543
627	0.184055984020233
628	0.184477686882019
629	0.184910416603088
630	0.185370296239853
631	0.185782268643379
632	0.186153724789619
633	0.186615467071533
634	0.187044337391853
635	0.187452793121338
636	0.187908723950386
637	0.188348844647408
638	0.188770920038223
639	0.189181685447693
640	0.189573600888252
641	0.189993992447853
642	0.190448492765427
643	0.190865844488144
644	0.191284641623497
645	0.191705748438835
646	0.192110881209373
647	0.192506402730942
648	0.192907765507698
649	0.193330377340317
650	0.193758472800255
651	0.194192603230476
652	0.194631099700928
653	0.195064038038254
654	0.19547575712204
655	0.19587641954422
656	0.196298196911812
657	0.196700558066368
658	0.197105959057808
659	0.197541281580925
660	0.197922483086586
661	0.198279067873955
662	0.198646247386932
663	0.19904625415802
664	0.199457809329033
665	0.199863702058792
666	0.200250759720802
667	0.200615778565407
668	0.200975865125656
669	0.201352640986443
670	0.201702654361725
671	0.202044621109962
672	0.202392280101776
673	0.202706411480904
674	0.203034117817879
675	0.20337937772274
676	0.203688889741898
677	0.20398223400116
678	0.204269543290138
679	0.204559192061424
680	0.204870909452438
681	0.205180302262306
682	0.205459773540497
683	0.205695778131485
684	0.205952182412148
685	0.206240862607956
686	0.206502348184586
687	0.206731885671616
688	0.206948354840279
689	0.207187503576279
690	0.207461580634117
691	0.207735866308212
692	0.207981258630753
693	0.2082289904356
694	0.208462700247765
695	0.208671182394028
696	0.208846539258957
697	0.209018871188164
698	0.209201723337173
699	0.209398955106735
700	0.209599420428276
701	0.209811046719551
702	0.210032150149345
703	0.210203632712364
704	0.210370451211929
705	0.210560381412506
706	0.21077162027359
707	0.210988834500313
708	0.2112006098032
709	0.211398139595985
710	0.21158441901207
711	0.211783945560455
712	0.212012469768524
713	0.212225928902626
714	0.212445318698883
715	0.212675720453262
716	0.212888732552528
717	0.213105350732803
718	0.213328182697296
719	0.213550940155983
720	0.213777184486389
721	0.214024543762207
722	0.214294463396072
723	0.214509800076485
724	0.214735969901085
725	0.215002670884132
726	0.215278640389442
727	0.215566828846931
728	0.215855121612549
729	0.216126754879951
730	0.21637399494648
731	0.216634213924408
732	0.216936379671097
733	0.217236235737801
734	0.217523097991943
735	0.217801302671432
736	0.218096643686295
737	0.218358471989632
738	0.218607515096664
739	0.218895003199577
740	0.219183355569839
741	0.219463527202606
742	0.219735994935036
743	0.220017045736313
744	0.22030970454216
745	0.220603108406067
746	0.220866516232491
747	0.221153482794762
748	0.22145964205265
749	0.221758812665939
750	0.222054004669189
751	0.222350105643272
752	0.222650662064552
753	0.222949624061584
754	0.223238006234169
755	0.223525449633598
756	0.223844304680824
757	0.224137365818024
758	0.224418506026268
759	0.224719792604446
760	0.224999994039536
761	0.225294426083565
762	0.225616276264191
763	0.225901693105698
764	0.226195424795151
765	0.226501196622849
766	0.22678904235363
767	0.227082744240761
768	0.227380126714706
769	0.227674514055252
770	0.227975219488144
771	0.228278264403343
772	0.228579685091972
773	0.228878125548363
774	0.229155138134956
775	0.229425847530365
776	0.22972559928894
777	0.229994758963585
778	0.2302565574646
779	0.230537667870522
780	0.23079788684845
781	0.231067165732384
782	0.231353625655174
783	0.231630325317383
784	0.231910035014153
785	0.232188746333122
786	0.232457533478737
787	0.232722207903862
788	0.23297455906868
789	0.233213976025581
790	0.233468905091286
791	0.233716741204262
792	0.233956053853035
793	0.234206154942513
794	0.234460398554802
795	0.23471637070179
796	0.234968051314354
797	0.235185593366623
798	0.235400125384331
799	0.235627636313438
800	0.235835194587708
801	0.236051291227341
802	0.236267492175102
803	0.236452698707581
804	0.236656546592712
805	0.236878782510757
806	0.237105086445808
807	0.237314343452454
808	0.237521767616272
809	0.237727865576744
810	0.237905442714691
811	0.238081738352776
812	0.238267004489899
813	0.238458827137947
814	0.23860689997673
815	0.238761425018311
816	0.238956123590469
817	0.239141196012497
818	0.239312469959259
819	0.239467516541481
820	0.239607468247414
821	0.239780262112617
822	0.239962592720985
823	0.240121066570282
824	0.240283861756325
825	0.240447163581848
826	0.24061045050621
827	0.24078506231308
828	0.240925341844559
829	0.241050764918327
830	0.241208732128143
831	0.241351425647736
832	0.241479694843292
833	0.241601347923279
834	0.241717219352722
835	0.241857051849365
836	0.242013603448868
837	0.242143914103508
838	0.242251917719841
839	0.242360830307007
840	0.242492243647575
841	0.242613032460213
842	0.242736011743546
843	0.242869809269905
844	0.243013143539429
845	0.243136808276176
846	0.243249028921127
847	0.243374541401863
848	0.243492558598518
849	0.243603378534317
850	0.24371226131916
851	0.243830338120461
852	0.243951499462128
853	0.244072496891022
854	0.24419179558754
855	0.244282409548759
856	0.244361698627472
857	0.244454383850098
858	0.244555354118347
859	0.244668677449226
860	0.244787260890007
861	0.244885340332985
862	0.244980230927467
863	0.245061963796616
864	0.245124891400337
865	0.245292082428932
866	0.245460376143456
867	0.245560690760612
868	0.245654106140137
869	0.245760276913643
870	0.24587444961071
871	0.245974734425545
872	0.24608051776886
873	0.246176987886429
874	0.246260926127434
875	0.24639268219471
876	0.246516823768616
877	0.246626436710358
878	0.246766075491905
879	0.246877148747444
880	0.246966525912285
881	0.24706557393074
882	0.247228786349297
883	0.247384369373322
884	0.247500211000443
885	0.247617319226265
886	0.247740060091019
887	0.247863635420799
888	0.24798196554184
889	0.248125597834587
890	0.248271286487579
891	0.248402237892151
892	0.248528674244881
893	0.248644188046455
894	0.248768731951714
895	0.24893319606781
896	0.249077305197716
897	0.249222159385681
898	0.249388724565506
899	0.249554932117462
900	0.249720677733421
901	0.24987980723381
902	0.25002184510231
903	0.250158846378326
904	0.250320464372635
905	0.250518947839737
906	0.250681936740875
907	0.250832170248032
908	0.25098979473114
909	0.251169264316559
910	0.251314461231232
911	0.25145897269249
912	0.251648902893066
913	0.251832008361816
914	0.252000689506531
915	0.252155900001526
916	0.25230872631073
917	0.252451568841934
918	0.252623319625854
919	0.252861797809601
920	0.253058850765228
921	0.253225117921829
922	0.253383189439774
923	0.253554910421371
924	0.253715693950653
925	0.253885567188263
926	0.254098385572433
927	0.254311501979828
928	0.254527539014816
929	0.25474613904953
930	0.254948794841766
931	0.255134016275406
932	0.25532191991806
933	0.255543053150177
934	0.255753606557846
935	0.255948841571808
936	0.256138443946838
937	0.256352812051773
938	0.256556034088135
939	0.25675755739212
940	0.25699371099472
941	0.257199972867966
942	0.257407426834106
943	0.257640391588211
944	0.257845908403397
945	0.258050352334976
946	0.258274376392365
947	0.258530408143997
948	0.258712083101273
949	0.258904904127121
950	0.259178161621094
951	0.259395927190781
952	0.259594112634659
953	0.259779721498489
954	0.259936392307281
955	0.260186493396759
956	0.260451436042786
957	0.260649889707565
958	0.260876476764679
959	0.261121034622192
960	0.261358618736267
961	0.261557132005692
962	0.261850953102112
963	0.262141972780228
964	0.262335568666458
965	0.262572795152664
966	0.262787044048309
967	0.262979716062546
968	0.263217955827713
969	0.263464689254761
970	0.263711392879486
971	0.263955682516098
972	0.26419985294342
973	0.264446437358856
974	0.264681309461594
975	0.264877706766129
976	0.265091568231583
977	0.265373677015305
978	0.265729039907455
979	0.266015946865082
980	0.266236424446106
981	0.266416043043137
982	0.266602456569672
983	0.266829967498779
984	0.267103612422943
985	0.267402648925781
986	0.267658859491348
987	0.267917484045029
988	0.268164336681366
989	0.268344074487686
990	0.268578141927719
991	0.268815159797668
992	0.269032299518585
993	0.26942977309227
994	0.269697278738022
995	0.269843995571136
996	0.270105570554733
997	0.270385801792145
998	0.270656645298004
999	0.270889788866043
1000	0.271011918783188
1001	0.269922167062759
1002	0.270372331142426
1003	0.270673334598541
1004	0.270978182554245
1005	0.271103739738464
1006	0.270898193120956
1007	0.271042913198471
1008	0.271272718906403
1009	0.271461397409439
1010	0.271860390901566
1011	0.272094041109085
1012	0.272010058164597
1013	0.272232979536057
1014	0.272718459367752
1015	0.273003041744232
1016	0.273375421762466
1017	0.273982852697372
1018	0.274263232946396
1019	0.274283200502396
1020	0.27450156211853
1021	0.274712532758713
1022	0.274908006191254
1023	0.275141894817352
1024	0.275397479534149
1025	0.275555819272995
1026	0.27583247423172
1027	0.276236861944199
1028	0.276674151420593
1029	0.276988655328751
1030	0.277359336614609
1031	0.27751961350441
1032	0.277423143386841
1033	0.277573525905609
1034	0.277687519788742
1035	0.277891308069229
1036	0.278307855129242
1037	0.278600335121155
1038	0.278877586126328
1039	0.27910840511322
1040	0.27935716509819
1041	0.279390335083008
1042	0.279738813638687
1043	0.280229449272156
1044	0.280494034290314
1045	0.280874490737915
1046	0.281089276075363
1047	0.280918538570404
1048	0.281108409166336
1049	0.281531035900116
1050	0.281807839870453
1051	0.282166540622711
1052	0.282437562942505
1053	0.282488346099854
1054	0.282721698284149
1055	0.283023357391357
1056	0.283420413732529
1057	0.28370800614357
1058	0.284079998731613
1059	0.284311205148697
1060	0.284321814775467
1061	0.284556448459625
1062	0.28489351272583
1063	0.285171866416931
1064	0.285511940717697
1065	0.285813182592392
1066	0.286084055900574
1067	0.286324858665466
1068	0.286516338586807
1069	0.286769211292267
1070	0.28704109787941
1071	0.287285834550858
1072	0.287549763917923
1073	0.28790819644928
1074	0.288173079490662
1075	0.288345873355865
1076	0.28860279917717
1077	0.28890323638916
1078	0.289150983095169
1079	0.289358288049698
1080	0.28963640332222
1081	0.289911776781082
1082	0.290230542421341
1083	0.290514320135117
1084	0.290831714868546
1085	0.29112982749939
1086	0.291346311569214
1087	0.291641145944595
1088	0.29206582903862
1089	0.292321890592575
1090	0.292444080114365
1091	0.292706698179245
1092	0.292968183755875
1093	0.293232262134552
1094	0.293627321720123
1095	0.293918669223785
1096	0.294099241495132
1097	0.294299870729446
1098	0.294549405574799
1099	0.294925630092621
1100	0.295255213975906
1101	0.295646280050278
1102	0.295990645885468
1103	0.296367645263672
1104	0.296592265367508
1105	0.296672493219376
1106	0.296918362379074
1107	0.29710265994072
1108	0.297372370958328
1109	0.297855317592621
1110	0.298242568969727
1111	0.298386245965958
1112	0.298569798469543
1113	0.298900157213211
1114	0.299225479364395
1115	0.299498945474625
1116	0.299883753061295
1117	0.300161600112915
1118	0.300238490104675
1119	0.300507247447968
1120	0.30094838142395
1121	0.301221132278442
1122	0.301383227109909
1123	0.30167755484581
1124	0.301946640014648
1125	0.30230450630188
1126	0.302703678607941
1127	0.302985042333603
1128	0.303240239620209
1129	0.303542703390121
1130	0.303831845521927
1131	0.304190129041672
1132	0.304512202739716
1133	0.304754316806793
1134	0.305060058832169
1135	0.305432200431824
1136	0.305774509906769
1137	0.306175768375397
1138	0.306472420692444
1139	0.306720644235611
1140	0.30689749121666
1141	0.307069212198257
1142	0.307373195886612
1143	0.307743161916733
1144	0.308046370744705
1145	0.308352380990982
1146	0.308665841817856
1147	0.308930605649948
1148	0.309120684862137
1149	0.309424877166748
1150	0.309767574071884
1151	0.31007444858551
1152	0.310368478298187
1153	0.310791045427322
1154	0.311170786619186
1155	0.311425715684891
1156	0.311714291572571
1157	0.312034875154495
1158	0.312323421239853
1159	0.312674313783646
1160	0.313085198402405
1161	0.313407778739929
1162	0.313713163137436
1163	0.313969433307648
1164	0.314272463321686
1165	0.31455260515213
1166	0.314865231513977
1167	0.315212368965149
1168	0.315535336732864
1169	0.315820217132568
1170	0.316204845905304
1171	0.316613078117371
1172	0.316973507404327
1173	0.317254513502121
1174	0.317510336637497
1175	0.317789644002914
1176	0.318096905946732
1177	0.318457305431366
1178	0.318775147199631
1179	0.319107830524445
1180	0.319431483745575
1181	0.319731861352921
1182	0.320008784532547
1183	0.320328116416931
1184	0.320638835430145
1185	0.320947378873825
1186	0.321281284093857
1187	0.321625769138336
1188	0.32196056842804
1189	0.322259306907654
1190	0.322555333375931
1191	0.322897225618362
1192	0.323249399662018
1193	0.323561668395996
1194	0.323895394802094
1195	0.324261069297791
1196	0.324602752923965
1197	0.324941754341125
1198	0.325250744819641
1199	0.325504064559937
1200	0.325845658779144
1201	0.326250314712524
1202	0.326570212841034
1203	0.326858788728714
1204	0.327223271131516
1205	0.327559381723404
1206	0.327842742204666
1207	0.328222453594208
1208	0.328595370054245
1209	0.328850716352463
1210	0.329157739877701
1211	0.32953953742981
1212	0.329884052276611
1213	0.33022329211235
1214	0.330544620752335
1215	0.330913633108139
1216	0.331301599740982
1217	0.331682235002518
1218	0.332054406404495
1219	0.332460969686508
1220	0.332810550928116
1221	0.333085358142853
1222	0.333397388458252
1223	0.333762943744659
1224	0.334131330251694
1225	0.334501206874847
1226	0.334877073764801
1227	0.335218369960785
1228	0.335541099309921
1229	0.335895657539368
1230	0.336240231990814
1231	0.336588323116302
1232	0.336911708116531
1233	0.337215691804886
1234	0.337543517351151
1235	0.337862253189087
1236	0.338224768638611
1237	0.338582962751389
1238	0.338920593261719
1239	0.339291751384735
1240	0.339615315198898
1241	0.339930355548859
1242	0.340293109416962
1243	0.340617269277573
1244	0.340949386358261
1245	0.341296792030334
1246	0.341638833284378
1247	0.342027932405472
1248	0.34238076210022
1249	0.342716336250305
1250	0.343051075935364
1251	0.343388170003891
1252	0.343720018863678
1253	0.344126611948013
1254	0.344528347253799
1255	0.34484988451004
1256	0.345185309648514
1257	0.345546007156372
1258	0.34587299823761
1259	0.346248984336853
1260	0.346618592739105
1261	0.346908450126648
1262	0.347259759902954
1263	0.34767159819603
1264	0.348033517599106
1265	0.348336160182953
1266	0.348671346902847
1267	0.349005371332169
1268	0.34935137629509
1269	0.349715381860733
1270	0.350077331066132
1271	0.350399941205978
1272	0.350686848163605
1273	0.351004302501678
1274	0.351328045129776
1275	0.351691991090775
1276	0.352126777172089
1277	0.352500826120377
1278	0.352821618318558
1279	0.353175699710846
1280	0.353526175022125
1281	0.353846698999405
1282	0.35414782166481
1283	0.354509890079498
1284	0.354887425899506
1285	0.355189055204391
1286	0.355532288551331
1287	0.355905473232269
1288	0.356291472911835
1289	0.356640964746475
1290	0.357027471065521
1291	0.357369929552078
1292	0.357668817043304
1293	0.357976227998734
1294	0.358294576406479
1295	0.358685791492462
1296	0.359114587306976
1297	0.359486222267151
1298	0.359821379184723
1299	0.360193252563477
1300	0.360581815242767
1301	0.36091411113739
1302	0.361285001039505
1303	0.361691266298294
1304	0.362031877040863
1305	0.362344592809677
1306	0.362687766551971
1307	0.363026291131973
1308	0.363358348608017
1309	0.363661915063858
1310	0.364010006189346
1311	0.364409267902374
1312	0.364766985177994
1313	0.365073919296265
1314	0.36540812253952
1315	0.365827322006226
1316	0.366208136081696
1317	0.366554498672485
1318	0.366954922676086
1319	0.367352217435837
1320	0.367729961872101
1321	0.368087559938431
1322	0.368478059768677
1323	0.368877917528152
1324	0.369213879108429
1325	0.369577348232269
1326	0.369966268539429
1327	0.370408564805985
1328	0.370795756578445
1329	0.371159583330154
1330	0.371521264314651
1331	0.371846795082092
1332	0.372173398733139
1333	0.372543632984161
1334	0.372935682535172
1335	0.373326003551483
1336	0.373700946569443
1337	0.374031245708466
1338	0.374347656965256
1339	0.37470343708992
1340	0.375079661607742
1341	0.375448018312454
1342	0.375796169042587
1343	0.376127243041992
1344	0.376501351594925
1345	0.376869261264801
1346	0.377152919769287
1347	0.377516120672226
1348	0.377944260835648
1349	0.378307700157166
1350	0.378608912229538
1351	0.378975719213486
1352	0.379357755184174
1353	0.379677593708038
1354	0.380016505718231
1355	0.380359768867493
1356	0.380714386701584
1357	0.381108462810516
1358	0.381462752819061
1359	0.381790369749069
1360	0.38214710354805
1361	0.38246813416481
1362	0.382761865854263
1363	0.383083879947662
1364	0.3833929002285
1365	0.383667498826981
1366	0.383955597877502
1367	0.384304702281952
1368	0.384677678346634
1369	0.38502299785614
1370	0.385339289903641
1371	0.385612905025482
1372	0.38592404127121
1373	0.386257588863373
1374	0.38652902841568
1375	0.386781483888626
1376	0.387053966522217
1377	0.387316673994064
1378	0.38755601644516
1379	0.387819439172745
1380	0.388088464736938
1381	0.388313233852386
1382	0.38851410150528
1383	0.388724952936172
1384	0.38894185423851
1385	0.389119535684586
1386	0.389303356409073
1387	0.389499723911285
1388	0.389692425727844
1389	0.389918088912964
1390	0.390114635229111
1391	0.390270382165909
1392	0.39044663310051
1393	0.390615314245224
1394	0.390741258859634
1395	0.390875369310379
1396	0.391014784574509
1397	0.391166597604752
1398	0.391324281692505
1399	0.391470640897751
1400	0.391617596149445
1401	0.391787052154541
1402	0.391980946063995
1403	0.392163962125778
1404	0.392384469509125
1405	0.39262866973877
1406	0.3928282558918
1407	0.39300200343132
1408	0.393214672803879
1409	0.393443703651428
1410	0.393629670143127
1411	0.393802285194397
1412	0.394037038087845
1413	0.394279628992081
1414	0.394581109285355
1415	0.394995838403702
1416	0.395453810691834
1417	0.396033257246017
1418	0.396641343832016
1419	0.397188484668732
1420	0.397768437862396
1421	0.398344695568085
1422	0.398858040571213
1423	0.399318933486938
1424	0.399805158376694
1425	0.400258809328079
1426	0.400699704885483
1427	0.401119828224182
1428	0.401615649461746
1429	0.402102410793304
1430	0.402505338191986
1431	0.402886480093002
1432	0.403315335512161
1433	0.403747141361237
1434	0.404148995876312
1435	0.40453764796257
1436	0.404933869838715
1437	0.405303746461868
1438	0.405642122030258
1439	0.406012684106827
1440	0.406401753425598
1441	0.406773030757904
1442	0.407150477170944
1443	0.407527506351471
1444	0.407920390367508
1445	0.408298134803772
1446	0.408646762371063
1447	0.409039497375488
1448	0.409439086914063
1449	0.409828543663025
1450	0.410209000110626
1451	0.410589277744293
1452	0.410978108644485
1453	0.41133525967598
1454	0.411640465259552
1455	0.41200202703476
1456	0.412403523921967
1457	0.412777155637741
1458	0.413149416446686
1459	0.413543492555618
1460	0.413968980312347
1461	0.414312779903412
1462	0.41465562582016
1463	0.415080994367599
1464	0.415459036827087
1465	0.415769904851913
1466	0.416141122579575
1467	0.416565209627151
1468	0.416928648948669
1469	0.417260766029358
1470	0.41759592294693
1471	0.417884230613709
1472	0.418191760778427
1473	0.418547123670578
1474	0.418925702571869
1475	0.419314652681351
1476	0.419639050960541
1477	0.41999351978302
1478	0.42040428519249
1479	0.42076188325882
1480	0.42113783955574
1481	0.42151540517807
1482	0.42188361287117
1483	0.422251224517822
1484	0.422625631093979
1485	0.422989547252655
1486	0.423359513282776
1487	0.423729866743088
1488	0.424101322889328
1489	0.424491941928864
1490	0.42486783862114
1491	0.425225287675858
1492	0.425588935613632
1493	0.425948321819305
1494	0.426315754652023
1495	0.426646262407303
1496	0.426999032497406
1497	0.427361011505127
1498	0.427676141262054
1499	0.428042024374008
1500	0.428441643714905
1501	0.428779780864716
1502	0.429131746292114
1503	0.429504603147507
1504	0.429842114448547
1505	0.430202960968018
1506	0.430569261312485
1507	0.430897861719131
1508	0.43120414018631
1509	0.431513249874115
1510	0.431842625141144
1511	0.432159602642059
1512	0.432475298643112
1513	0.432833403348923
1514	0.433207720518112
1515	0.433536052703857
1516	0.433863282203674
1517	0.434219628572464
1518	0.434563338756561
1519	0.434905648231506
1520	0.435240775346756
1521	0.435594469308853
1522	0.435955375432968
1523	0.436294168233871
1524	0.436624437570572
1525	0.436991482973099
1526	0.4373659491539
1527	0.437730044126511
1528	0.438130646944046
1529	0.438475430011749
1530	0.438774913549423
1531	0.439092665910721
1532	0.43938159942627
1533	0.439711630344391
1534	0.440087467432022
1535	0.440409481525421
1536	0.440708369016647
1537	0.441041469573975
1538	0.441375732421875
1539	0.441704034805298
1540	0.442026942968369
1541	0.442374289035797
1542	0.442709624767303
1543	0.443010181188583
1544	0.443377584218979
1545	0.443721175193787
1546	0.443977981805801
1547	0.444296181201935
1548	0.444655448198318
1549	0.444986164569855
1550	0.445306897163391
1551	0.445604085922241
1552	0.445907473564148
1553	0.446237206459045
1554	0.446571588516235
1555	0.446912914514542
1556	0.447214961051941
1557	0.447473615407944
1558	0.447780221700668
1559	0.448132425546646
1560	0.448446184396744
1561	0.448748052120209
1562	0.44908007979393
1563	0.449395775794983
1564	0.449725389480591
1565	0.45008373260498
1566	0.450393825769424
1567	0.450731724500656
1568	0.451142132282257
1569	0.451484620571136
1570	0.451775699853897
1571	0.452108383178711
1572	0.452458083629608
1573	0.452765643596649
1574	0.453045725822449
1575	0.453382730484009
1576	0.453719764947891
1577	0.454000264406204
1578	0.454297304153442
1579	0.454661965370178
1580	0.454993724822998
1581	0.455262422561646
1582	0.455576032400131
1583	0.455941706895828
1584	0.45625975728035
1585	0.456544607877731
1586	0.456868559122086
1587	0.457202047109604
1588	0.457531630992889
1589	0.457893580198288
1590	0.458220422267914
1591	0.458505570888519
1592	0.458819717168808
1593	0.459141135215759
1594	0.459453612565994
1595	0.459748536348343
1596	0.460078150033951
1597	0.4604332447052
1598	0.460761934518814
1599	0.461066573858261
1600	0.461437433958054
1601	0.461852729320526
1602	0.462151736021042
1603	0.462422281503677
1604	0.462760955095291
1605	0.463037341833115
1606	0.463285386562347
1607	0.463615119457245
1608	0.463962078094482
1609	0.464285790920258
1610	0.46464017033577
1611	0.464996695518494
1612	0.465315520763397
1613	0.465635597705841
1614	0.465981811285019
1615	0.466312527656555
1616	0.46663224697113
1617	0.466965168714523
1618	0.467257857322693
1619	0.467565417289734
1620	0.467944443225861
1621	0.468299776315689
1622	0.468585669994354
1623	0.468911021947861
1624	0.469264179468155
1625	0.469533711671829
1626	0.469820886850357
1627	0.470146477222443
1628	0.470437169075012
1629	0.470747321844101
1630	0.471052199602127
1631	0.471302211284637
1632	0.471585959196091
1633	0.471940696239471
1634	0.472263902425766
1635	0.472542971372604
1636	0.47281950712204
1637	0.473104864358902
1638	0.473430663347244
1639	0.473749756813049
1640	0.474069327116013
1641	0.474405944347382
1642	0.474705189466476
1643	0.475042909383774
1644	0.47539147734642
1645	0.475681245326996
1646	0.475991785526276
1647	0.476306706666946
1648	0.476640790700912
1649	0.477001637220383
1650	0.477306097745895
1651	0.477610975503922
1652	0.477969408035278
1653	0.478294849395752
1654	0.478555589914322
1655	0.478886753320694
1656	0.47928175330162
1657	0.479613095521927
1658	0.479955583810806
1659	0.480300337076187
1660	0.480599939823151
1661	0.480942726135254
1662	0.48127755522728
1663	0.481548011302948
1664	0.481877267360687
1665	0.482271611690521
1666	0.482571721076965
1667	0.482845485210419
1668	0.483149230480194
1669	0.483396261930466
1670	0.483703881502151
1671	0.484093576669693
1672	0.484398990869522
1673	0.484623908996582
1674	0.484874784946442
1675	0.485175549983978
1676	0.485493361949921
1677	0.485766977071762
1678	0.486035615205765
1679	0.48632538318634
1680	0.486576437950134
1681	0.48686295747757
1682	0.487219631671906
1683	0.487531960010529
1684	0.487794190645218
1685	0.488103181123734
1686	0.488419204950333
1687	0.488678604364395
1688	0.488969922065735
1689	0.489316314458847
1690	0.489596009254456
1691	0.489843815565109
1692	0.490108847618103
1693	0.490338683128357
1694	0.490656226873398
1695	0.490998566150665
1696	0.491222649812698
1697	0.491498023271561
1698	0.491809874773026
1699	0.492103308439255
1700	0.492430567741394
1701	0.492740720510483
1702	0.49303525686264
1703	0.493274569511414
1704	0.493588596582413
1705	0.494005590677261
1706	0.494272083044052
1707	0.494490146636963
1708	0.494804292917252
1709	0.495104223489761
1710	0.49543309211731
1711	0.495832890272141
1712	0.496154874563217
1713	0.496439427137375
1714	0.496778190135956
1715	0.497054040431976
1716	0.497266501188278
1717	0.497524172067642
1718	0.49786388874054
1719	0.498187392950058
1720	0.49848347902298
1721	0.498839527368546
1722	0.499088823795319
1723	0.499246269464493
1724	0.499502450227737
1725	0.499773591756821
1726	0.499976992607117
1727	0.500202834606171
1728	0.500550985336304
1729	0.500879406929016
1730	0.501091539859772
1731	0.501331865787506
1732	0.501601874828339
1733	0.501857995986938
1734	0.502132952213287
1735	0.502446115016937
1736	0.502730906009674
1737	0.502963840961456
1738	0.503266155719757
1739	0.503557741641998
1740	0.503786265850067
1741	0.504032552242279
1742	0.504253685474396
1743	0.504461944103241
1744	0.504680454730988
1745	0.504917442798615
1746	0.505145311355591
1747	0.505342066287994
1748	0.505612134933472
1749	0.505906164646149
1750	0.506118297576904
1751	0.506366789340973
1752	0.506648719310761
1753	0.506830334663391
1754	0.507020175457001
1755	0.507285058498383
1756	0.507567822933197
1757	0.50780177116394
1758	0.508076071739197
1759	0.508335292339325
1760	0.508509516716003
1761	0.508717954158783
1762	0.50896680355072
1763	0.509257793426514
1764	0.509562790393829
1765	0.509826302528381
1766	0.510103583335876
1767	0.510404169559479
1768	0.510720908641815
1769	0.51100218296051
1770	0.511283993721008
1771	0.511528968811035
1772	0.511764109134674
1773	0.512106418609619
1774	0.512468695640564
1775	0.512735903263092
1776	0.512975692749023
1777	0.513236522674561
1778	0.513492286205292
1779	0.513715326786041
1780	0.513912975788116
1781	0.514192461967468
1782	0.514490067958832
1783	0.514776825904846
1784	0.515080749988556
1785	0.515340924263
1786	0.515594065189362
1787	0.515843272209167
1788	0.516133248806
1789	0.516421914100647
1790	0.516663491725922
1791	0.516975522041321
1792	0.517328560352325
1793	0.517621338367462
1794	0.51786881685257
1795	0.518083214759827
1796	0.518258929252625
1797	0.51849102973938
1798	0.518808543682098
1799	0.519122898578644
1800	0.519435226917267
1801	0.518178641796112
1802	0.518465995788574
1803	0.518795907497406
1804	0.519185960292816
1805	0.51949018239975
1806	0.519596338272095
1807	0.520063698291779
1808	0.520487546920776
1809	0.520843863487244
1810	0.521214842796326
1811	0.521740317344666
1812	0.522118926048279
1813	0.52241724729538
1814	0.522628366947174
1815	0.522758364677429
1816	0.523091495037079
1817	0.523534774780273
1818	0.523727118968964
1819	0.523960769176483
1820	0.524238646030426
1821	0.524572372436523
1822	0.5248002409935
1823	0.525184631347656
1824	0.525684177875519
1825	0.526033580303192
1826	0.526233613491058
1827	0.526539385318756
1828	0.526807904243469
1829	0.526998221874237
1830	0.527257680892944
1831	0.527500569820404
1832	0.5279461145401
1833	0.528290152549744
1834	0.528520345687866
1835	0.528772175312042
1836	0.529050230979919
1837	0.529331028461456
1838	0.529639303684235
1839	0.529979646205902
1840	0.530430853366852
1841	0.530668139457703
1842	0.530813992023468
1843	0.531140148639679
1844	0.531462073326111
1845	0.531742811203003
1846	0.531997442245483
1847	0.532182812690735
1848	0.532468855381012
1849	0.532793164253235
1850	0.533131718635559
1851	0.533396542072296
1852	0.533636093139648
1853	0.533908307552338
1854	0.534112989902496
1855	0.534310936927795
1856	0.534560024738312
1857	0.534815907478333
1858	0.535030364990234
1859	0.535222828388214
1860	0.535570442676544
1861	0.535781145095825
1862	0.535930693149567
1863	0.536022782325745
1864	0.536021947860718
1865	0.536048054695129
1866	0.536147594451904
1867	0.53631329536438
1868	0.536564707756042
1869	0.536705493927002
1870	0.536795318126678
1871	0.536922872066498
1872	0.536906123161316
1873	0.536770761013031
1874	0.536636769771576
1875	0.536548316478729
1876	0.536457657814026
1877	0.536303758621216
1878	0.536106586456299
1879	0.535923421382904
1880	0.535754501819611
1881	0.535621225833893
1882	0.53545469045639
1883	0.53530740737915
1884	0.535127937793732
1885	0.534931600093842
1886	0.534511566162109
1887	0.534148275852203
1888	0.533832669258118
1889	0.533294320106506
1890	0.532788217067719
1891	0.532383024692535
1892	0.531909942626953
1893	0.531440019607544
1894	0.530971229076386
1895	0.530423581600189
1896	0.529769062995911
1897	0.529106497764587
1898	0.528535604476929
1899	0.52791166305542
1900	0.527293682098389
1901	0.526850283145905
1902	0.526470422744751
1903	0.526034772396088
1904	0.525561094284058
1905	0.525089621543884
1906	0.52461439371109
1907	0.524226665496826
1908	0.523938179016113
1909	0.523830056190491
1910	0.523839294910431
1911	0.52370822429657
1912	0.523561358451843
1913	0.52352237701416
1914	0.523595869541168
1915	0.523665010929108
1916	0.523792326450348
1917	0.523896455764771
1918	0.524067401885986
1919	0.524205088615417
1920	0.52442878484726
1921	0.52476841211319
1922	0.524970471858978
1923	0.52519953250885
1924	0.525498807430267
1925	0.52579265832901
1926	0.526091873645782
1927	0.526530027389526
1928	0.526948988437653
1929	0.527290046215057
1930	0.527592301368713
1931	0.527737975120544
1932	0.527849316596985
1933	0.52814781665802
1934	0.528558492660522
1935	0.528955936431885
1936	0.529279232025146
1937	0.529648244380951
1938	0.529801368713379
1939	0.529956042766571
1940	0.530310034751892
1941	0.530610084533691
1942	0.53085857629776
1943	0.531212985515594
1944	0.531639814376831
1945	0.53205806016922
1946	0.532371580600739
1947	0.532733976840973
1948	0.533057034015656
1949	0.53325617313385
1950	0.533393383026123
1951	0.533843338489532
1952	0.534204542636871
1953	0.534446239471436
1954	0.534989476203918
1955	0.535444796085358
1956	0.535855889320374
1957	0.53625500202179
1958	0.536710679531097
1959	0.537128984928131
1960	0.537527680397034
1961	0.538185060024261
1962	0.538712203502655
1963	0.538942813873291
1964	0.539385616779327
1965	0.539929151535034
1966	0.540289521217346
1967	0.540674805641174
1968	0.541190683841705
1969	0.541704595088959
1970	0.542175233364105
1971	0.542496562004089
1972	0.542926549911499
1973	0.543445885181427
1974	0.543869376182556
1975	0.544378340244293
1976	0.545169949531555
1977	0.545861661434174
1978	0.546339333057404
1979	0.546516895294189
1980	0.547041356563568
1981	0.54763126373291
1982	0.548051476478577
1983	0.548737347126007
1984	0.549471139907837
1985	0.549845159053802
1986	0.550253212451935
1987	0.550857782363892
1988	0.551451742649078
1989	0.551970601081848
1990	0.552395164966583
1991	0.552939295768738
1992	0.553524672985077
1993	0.554005146026611
1994	0.554417908191681
1995	0.555074632167816
1996	0.555734217166901
1997	0.556122243404388
1998	0.556644558906555
1999	0.557346880435944
2000	0.557932913303375
2001	0.558502376079559
2002	0.559106230735779
2003	0.55987012386322
2004	0.560384631156921
2005	0.560667872428894
2006	0.561192393302917
2007	0.561843276023865
2008	0.562437891960144
2009	0.563153684139252
2010	0.563808381557465
2011	0.564183056354523
2012	0.564693868160248
2013	0.565339386463165
2014	0.566222786903381
2015	0.566863715648651
2016	0.567469477653503
2017	0.568104267120361
2018	0.568689286708832
2019	0.569125175476074
2020	0.569799065589905
2021	0.570611894130707
2022	0.57111644744873
2023	0.57151597738266
2024	0.572055339813232
2025	0.572674155235291
2026	0.573202729225159
2027	0.573762774467468
2028	0.574405252933502
2029	0.575052380561829
2030	0.575550854206085
2031	0.57596743106842
2032	0.576660990715027
2033	0.577263832092285
2034	0.577731311321259
2035	0.578206241130829
2036	0.578750491142273
2037	0.579416334629059
2038	0.579983234405518
2039	0.580493211746216
2040	0.58112633228302
2041	0.581709682941437
2042	0.58201140165329
2043	0.582471311092377
2044	0.583081126213074
2045	0.583793103694916
2046	0.58416473865509
2047	0.584634304046631
2048	0.585232615470886
2049	0.585643291473389
2050	0.586038589477539
2051	0.586364328861237
2052	0.586860477924347
2053	0.587469518184662
2054	0.587839663028717
2055	0.588099539279938
2056	0.58856213092804
2057	0.589052557945251
2058	0.589336454868317
2059	0.589640259742737
2060	0.590324819087982
2061	0.590728640556335
2062	0.590784788131714
2063	0.591355264186859
2064	0.591959834098816
2065	0.592356204986572
2066	0.59260106086731
2067	0.593062460422516
2068	0.593558847904205
2069	0.59393322467804
2070	0.594324469566345
2071	0.594739377498627
2072	0.595299422740936
2073	0.595573663711548
2074	0.595756530761719
2075	0.596261084079742
2076	0.596731066703796
2077	0.597247719764709
2078	0.597721457481384
2079	0.598463356494904
2080	0.598942220211029
2081	0.59912121295929
2082	0.599434971809387
2083	0.599763929843903
2084	0.600185751914978
2085	0.600660145282745
2086	0.60111278295517
2087	0.601573407649994
2088	0.601984620094299
2089	0.602243721485138
2090	0.602591037750244
2091	0.602913379669189
2092	0.603183269500732
2093	0.603544056415558
2094	0.603914558887482
2095	0.604394674301147
2096	0.605189383029938
2097	0.605581223964691
2098	0.60565972328186
2099	0.605992615222931
2100	0.606157541275024
2101	0.606584846973419
2102	0.607020258903503
2103	0.60743921995163
2104	0.607957601547241
2105	0.608435869216919
2106	0.608932316303253
2107	0.609756350517273
2108	0.610217809677124
2109	0.610280454158783
2110	0.610640108585358
2111	0.611108660697937
2112	0.611530601978302
2113	0.612046539783478
2114	0.612505614757538
2115	0.612874925136566
2116	0.613215506076813
2117	0.613938987255096
2118	0.614550590515137
2119	0.614983379840851
2120	0.615700662136078
2121	0.6162269115448
2122	0.616480767726898
2123	0.616921067237854
2124	0.617534458637238
2125	0.617961883544922
2126	0.618290543556213
2127	0.61871212720871
2128	0.619111239910126
2129	0.619519650936127
2130	0.620041728019714
2131	0.620401799678802
2132	0.620672106742859
2133	0.620908558368683
2134	0.621120870113373
2135	0.621316313743591
2136	0.621744334697723
2137	0.622132003307343
2138	0.622239708900452
2139	0.622171998023987
2140	0.622183978557587
2141	0.622008621692657
2142	0.621889054775238
2143	0.62181031703949
2144	0.621754288673401
2145	0.621679067611694
2146	0.621545135974884
2147	0.621534287929535
2148	0.621392011642456
2149	0.621164917945862
2150	0.620741903781891
2151	0.620264232158661
2152	0.619971215724945
2153	0.619820713996887
2154	0.619507014751434
2155	0.619133293628693
2156	0.618744313716888
2157	0.61841893196106
2158	0.618050992488861
2159	0.617559134960175
2160	0.617141485214233
2161	0.616567552089691
2162	0.615667045116425
2163	0.615032315254211
2164	0.614669799804688
2165	0.613962590694427
2166	0.612996518611908
2167	0.612223029136658
2168	0.611532211303711
2169	0.61081326007843
2170	0.610345900058746
2171	0.609842002391815
2172	0.609269797801971
2173	0.608512401580811
2174	0.607904136180878
2175	0.607428193092346
2176	0.606752216815948
2177	0.605920970439911
2178	0.605220437049866
2179	0.604540705680847
2180	0.603841841220856
2181	0.60323441028595
2182	0.602488458156586
2183	0.601695835590363
2184	0.600822269916534
2185	0.599767625331879
2186	0.598789036273956
2187	0.598044753074646
2188	0.59707111120224
2189	0.596089005470276
2190	0.595225870609283
2191	0.594261527061462
2192	0.593001008033752
2193	0.59211528301239
2194	0.591384887695313
2195	0.590718150138855
2196	0.590375661849976
2197	0.589719533920288
2198	0.588849127292633
2199	0.588298439979553
2200	0.587803542613983
2201	0.587196290493011
2202	0.586658537387848
2203	0.586357712745667
2204	0.58615380525589
2205	0.585675895214081
2206	0.585678100585938
2207	0.585936307907104
2208	0.585700571537018
2209	0.585674285888672
2210	0.586007535457611
2211	0.586501002311707
2212	0.587245523929596
2213	0.5885990858078
2214	0.5894575715065
2215	0.590251922607422
2216	0.590989232063293
2217	0.591612040996552
2218	0.592197835445404
2219	0.592741847038269
2220	0.593289613723755
2221	0.593705594539642
2222	0.594118297100067
2223	0.594547748565674
2224	0.595083177089691
2225	0.595934152603149
2226	0.596077024936676
2227	0.596414685249329
2228	0.596982598304749
2229	0.597100555896759
2230	0.597396075725555
2231	0.597649753093719
2232	0.597560524940491
2233	0.597693860530853
2234	0.597775757312775
2235	0.598055124282837
2236	0.598663926124573
2237	0.598753988742828
2238	0.598645508289337
2239	0.598670601844788
2240	0.598401188850403
2241	0.598341941833496
2242	0.59859174489975
2243	0.598615169525146
2244	0.598376274108887
2245	0.598382949829102
2246	0.598568856716156
2247	0.598640859127045
2248	0.598727464675903
2249	0.598875045776367
2250	0.598893225193024
2251	0.598738312721252
2252	0.599011421203613
2253	0.599372923374176
2254	0.59895133972168
2255	0.598903179168701
2256	0.599289298057556
2257	0.59968501329422
2258	0.600019514560699
2259	0.601133108139038
2260	0.601474344730377
2261	0.600895047187805
2262	0.601174235343933
2263	0.60202544927597
2264	0.602310121059418
2265	0.602519869804382
2266	0.602731764316559
2267	0.602439224720001
2268	0.602581322193146
2269	0.603389382362366
2270	0.603657126426697
2271	0.60345584154129
2272	0.603736996650696
2273	0.604245603084564
2274	0.604282259941101
2275	0.604643046855927
2276	0.605324804782867
2277	0.60547810792923
2278	0.605314970016479
2279	0.605424761772156
2280	0.605480670928955
2281	0.605354905128479
2282	0.60532134771347
2283	0.605453550815582
2284	0.605838418006897
2285	0.605765759944916
2286	0.60560405254364
2287	0.605576753616333
2288	0.605174481868744
2289	0.605044662952423
2290	0.605395197868347
2291	0.605398893356323
2292	0.605107009410858
2293	0.605029463768005
2294	0.605186104774475
2295	0.604881167411804
2296	0.604159712791443
2297	0.603972256183624
2298	0.603864192962646
2299	0.603611648082733
2300	0.60374391078949
2301	0.603714406490326
2302	0.603386461734772
2303	0.602911055088043
2304	0.603228807449341
2305	0.603372871875763
2306	0.603067398071289
2307	0.603095889091492
2308	0.602926135063171
2309	0.602639496326447
2310	0.602772533893585
2311	0.60271430015564
2312	0.602857947349548
2313	0.603256583213806
2314	0.603109955787659
2315	0.602824926376343
2316	0.602792739868164
2317	0.602487623691559
2318	0.602388918399811
2319	0.602783620357513
2320	0.602861702442169
2321	0.602544784545898
2322	0.602546691894531
2323	0.603006422519684
2324	0.603033840656281
2325	0.602643847465515
2326	0.602516412734985
2327	0.602386057376862
2328	0.602311372756958
2329	0.602638363838196
2330	0.602551341056824
2331	0.601830661296844
2332	0.601625382900238
2333	0.601808309555054
2334	0.601799368858337
2335	0.60225647687912
2336	0.601869463920593
2337	0.601417601108551
2338	0.601284563541412
2339	0.601200938224792
2340	0.600933730602264
2341	0.600462317466736
2342	0.600107550621033
2343	0.600170791149139
2344	0.600739359855652
2345	0.600886940956116
2346	0.600244641304016
2347	0.600048840045929
2348	0.600059330463409
2349	0.599862456321716
2350	0.600068330764771
2351	0.600169956684113
2352	0.599797427654266
2353	0.599566757678986
2354	0.600047767162323
2355	0.600551009178162
2356	0.600332975387573
2357	0.600718140602112
2358	0.601428985595703
2359	0.60106760263443
2360	0.60089784860611
2361	0.600871562957764
2362	0.600458025932312
2363	0.600636661052704
2364	0.601786434650421
2365	0.60220742225647
2366	0.602514922618866
2367	0.602747797966003
2368	0.602449834346771
2369	0.602186322212219
2370	0.601819157600403
2371	0.601893067359924
2372	0.602467596530914
2373	0.602522134780884
2374	0.60250198841095
2375	0.602636098861694
2376	0.602371633052826
2377	0.6017165184021
2378	0.60181736946106
2379	0.601931631565094
2380	0.6016446352005
2381	0.6014364361763
2382	0.601198852062225
2383	0.601853787899017
2384	0.602760910987854
2385	0.601851284503937
2386	0.600970685482025
2387	0.601074516773224
2388	0.600838661193848
2389	0.600734353065491
2390	0.600950360298157
2391	0.600495159626007
2392	0.599901735782623
2393	0.600141406059265
2394	0.599802136421204
2395	0.599018454551697
2396	0.599488735198975
2397	0.600160717964172
2398	0.599938273429871
2399	0.599693119525909
2400	0.599458336830139
2401	0.599006831645966
2402	0.599567532539368
2403	0.600592017173767
2404	0.599837362766266
2405	0.598879635334015
2406	0.599256157875061
2407	0.598961472511292
2408	0.598277449607849
2409	0.598037242889404
2410	0.598058104515076
2411	0.598478019237518
2412	0.598231852054596
2413	0.59751969575882
2414	0.59728080034256
2415	0.596475720405579
2416	0.59614235162735
2417	0.597033560276031
2418	0.596729338169098
2419	0.595852911472321
2420	0.59570437669754
2421	0.596401929855347
2422	0.596836686134338
2423	0.596033811569214
2424	0.595097243785858
2425	0.594006478786469
2426	0.593108236789703
2427	0.59278404712677
2428	0.592765331268311
2429	0.592353880405426
2430	0.591954469680786
2431	0.592177331447601
2432	0.59218966960907
2433	0.591918528079987
2434	0.590993463993073
2435	0.590577602386475
2436	0.590252637863159
2437	0.590094387531281
2438	0.590087711811066
2439	0.590206682682037
2440	0.590823531150818
2441	0.590654671192169
2442	0.590612649917603
2443	0.590023577213287
2444	0.587954699993134
2445	0.587378859519959
2446	0.587408244609833
2447	0.587148010730743
2448	0.5875284075737
2449	0.587027251720428
2450	0.585572838783264
2451	0.585516333580017
2452	0.586773633956909
2453	0.58636611700058
2454	0.584839105606079
2455	0.584971010684967
2456	0.584869801998138
2457	0.584640383720398
2458	0.586570680141449
2459	0.587184488773346
2460	0.585515201091766
2461	0.58525550365448
2462	0.586808145046234
2463	0.586777806282043
2464	0.585036277770996
2465	0.585104167461395
2466	0.586470901966095
2467	0.585786461830139
2468	0.584405660629272
2469	0.584278881549835
2470	0.583327829837799
2471	0.582200109958649
2472	0.581830859184265
2473	0.582887291908264
2474	0.584663391113281
2475	0.584441542625427
2476	0.585481822490692
2477	0.585530400276184
2478	0.581579089164734
2479	0.579876780509949
2480	0.579865574836731
2481	0.580200433731079
2482	0.580098927021027
2483	0.581840813159943
2484	0.589073717594147
2485	0.58955180644989
2486	0.584693312644959
2487	0.58447253704071
2488	0.583686947822571
2489	0.581258058547974
2490	0.579746782779694
2491	0.581175446510315
2492	0.581706583499908
2493	0.581258296966553
2494	0.587804019451141
2495	0.588028430938721
2496	0.577053129673004
2497	0.575179934501648
2498	0.578577399253845
2499	0.579352736473084
2500	0.584125876426697
