350	0.0971129015088081
351	0.0980861186981201
352	0.0993288680911064
353	0.0982305034995079
354	0.0959729999303818
355	0.0957277193665504
356	0.0987689048051834
357	0.10062014311552
358	0.0970692709088326
359	0.0955212712287903
360	0.09373739361763
361	0.0909267514944077
362	0.0942550301551819
363	0.0975417792797089
364	0.0978518724441528
365	0.0955234691500664
366	0.0964553728699684
367	0.0996833443641663
368	0.100092448294163
369	0.0984392911195755
370	0.0978991240262985
371	0.101236827671528
372	0.101946637034416
373	0.101625174283981
374	0.101802088320255
375	0.100617811083794
376	0.10052403062582
377	0.101912289857864
378	0.102296724915504
379	0.102043934166431
380	0.101924024522305
381	0.10311433672905
382	0.103451952338219
383	0.103617586195469
384	0.104663535952568
385	0.10475642234087
386	0.104595996439457
387	0.104893006384373
388	0.105702787637711
389	0.106529764831066
390	0.107107199728489
391	0.107421405613422
392	0.107446759939194
393	0.107643313705921
394	0.108741663396358
395	0.109157480299473
396	0.109420716762543
397	0.110318057239056
398	0.110592491924763
399	0.110875010490417
400	0.111641265451908
401	0.112540073692799
402	0.113247290253639
403	0.113742351531982
404	0.114442445337772
405	0.114743337035179
406	0.114778526127338
407	0.115045331418514
408	0.115318804979324
409	0.115690864622593
410	0.116247855126858
411	0.116595454514027
412	0.116992495954037
413	0.117627367377281
414	0.118354775011539
415	0.119205474853516
416	0.119942113757133
417	0.119803301990032
418	0.120027028024197
419	0.120763793587685
420	0.12163720279932
421	0.122095800936222
422	0.122390799224377
423	0.122907996177673
424	0.123407885432243
425	0.124089233577251
426	0.124977827072144
427	0.125534415245056
428	0.12601213157177
429	0.126589730381966
430	0.127397537231445
431	0.128212094306946
432	0.129048421978951
433	0.130030259490013
434	0.130811288952827
435	0.131504818797112
436	0.132272735238075
437	0.132788360118866
438	0.133406907320023
439	0.134314611554146
440	0.135081574320793
441	0.136015325784683
442	0.137062981724739
443	0.137658223509789
444	0.138371348381042
445	0.139199018478394
446	0.139870837330818
447	0.140542477369308
448	0.141220241785049
449	0.141906380653381
450	0.142832010984421
451	0.143543884158134
452	0.143879130482674
453	0.144529834389687
454	0.145356968045235
455	0.146196737885475
456	0.146808460354805
457	0.147407546639442
458	0.148053824901581
459	0.148742094635963
460	0.14934316277504
461	0.149750351905823
462	0.149972528219223
463	0.15051344037056
464	0.151221007108688
465	0.15189391374588
466	0.152291163802147
467	0.152772650122643
468	0.153385996818542
469	0.15386900305748
470	0.154365360736847
471	0.154935747385025
472	0.155602961778641
473	0.156213998794556
474	0.156769901514053
475	0.157301172614098
476	0.157836094498634
477	0.158298954367638
478	0.158713787794113
479	0.159333392977715
480	0.159991711378098
481	0.160564392805099
482	0.160925954580307
483	0.161562249064445
484	0.162357062101364
485	0.162983328104019
486	0.163301065564156
487	0.163755893707275
488	0.164638191461563
489	0.165347307920456
490	0.165955886244774
491	0.166571408510208
492	0.167333647608757
493	0.168128207325935
494	0.168883517384529
495	0.169535651803017
496	0.170186221599579
497	0.170908093452454
498	0.171719178557396
499	0.172280460596085
500	0.172867670655251
501	0.173684298992157
502	0.174523159861565
503	0.175294265151024
504	0.176017701625824
505	0.176892712712288
506	0.17766834795475
507	0.178361222147942
508	0.179124400019646
509	0.1799026876688
510	0.18067167699337
511	0.181426167488098
512	0.182234868407249
513	0.183075353503227
514	0.183915048837662
515	0.184713661670685
516	0.185473650693893
517	0.186219811439514
518	0.187005206942558
519	0.187802240252495
520	0.188631653785706
521	0.189520642161369
522	0.190340742468834
523	0.191133737564087
524	0.19195468723774
525	0.192752733826637
526	0.193579688668251
527	0.194449588656425
528	0.19530363380909
529	0.196150973439217
530	0.19700300693512
531	0.197881415486336
532	0.198778614401817
533	0.199678435921669
534	0.200564041733742
535	0.201423421502113
536	0.202317267656326
537	0.203279450535774
538	0.204214200377464
539	0.205151632428169
540	0.206097334623337
541	0.206999018788338
542	0.207942306995392
543	0.208933189511299
544	0.209929883480072
545	0.210918292403221
546	0.211926445364952
547	0.212980404496193
548	0.214017704129219
549	0.215096607804298
550	0.216242253780365
551	0.217367559671402
552	0.218562200665474
553	0.219842135906219
554	0.221153393387794
555	0.22247838973999
556	0.223787799477577
557	0.225054606795311
558	0.226264074444771
559	0.227467909455299
560	0.228705227375031
561	0.229877710342407
562	0.23105676472187
563	0.232264637947083
564	0.233412891626358
565	0.234541162848473
566	0.235680252313614
567	0.236851215362549
568	0.237961888313293
569	0.239065021276474
570	0.240234732627869
571	0.241328433156013
572	0.242338210344315
573	0.243306443095207
574	0.244372069835663
575	0.245488673448563
576	0.246606335043907
577	0.247675701975822
578	0.248722240328789
579	0.249740689992905
580	0.250726848840714
581	0.251749008893967
582	0.25275257229805
583	0.253677129745483
584	0.254548192024231
585	0.255406081676483
586	0.256274312734604
587	0.257128834724426
588	0.258004277944565
589	0.258886277675629
590	0.259719908237457
591	0.260459274053574
592	0.261147558689117
593	0.261845082044601
594	0.262448102235794
595	0.262990355491638
596	0.263539403676987
597	0.264233320951462
598	0.26500341296196
599	0.265779942274094
600	0.266505092382431
601	0.267253577709198
602	0.268009662628174
603	0.268726974725723
604	0.26939794421196
605	0.270072847604752
606	0.270787805318832
607	0.271460443735123
608	0.272121369838715
609	0.272785216569901
610	0.273431122303009
611	0.274046689271927
612	0.274659901857376
613	0.275324702262878
614	0.275939613580704
615	0.276545375585556
616	0.277193307876587
617	0.277762860059738
618	0.2783422768116
619	0.278971880674362
620	0.279537171125412
621	0.28007185459137
622	0.280613362789154
623	0.281217008829117
624	0.281793981790543
625	0.282341241836548
626	0.282885938882828
627	0.283399283885956
628	0.283911347389221
629	0.284452080726624
630	0.285020977258682
631	0.285565972328186
632	0.286083430051804
633	0.286642163991928
634	0.287134289741516
635	0.287597298622131
636	0.288132756948471
637	0.288676053285599
638	0.289214193820953
639	0.289739549160004
640	0.290231734514236
641	0.290745466947556
642	0.291294515132904
643	0.291818559169769
644	0.292337834835052
645	0.2928546667099
646	0.293365687131882
647	0.293890476226807
648	0.29441437125206
649	0.294919312000275
650	0.295406401157379
651	0.295891225337982
652	0.296390235424042
653	0.296928435564041
654	0.297417491674423
655	0.297871798276901
656	0.298393279314041
657	0.298905372619629
658	0.299396246671677
659	0.299872577190399
660	0.300349742174149
661	0.300840973854065
662	0.301341772079468
663	0.301805317401886
664	0.302294731140137
665	0.302813619375229
666	0.303304553031921
667	0.303777188062668
668	0.304256945848465
669	0.304771304130554
670	0.305255204439163
671	0.305718660354614
672	0.30618491768837
673	0.306679606437683
674	0.307166039943695
675	0.307638645172119
676	0.308132469654083
677	0.308603405952454
678	0.309065371751785
679	0.309552758932114
680	0.310048818588257
681	0.310542613267899
682	0.311026781797409
683	0.31151095032692
684	0.311992615461349
685	0.312472015619278
686	0.312961846590042
687	0.313431411981583
688	0.313889443874359
689	0.314365059137344
690	0.314846336841583
691	0.315327137708664
692	0.315806090831757
693	0.31629079580307
694	0.316771000623703
695	0.317243188619614
696	0.317710816860199
697	0.318164706230164
698	0.3186214864254
699	0.31910702586174
700	0.319566518068314
701	0.320037394762039
702	0.320548921823502
703	0.321019649505615
704	0.321478068828583
705	0.321945488452911
706	0.322429656982422
707	0.322916805744171
708	0.323397368192673
709	0.323864966630936
710	0.324334412813187
711	0.324799209833145
712	0.325255692005157
713	0.325726747512817
714	0.326199620962143
715	0.326674818992615
716	0.327184975147247
717	0.327660620212555
718	0.328099250793457
719	0.328534007072449
720	0.32898336648941
721	0.329468935728073
722	0.329986751079559
723	0.330438077449799
724	0.330893129110336
725	0.33138245344162
726	0.331868916749954
727	0.33235964179039
728	0.33284392952919
729	0.333307206630707
730	0.333753257989883
731	0.334200412034988
732	0.334668189287186
733	0.335158884525299
734	0.335647314786911
735	0.336126565933228
736	0.33661425113678
737	0.337085962295532
738	0.337548643350601
739	0.338023036718369
740	0.33850085735321
741	0.338971078395844
742	0.339430004358292
743	0.339901983737946
744	0.340391039848328
745	0.340885996818542
746	0.341358572244644
747	0.34181535243988
748	0.342267513275146
749	0.342731207609177
750	0.343204587697983
751	0.343680024147034
752	0.344152897596359
753	0.34462496638298
754	0.345089226961136
755	0.345550447702408
756	0.346026599407196
757	0.346501529216766
758	0.346974819898605
759	0.347446918487549
760	0.347887247800827
761	0.348343998193741
762	0.348830819129944
763	0.349250614643097
764	0.349683165550232
765	0.350141435861588
766	0.350583493709564
767	0.35103839635849
768	0.35148361325264
769	0.35189488530159
770	0.352321922779083
771	0.352764993906021
772	0.353217035531998
773	0.353665977716446
774	0.354088425636292
775	0.354501187801361
776	0.3549465239048
777	0.35536801815033
778	0.355786293745041
779	0.356224000453949
780	0.356646656990051
781	0.357067406177521
782	0.357487350702286
783	0.357889264822006
784	0.358286440372467
785	0.358691781759262
786	0.359117239713669
787	0.359529197216034
788	0.359922766685486
789	0.360302776098251
790	0.360683649778366
791	0.361054867506027
792	0.361417144536972
793	0.36177995800972
794	0.36213281750679
795	0.362499058246613
796	0.36289981007576
797	0.363265365362167
798	0.363614290952683
799	0.363962918519974
800	0.364301234483719
801	0.364642024040222
802	0.364976912736893
803	0.36528605222702
804	0.365630626678467
805	0.365981787443161
806	0.366305202245712
807	0.366642087697983
808	0.366973757743835
809	0.367290854454041
810	0.367598712444305
811	0.367904603481293
812	0.36820188164711
813	0.368478208780289
814	0.368752360343933
815	0.369036763906479
816	0.369335860013962
817	0.369637936353683
818	0.369939833879471
819	0.370225310325623
820	0.370467334985733
821	0.370737284421921
822	0.371021628379822
823	0.371288746595383
824	0.371544897556305
825	0.371768921613693
826	0.371975064277649
827	0.372247457504272
828	0.372496604919434
829	0.372732996940613
830	0.373006194829941
831	0.373241633176804
832	0.373452425003052
833	0.373658537864685
834	0.373849540948868
835	0.374071836471558
836	0.374319434165955
837	0.374536275863647
838	0.374743193387985
839	0.374958127737045
840	0.375190913677216
841	0.375399589538574
842	0.375594615936279
843	0.375787287950516
844	0.375983238220215
845	0.376176178455353
846	0.376370429992676
847	0.376572698354721
848	0.376759886741638
849	0.37694388628006
850	0.377136915922165
851	0.377337485551834
852	0.377547681331635
853	0.377757728099823
854	0.377947568893433
855	0.378134518861771
856	0.378320157527924
857	0.378507018089294
858	0.378723859786987
859	0.378924131393433
860	0.379093527793884
861	0.379266709089279
862	0.379451274871826
863	0.379629194736481
864	0.379781991243362
865	0.380007922649384
866	0.380231976509094
867	0.380404382944107
868	0.380568832159042
869	0.380751311779022
870	0.380946338176727
871	0.381127685308456
872	0.381314724683762
873	0.381494373083115
874	0.381661266088486
875	0.381852686405182
876	0.382047742605209
877	0.382248163223267
878	0.38247948884964
879	0.382671684026718
880	0.382832258939743
881	0.383000791072845
882	0.383254200220108
883	0.383503913879395
884	0.383702099323273
885	0.383875757455826
886	0.384086281061172
887	0.384312719106674
888	0.38450363278389
889	0.384682446718216
890	0.384887188673019
891	0.385131925344467
892	0.385378926992416
893	0.385581463575363
894	0.385764330625534
895	0.385994583368301
896	0.386230528354645
897	0.386439740657806
898	0.386615693569183
899	0.386824935674667
900	0.387076914310455
901	0.387341320514679
902	0.387553751468658
903	0.387786090373993
904	0.38802695274353
905	0.388254106044769
906	0.388487845659256
907	0.388714671134949
908	0.388934373855591
909	0.389162480831146
910	0.389409273862839
911	0.389665454626083
912	0.389914184808731
913	0.390141665935516
914	0.390390306711197
915	0.390665203332901
916	0.390910357236862
917	0.391144037246704
918	0.391392707824707
919	0.39168119430542
920	0.391979992389679
921	0.392243236303329
922	0.392461806535721
923	0.392696648836136
924	0.392949372529984
925	0.393217891454697
926	0.393494337797165
927	0.393790990114212
928	0.39411062002182
929	0.394437521696091
930	0.394718438386917
931	0.394989132881165
932	0.395262777805328
933	0.395541399717331
934	0.395816117525101
935	0.39608833193779
936	0.39636442065239
937	0.396661043167114
938	0.396927684545517
939	0.397177994251251
940	0.397465378046036
941	0.397695988416672
942	0.397961974143982
943	0.398317515850067
944	0.398586690425873
945	0.398899793624878
946	0.399249345064163
947	0.399519801139832
948	0.399750679731369
949	0.400026947259903
950	0.400388270616531
951	0.400684893131256
952	0.400951623916626
953	0.401197016239166
954	0.401408851146698
955	0.401732087135315
956	0.402063876390457
957	0.402298122644424
958	0.402541548013687
959	0.402814358472824
960	0.403126239776611
961	0.403476119041443
962	0.403733223676682
963	0.403950870037079
964	0.404217898845673
965	0.404566645622253
966	0.404906153678894
967	0.405204594135284
968	0.405488818883896
969	0.405784398317337
970	0.406083017587662
971	0.406375348567963
972	0.406695038080215
973	0.406986057758331
974	0.407247811555862
975	0.407535284757614
976	0.407857090234756
977	0.408168286085129
978	0.408447504043579
979	0.408819019794464
980	0.409126490354538
981	0.409351348876953
982	0.409602820873261
983	0.409852832555771
984	0.410174340009689
985	0.410581588745117
986	0.410830318927765
987	0.411057412624359
988	0.411318987607956
989	0.411604136228561
990	0.411915361881256
991	0.412200450897217
992	0.412434756755829
993	0.412701636552811
994	0.412994056940079
995	0.413291335105896
996	0.413561344146729
997	0.413824677467346
998	0.414057314395905
999	0.414258658885956
1000	0.414509773254395
1001	0.413733214139938
1002	0.413877487182617
1003	0.414021283388138
1004	0.414189159870148
1005	0.414390593767166
1006	0.41452294588089
1007	0.414797753095627
1008	0.415254592895508
1009	0.415563702583313
1010	0.415903627872467
1011	0.416172355413437
1012	0.416342854499817
1013	0.4165198802948
1014	0.416729331016541
1015	0.416774392127991
1016	0.41700091958046
1017	0.417264312505722
1018	0.417509257793427
1019	0.417902112007141
1020	0.41809207201004
1021	0.418098300695419
1022	0.418246001005173
1023	0.41831511259079
1024	0.418515354394913
1025	0.418971210718155
1026	0.419216156005859
1027	0.419389098882675
1028	0.419547021389008
1029	0.419739544391632
1030	0.419804215431213
1031	0.420028537511826
1032	0.420435547828674
1033	0.420669436454773
1034	0.420848548412323
1035	0.421044170856476
1036	0.421179473400116
1037	0.421343594789505
1038	0.421532660722733
1039	0.421719253063202
1040	0.421907156705856
1041	0.422070652246475
1042	0.422270029783249
1043	0.422495037317276
1044	0.422699719667435
1045	0.422973990440369
1046	0.423087745904922
1047	0.423024564981461
1048	0.423176199197769
1049	0.423323810100555
1050	0.423511385917664
1051	0.423917144536972
1052	0.42418161034584
1053	0.424393117427826
1054	0.424545794725418
1055	0.424510985612869
1056	0.424667805433273
1057	0.424880594015121
1058	0.425141900777817
1059	0.425326615571976
1060	0.425628513097763
1061	0.425814062356949
1062	0.425824373960495
1063	0.425949960947037
1064	0.426182627677917
1065	0.42632520198822
1066	0.426358759403229
1067	0.426495790481567
1068	0.426648050546646
1069	0.4268459379673
1070	0.426994293928146
1071	0.42717319726944
1072	0.427352160215378
1073	0.427479952573776
1074	0.427640199661255
1075	0.427875608205795
1076	0.428079336881638
1077	0.428206831216812
1078	0.428414195775986
1079	0.428753554821014
1080	0.428937375545502
1081	0.429020166397095
1082	0.429218888282776
1083	0.429261237382889
1084	0.429297059774399
1085	0.429483503103256
1086	0.429795295000076
1087	0.430003076791763
1088	0.430298626422882
1089	0.430484354496002
1090	0.430539309978485
1091	0.430682688951492
1092	0.4308120906353
1093	0.430976748466492
1094	0.431222915649414
1095	0.43142032623291
1096	0.431633114814758
1097	0.431776970624924
1098	0.431919485330582
1099	0.432047754526138
1100	0.432284444570541
1101	0.432673394680023
1102	0.432870745658875
1103	0.433050960302353
1104	0.433175802230835
1105	0.433060050010681
1106	0.433178454637527
1107	0.433501273393631
1108	0.433696299791336
1109	0.433954119682312
1110	0.434069156646729
1111	0.434218972921371
1112	0.434307932853699
1113	0.434426784515381
1114	0.434710085391998
1115	0.434861958026886
1116	0.434893518686295
1117	0.435049086809158
1118	0.435283839702606
1119	0.435440421104431
1120	0.435593813657761
1121	0.435767740011215
1122	0.43590584397316
1123	0.436026841402054
1124	0.436105191707611
1125	0.436343640089035
1126	0.436567515134811
1127	0.436670750379562
1128	0.436841309070587
1129	0.437083601951599
1130	0.437215656042099
1131	0.437228083610535
1132	0.437387466430664
1133	0.437574356794357
1134	0.437715202569962
1135	0.437922179698944
1136	0.438119024038315
1137	0.438255459070206
1138	0.438417553901672
1139	0.438645869493485
1140	0.438800305128098
1141	0.438930153846741
1142	0.439163237810135
1143	0.439303636550903
1144	0.439396530389786
1145	0.439570158720016
1146	0.439770251512527
1147	0.439884513616562
1148	0.439985394477844
1149	0.440173208713531
1150	0.440329164266586
1151	0.440478205680847
1152	0.440697550773621
1153	0.440934866666794
1154	0.441094070672989
1155	0.441228270530701
1156	0.441425889730453
1157	0.441618651151657
1158	0.441729992628098
1159	0.441859185695648
1160	0.442040115594864
1161	0.442246735095978
1162	0.442430138587952
1163	0.442625939846039
1164	0.442819058895111
1165	0.442999571561813
1166	0.443167895078659
1167	0.44331505894661
1168	0.443498492240906
1169	0.443687438964844
1170	0.443890929222107
1171	0.444103240966797
1172	0.444316267967224
1173	0.444441646337509
1174	0.444589406251907
1175	0.444798171520233
1176	0.444966852664948
1177	0.445130407810211
1178	0.445307403802872
1179	0.445500940084457
1180	0.445699065923691
1181	0.445879697799683
1182	0.446070939302444
1183	0.446266770362854
1184	0.446448147296906
1185	0.446610987186432
1186	0.446774542331696
1187	0.446936339139938
1188	0.447052597999573
1189	0.447187691926956
1190	0.44743287563324
1191	0.447653442621231
1192	0.44781282544136
1193	0.4479820728302
1194	0.44817453622818
1195	0.448363274335861
1196	0.448556184768677
1197	0.448757410049438
1198	0.448969572782516
1199	0.449184358119965
1200	0.449381351470947
1201	0.449558228254318
1202	0.449757814407349
1203	0.449924260377884
1204	0.4500712454319
1205	0.450258791446686
1206	0.450486183166504
1207	0.450672090053558
1208	0.450842499732971
1209	0.451070159673691
1210	0.451264292001724
1211	0.45143723487854
1212	0.451647013425827
1213	0.451829761266708
1214	0.451943606138229
1215	0.452119916677475
1216	0.452339112758636
1217	0.452553451061249
1218	0.452708870172501
1219	0.452901303768158
1220	0.453146666288376
1221	0.45332482457161
1222	0.453457623720169
1223	0.453652501106262
1224	0.453842490911484
1225	0.453975886106491
1226	0.454147040843964
1227	0.454365491867065
1228	0.454546362161636
1229	0.454724818468094
1230	0.454924941062927
1231	0.45517098903656
1232	0.455359578132629
1233	0.455512791872025
1234	0.455720186233521
1235	0.455925226211548
1236	0.45610037446022
1237	0.456272929906845
1238	0.456469416618347
1239	0.456638813018799
1240	0.456801027059555
1241	0.457029968500137
1242	0.457232445478439
1243	0.457385867834091
1244	0.457576215267181
1245	0.457823425531387
1246	0.458092480897903
1247	0.458294481039047
1248	0.458448588848114
1249	0.458647787570953
1250	0.458837568759918
1251	0.458994537591934
1252	0.459181785583496
1253	0.459455370903015
1254	0.459661513566971
1255	0.459788888692856
1256	0.459961235523224
1257	0.460146903991699
1258	0.46032127737999
1259	0.460484981536865
1260	0.460661441087723
1261	0.460904538631439
1262	0.461136996746063
1263	0.461308658123016
1264	0.461499094963074
1265	0.461716890335083
1266	0.46191194653511
1267	0.462084949016571
1268	0.462274074554443
1269	0.462480127811432
1270	0.462669789791107
1271	0.462838560342789
1272	0.463036775588989
1273	0.463244557380676
1274	0.463410198688507
1275	0.463583678007126
1276	0.463811576366425
1277	0.464027762413025
1278	0.464152157306671
1279	0.46429243683815
1280	0.464520782232285
1281	0.464693337678909
1282	0.464828193187714
1283	0.465049028396606
1284	0.465282112360001
1285	0.465451657772064
1286	0.465666681528091
1287	0.465887874364853
1288	0.466105580329895
1289	0.466176807880402
1290	0.466292172670364
1291	0.466506570577621
1292	0.466661483049393
1293	0.466839015483856
1294	0.467080533504486
1295	0.467238754034042
1296	0.467389643192291
1297	0.467609822750092
1298	0.467767775058746
1299	0.467914223670959
1300	0.468082368373871
1301	0.4682237803936
1302	0.468411654233933
1303	0.468624442815781
1304	0.468829572200775
1305	0.469032019376755
1306	0.469231307506561
1307	0.469422549009323
1308	0.469619333744049
1309	0.469820380210876
1310	0.470058977603912
1311	0.470272183418274
1312	0.470428735017776
1313	0.470589905977249
1314	0.470734179019928
1315	0.470853477716446
1316	0.471040457487106
1317	0.471252977848053
1318	0.471419841051102
1319	0.471589654684067
1320	0.471775978803635
1321	0.471957296133041
1322	0.472164869308472
1323	0.472373068332672
1324	0.472557455301285
1325	0.472759425640106
1326	0.472951650619507
1327	0.473104149103165
1328	0.473264515399933
1329	0.473422884941101
1330	0.473625361919403
1331	0.473792135715485
1332	0.473958790302277
1333	0.474172025918961
1334	0.474363565444946
1335	0.474527448415756
1336	0.474725753068924
1337	0.474926680326462
1338	0.475092679262161
1339	0.475282520055771
1340	0.475453823804855
1341	0.475561857223511
1342	0.475693255662918
1343	0.475887447595596
1344	0.476085215806961
1345	0.476214706897736
1346	0.476315349340439
1347	0.476480066776276
1348	0.476664364337921
1349	0.476809442043304
1350	0.476983487606049
1351	0.477161437273026
1352	0.477294057607651
1353	0.477414667606354
1354	0.477615714073181
1355	0.4778713285923
1356	0.478043615818024
1357	0.478134542703629
1358	0.4782475233078
1359	0.478431403636932
1360	0.478605002164841
1361	0.478742152452469
1362	0.478900194168091
1363	0.479001313447952
1364	0.479066133499146
1365	0.479215443134308
1366	0.479365289211273
1367	0.479476004838943
1368	0.479619204998016
1369	0.479714572429657
1370	0.479779332876205
1371	0.479811012744904
1372	0.479851543903351
1373	0.479870826005936
1374	0.47986251115799
1375	0.479846179485321
1376	0.479813158512115
1377	0.479764372110367
1378	0.479700744152069
1379	0.479622036218643
1380	0.479536890983582
1381	0.479458063840866
1382	0.479378700256348
1383	0.479289889335632
1384	0.479175120592117
1385	0.478991895914078
1386	0.478778094053268
1387	0.478579819202423
1388	0.478356391191483
1389	0.478116363286972
1390	0.47786357998848
1391	0.477520287036896
1392	0.477146029472351
1393	0.476842194795609
1394	0.476500660181046
1395	0.476120501756668
1396	0.475780010223389
1397	0.475393742322922
1398	0.474915355443954
1399	0.474460750818253
1400	0.474005579948425
1401	0.473571747541428
1402	0.473167538642883
1403	0.472730040550232
1404	0.472323924303055
1405	0.471967190504074
1406	0.471576929092407
1407	0.471227169036865
1408	0.470918476581573
1409	0.470591515302658
1410	0.470306754112244
1411	0.470054060220718
1412	0.469921678304672
1413	0.469882279634476
1414	0.469980806112289
1415	0.47034427523613
1416	0.47077202796936
1417	0.47132083773613
1418	0.471996635198593
1419	0.472630381584167
1420	0.473282605409622
1421	0.473945766687393
1422	0.474594175815582
1423	0.475250542163849
1424	0.475811898708344
1425	0.476303249597549
1426	0.476862043142319
1427	0.477403968572617
1428	0.477891355752945
1429	0.478453665971756
1430	0.478996723890305
1431	0.479446083307266
1432	0.479911744594574
1433	0.480397909879684
1434	0.480863869190216
1435	0.481326192617416
1436	0.481784492731094
1437	0.482183992862701
1438	0.482565760612488
1439	0.482978910207748
1440	0.483382910490036
1441	0.483779102563858
1442	0.484158605337143
1443	0.484516441822052
1444	0.484857648611069
1445	0.485187977552414
1446	0.485533803701401
1447	0.485845386981964
1448	0.486107677221298
1449	0.48639851808548
1450	0.48671817779541
1451	0.486987560987473
1452	0.487237304449081
1453	0.487481415271759
1454	0.487678736448288
1455	0.487884789705276
1456	0.48809677362442
1457	0.48831894993782
1458	0.488535702228546
1459	0.488769382238388
1460	0.48895663022995
1461	0.489160627126694
1462	0.489384233951569
1463	0.489544183015823
1464	0.489782363176346
1465	0.490034550428391
1466	0.490153908729553
1467	0.490311294794083
1468	0.490538865327835
1469	0.490789532661438
1470	0.491097241640091
1471	0.491381525993347
1472	0.491626471281052
1473	0.491841524839401
1474	0.492043435573578
1475	0.492298305034637
1476	0.492545872926712
1477	0.492800354957581
1478	0.493084728717804
1479	0.493320554494858
1480	0.49356347322464
1481	0.493782460689545
1482	0.49399733543396
1483	0.494208157062531
1484	0.494438916444778
1485	0.494666397571564
1486	0.494894504547119
1487	0.49512243270874
1488	0.49533087015152
1489	0.495553374290466
1490	0.49575063586235
1491	0.495919048786163
1492	0.496112287044525
1493	0.496315866708755
1494	0.49646845459938
1495	0.496633678674698
1496	0.496850192546844
1497	0.497095733880997
1498	0.497271955013275
1499	0.497443050146103
1500	0.497643828392029
1501	0.497804641723633
1502	0.498012095689774
1503	0.498245567083359
1504	0.498420268297195
1505	0.498583137989044
1506	0.498762935400009
1507	0.498951733112335
1508	0.499142706394196
1509	0.499297589063644
1510	0.499426007270813
1511	0.499571055173874
1512	0.499759078025818
1513	0.500001609325409
1514	0.500232756137848
1515	0.500403344631195
1516	0.500572264194489
1517	0.500756740570068
1518	0.500925302505493
1519	0.501090466976166
1520	0.501240909099579
1521	0.501400768756866
1522	0.501526176929474
1523	0.501679301261902
1524	0.501855254173279
1525	0.502034246921539
1526	0.502221047878265
1527	0.502399921417236
1528	0.502599895000458
1529	0.502794504165649
1530	0.502972304821014
1531	0.503112494945526
1532	0.503232777118683
1533	0.503391742706299
1534	0.503547191619873
1535	0.503689110279083
1536	0.503840923309326
1537	0.504000186920166
1538	0.504128098487854
1539	0.5042804479599
1540	0.504479885101318
1541	0.504601955413818
1542	0.504679501056671
1543	0.504819631576538
1544	0.504983603954315
1545	0.505119562149048
1546	0.505257368087769
1547	0.505412220954895
1548	0.505542933940887
1549	0.505661249160767
1550	0.505810439586639
1551	0.50594425201416
1552	0.506070375442505
1553	0.506243586540222
1554	0.50638335943222
1555	0.506474018096924
1556	0.50662088394165
1557	0.506764829158783
1558	0.50687837600708
1559	0.507062673568726
1560	0.507245123386383
1561	0.507375061511993
1562	0.507524073123932
1563	0.507669806480408
1564	0.507778346538544
1565	0.507879853248596
1566	0.507992208003998
1567	0.5081427693367
1568	0.508313477039337
1569	0.508443653583527
1570	0.508574187755585
1571	0.508748948574066
1572	0.508890211582184
1573	0.508974134922028
1574	0.509071946144104
1575	0.509194135665894
1576	0.509340703487396
1577	0.509522795677185
1578	0.509654939174652
1579	0.509783864021301
1580	0.509936511516571
1581	0.510043203830719
1582	0.510185480117798
1583	0.510408818721771
1584	0.510574817657471
1585	0.510689973831177
1586	0.510828375816345
1587	0.510987520217896
1588	0.511124551296234
1589	0.511237025260925
1590	0.511374175548553
1591	0.511524796485901
1592	0.511659264564514
1593	0.511778652667999
1594	0.511922299861908
1595	0.51214474439621
1596	0.512280166149139
1597	0.512361884117126
1598	0.512525081634521
1599	0.512647807598114
1600	0.512784481048584
1601	0.51301783323288
1602	0.51320081949234
1603	0.513305604457855
1604	0.513416171073914
1605	0.51353132724762
1606	0.513686001300812
1607	0.51384299993515
1608	0.513949334621429
1609	0.514074563980103
1610	0.514134287834167
1611	0.51416951417923
1612	0.514309704303741
1613	0.514442980289459
1614	0.514589190483093
1615	0.514764785766602
1616	0.514881491661072
1617	0.514994204044342
1618	0.515144884586334
1619	0.515303671360016
1620	0.515451550483704
1621	0.515572607517242
1622	0.515679001808167
1623	0.515810132026672
1624	0.515932857990265
1625	0.516017556190491
1626	0.516122996807098
1627	0.516260623931885
1628	0.516360223293304
1629	0.516411781311035
1630	0.516513288021088
1631	0.516665816307068
1632	0.516787946224213
1633	0.516962587833405
1634	0.517162621021271
1635	0.517221033573151
1636	0.517260849475861
1637	0.517401874065399
1638	0.517499148845673
1639	0.517525255680084
1640	0.517619371414185
1641	0.517768323421478
1642	0.517905712127686
1643	0.518095552921295
1644	0.518282949924469
1645	0.518388688564301
1646	0.518488168716431
1647	0.518649101257324
1648	0.518872916698456
1649	0.519057810306549
1650	0.519178450107574
1651	0.519311964511871
1652	0.519438147544861
1653	0.519554138183594
1654	0.519680798053741
1655	0.519810199737549
1656	0.519948244094849
1657	0.52005934715271
1658	0.520169854164124
1659	0.520317614078522
1660	0.520414471626282
1661	0.520458042621613
1662	0.520554542541504
1663	0.520644068717957
1664	0.520673215389252
1665	0.520787596702576
1666	0.520966529846191
1667	0.521052658557892
1668	0.521112859249115
1669	0.521247088909149
1670	0.521349191665649
1671	0.521396994590759
1672	0.521513223648071
1673	0.521672129631042
1674	0.521774172782898
1675	0.521838843822479
1676	0.52189427614212
1677	0.521906673908234
1678	0.521957755088806
1679	0.522101163864136
1680	0.522255182266235
1681	0.522358775138855
1682	0.522416949272156
1683	0.522506654262543
1684	0.522655487060547
1685	0.522791028022766
1686	0.522879362106323
1687	0.522983729839325
1688	0.523092746734619
1689	0.523189306259155
1690	0.523309051990509
1691	0.523443400859833
1692	0.523604094982147
1693	0.523726224899292
1694	0.523807227611542
1695	0.523914635181427
1696	0.523982763290405
1697	0.524032950401306
1698	0.524131715297699
1699	0.524262070655823
1700	0.524334669113159
1701	0.524344921112061
1702	0.524475514888763
1703	0.52463686466217
1704	0.524735391139984
1705	0.524918794631958
1706	0.525077819824219
1707	0.525098562240601
1708	0.525104999542236
1709	0.525190949440002
1710	0.525307714939117
1711	0.525404214859009
1712	0.525541186332703
1713	0.525669634342194
1714	0.525725066661835
1715	0.525791823863983
1716	0.525899887084961
1717	0.526000022888184
1718	0.526049137115479
1719	0.526106536388397
1720	0.526219964027405
1721	0.526325643062592
1722	0.526375591754913
1723	0.526396095752716
1724	0.52642685174942
1725	0.526454389095306
1726	0.526504278182983
1727	0.526655673980713
1728	0.526812732219696
1729	0.526819169521332
1730	0.526796340942383
1731	0.526834070682526
1732	0.526866257190704
1733	0.526932716369629
1734	0.527026891708374
1735	0.527090489864349
1736	0.527132034301758
1737	0.527148425579071
1738	0.527184367179871
1739	0.527245759963989
1740	0.527262330055237
1741	0.527302861213684
1742	0.527458190917969
1743	0.52757740020752
1744	0.527571856975555
1745	0.527616262435913
1746	0.52766215801239
1747	0.527647078037262
1748	0.527750372886658
1749	0.527893900871277
1750	0.527930438518524
1751	0.527959704399109
1752	0.52800041437149
1753	0.528030216693878
1754	0.528151273727417
1755	0.528213441371918
1756	0.528242409229279
1757	0.528278172016144
1758	0.528289914131165
1759	0.528363347053528
1760	0.528521597385406
1761	0.528601109981537
1762	0.528589844703674
1763	0.528658628463745
1764	0.528776466846466
1765	0.528820514678955
1766	0.528960227966309
1767	0.529050529003143
1768	0.529017627239227
1769	0.529053211212158
1770	0.529151439666748
1771	0.529264986515045
1772	0.529422760009766
1773	0.529513716697693
1774	0.529520750045776
1775	0.529585540294647
1776	0.529734969139099
1777	0.529867112636566
1778	0.529938101768494
1779	0.529931366443634
1780	0.529899120330811
1781	0.529979526996613
1782	0.530116558074951
1783	0.530221104621887
1784	0.53030800819397
1785	0.530398845672607
1786	0.530493795871735
1787	0.530615508556366
1788	0.530765116214752
1789	0.530831098556519
1790	0.530850470066071
1791	0.530942380428314
1792	0.530986130237579
1793	0.530996680259705
1794	0.531152486801147
1795	0.531235218048096
1796	0.531185269355774
1797	0.531240463256836
1798	0.531327128410339
1799	0.531452476978302
1800	0.531655430793762
1801	0.531182527542114
1802	0.531080663204193
1803	0.53124463558197
1804	0.531565368175507
1805	0.531787633895874
1806	0.532058596611023
1807	0.532334685325623
1808	0.532442152500153
1809	0.532617509365082
1810	0.532802164554596
1811	0.533070206642151
1812	0.533256530761719
1813	0.533375561237335
1814	0.533520996570587
1815	0.533797085285187
1816	0.533958375453949
1817	0.533966243267059
1818	0.534099340438843
1819	0.534278333187103
1820	0.534528195858002
1821	0.534619390964508
1822	0.53475159406662
1823	0.534720003604889
1824	0.534669995307922
1825	0.534856736660004
1826	0.535060584545136
1827	0.535275101661682
1828	0.535435914993286
1829	0.535453677177429
1830	0.535495221614838
1831	0.535471260547638
1832	0.535712718963623
1833	0.535827219486237
1834	0.535797595977783
1835	0.53592050075531
1836	0.536131978034973
1837	0.536290228366852
1838	0.536538302898407
1839	0.536695182323456
1840	0.536852180957794
1841	0.53679084777832
1842	0.536718547344208
1843	0.536902964115143
1844	0.537082076072693
1845	0.537115454673767
1846	0.537207365036011
1847	0.537361323833466
1848	0.53747683763504
1849	0.537582576274872
1850	0.537634611129761
1851	0.537682056427002
1852	0.537655413150787
1853	0.537599563598633
1854	0.537647008895874
1855	0.537733256816864
1856	0.537934243679047
1857	0.538041114807129
1858	0.538134813308716
1859	0.538248896598816
1860	0.538310050964355
1861	0.538306772708893
1862	0.538185894489288
1863	0.538112342357636
1864	0.538100719451904
1865	0.537994921207428
1866	0.537841796875
1867	0.537631034851074
1868	0.537431359291077
1869	0.537310302257538
1870	0.537241041660309
1871	0.537116706371307
1872	0.536902368068695
1873	0.53654021024704
1874	0.536057770252228
1875	0.535540819168091
1876	0.534989058971405
1877	0.534392178058624
1878	0.533720076084137
1879	0.533088386058807
1880	0.532500147819519
1881	0.531875371932983
1882	0.531155109405518
1883	0.530237197875977
1884	0.529267907142639
1885	0.528176188468933
1886	0.527051389217377
1887	0.525676727294922
1888	0.524277210235596
1889	0.522968590259552
1890	0.521308064460754
1891	0.519385576248169
1892	0.517395615577698
1893	0.515222609043121
1894	0.512983083724976
1895	0.510710179805756
1896	0.508537173271179
1897	0.506250560283661
1898	0.503674030303955
1899	0.501159727573395
1900	0.498911112546921
1901	0.496883153915405
1902	0.49516025185585
1903	0.493577212095261
1904	0.492100685834885
1905	0.490731537342072
1906	0.48959356546402
1907	0.488725781440735
1908	0.488041162490845
1909	0.487532556056976
1910	0.487259864807129
1911	0.487255394458771
1912	0.487342447042465
1913	0.48754295706749
1914	0.48804897069931
1915	0.48856109380722
1916	0.489050984382629
1917	0.489648789167404
1918	0.490605294704437
1919	0.49147367477417
1920	0.492191642522812
1921	0.493023365736008
1922	0.493924081325531
1923	0.494978487491608
1924	0.496072560548782
1925	0.496975302696228
1926	0.497786015272141
1927	0.498684108257294
1928	0.49966111779213
1929	0.500480592250824
1930	0.50141304731369
1931	0.502349376678467
1932	0.503070950508118
1933	0.503719925880432
1934	0.50456827878952
1935	0.505466222763062
1936	0.506185412406921
1937	0.50667405128479
1938	0.507309556007385
1939	0.508072972297668
1940	0.508704543113709
1941	0.5092613697052
1942	0.509878098964691
1943	0.510635316371918
1944	0.511216878890991
1945	0.51177453994751
1946	0.512322068214417
1947	0.512800693511963
1948	0.513038039207459
1949	0.513425767421722
1950	0.513856410980225
1951	0.51434338092804
1952	0.514922797679901
1953	0.515361130237579
1954	0.515844106674194
1955	0.516294240951538
1956	0.51674485206604
1957	0.517131924629211
1958	0.517588376998901
1959	0.518088221549988
1960	0.518564522266388
1961	0.519026875495911
1962	0.519580900669098
1963	0.520123660564423
1964	0.520650386810303
1965	0.521084845066071
1966	0.521419882774353
1967	0.52188503742218
1968	0.522445976734161
1969	0.522830069065094
1970	0.523184418678284
1971	0.523558914661407
1972	0.5240318775177
1973	0.524524092674255
1974	0.524977922439575
1975	0.525439977645874
1976	0.525920033454895
1977	0.526355624198914
1978	0.526771187782288
1979	0.527366816997528
1980	0.527911722660065
1981	0.528351187705994
1982	0.528727650642395
1983	0.529242396354675
1984	0.529784798622131
1985	0.530215382575989
1986	0.530641198158264
1987	0.531220853328705
1988	0.531822144985199
1989	0.532255053520203
1990	0.532524049282074
1991	0.532989859580994
1992	0.533622860908508
1993	0.534070193767548
1994	0.534547924995422
1995	0.534910202026367
1996	0.535289406776428
1997	0.535670042037964
1998	0.536193668842316
1999	0.536881864070892
2000	0.537397563457489
2001	0.537660241127014
2002	0.53807920217514
2003	0.538615107536316
2004	0.53902393579483
2005	0.539390504360199
2006	0.539750933647156
2007	0.540209710597992
2008	0.540676832199097
2009	0.541336357593536
2010	0.541901886463165
2011	0.542157590389252
2012	0.542545080184937
2013	0.543062210083008
2014	0.543770909309387
2015	0.544210433959961
2016	0.544570982456207
2017	0.545035779476166
2018	0.545394539833069
2019	0.545722663402557
2020	0.546186208724976
2021	0.546757817268372
2022	0.547262728214264
2023	0.54781299829483
2024	0.548332154750824
2025	0.548727452754974
2026	0.549104452133179
2027	0.549185454845428
2028	0.549452185630798
2029	0.549882590770721
2030	0.550266027450562
2031	0.550602912902832
2032	0.551009297370911
2033	0.551440596580505
2034	0.551739990711212
2035	0.552043437957764
2036	0.552364945411682
2037	0.55274111032486
2038	0.553312718868256
2039	0.553679585456848
2040	0.553930461406708
2041	0.554240047931671
2042	0.554537832736969
2043	0.554732739925385
2044	0.554851889610291
2045	0.555127441883087
2046	0.555347740650177
2047	0.555613994598389
2048	0.555949449539185
2049	0.556193709373474
2050	0.556457579135895
2051	0.55664336681366
2052	0.556854546070099
2053	0.557127416133881
2054	0.557365119457245
2055	0.557482123374939
2056	0.557669341564178
2057	0.557797849178314
2058	0.558210492134094
2059	0.558552205562592
2060	0.558894693851471
2061	0.559139966964722
2062	0.559174001216888
2063	0.559373259544373
2064	0.559788763523102
2065	0.560082793235779
2066	0.560495972633362
2067	0.560803234577179
2068	0.560968041419983
2069	0.56113463640213
2070	0.561162650585175
2071	0.561572849750519
2072	0.561928808689117
2073	0.561968207359314
2074	0.562108337879181
2075	0.562289893627167
2076	0.562284648418427
2077	0.562360107898712
2078	0.562566518783569
2079	0.562941789627075
2080	0.563153326511383
2081	0.563385009765625
2082	0.563698470592499
2083	0.564032852649689
2084	0.564207434654236
2085	0.564365088939667
2086	0.564506649971008
2087	0.564601957798004
2088	0.564783155918121
2089	0.564837872982025
2090	0.564955830574036
2091	0.565145492553711
2092	0.56520402431488
2093	0.565419912338257
2094	0.56590735912323
2095	0.566170752048492
2096	0.566378533840179
2097	0.566557466983795
2098	0.566544353961945
2099	0.566775143146515
2100	0.567107260227203
2101	0.567425608634949
2102	0.567770779132843
2103	0.56813770532608
2104	0.568331360816956
2105	0.568391263484955
2106	0.568651735782623
2107	0.569093227386475
2108	0.569324254989624
2109	0.569455623626709
2110	0.569742321968079
2111	0.569987177848816
2112	0.570222735404968
2113	0.570690989494324
2114	0.571020305156708
2115	0.571159541606903
2116	0.571312129497528
2117	0.57177460193634
2118	0.572113275527954
2119	0.57237321138382
2120	0.572626411914825
2121	0.572878360748291
2122	0.572986483573914
2123	0.573273360729218
2124	0.573720991611481
2125	0.574030160903931
2126	0.574410080909729
2127	0.574615716934204
2128	0.574596881866455
2129	0.57472425699234
2130	0.574902236461639
2131	0.57496190071106
2132	0.57493257522583
2133	0.575053930282593
2134	0.575167894363403
2135	0.575149178504944
2136	0.575199365615845
2137	0.575368881225586
2138	0.575249791145325
2139	0.574761748313904
2140	0.574671745300293
2141	0.574810147285461
2142	0.57461279630661
2143	0.574434161186218
2144	0.574193835258484
2145	0.573571264743805
2146	0.573131859302521
2147	0.572938144207001
2148	0.572636187076569
2149	0.572368621826172
2150	0.571824848651886
2151	0.571254551410675
2152	0.570989966392517
2153	0.57051157951355
2154	0.56961190700531
2155	0.569095015525818
2156	0.568743646144867
2157	0.568194985389709
2158	0.56763482093811
2159	0.567163705825806
2160	0.566657602787018
2161	0.565982282161713
2162	0.565434813499451
2163	0.564800262451172
2164	0.563760876655579
2165	0.562953770160675
2166	0.562259793281555
2167	0.561683416366577
2168	0.56095290184021
2169	0.560148477554321
2170	0.559459090232849
2171	0.55880481004715
2172	0.558193445205688
2173	0.557851672172546
2174	0.557238757610321
2175	0.556440472602844
2176	0.555700421333313
2177	0.554899394512177
2178	0.554121315479279
2179	0.55342960357666
2180	0.55263763666153
2181	0.551657378673553
2182	0.550822734832764
2183	0.55028110742569
2184	0.549316585063934
2185	0.548078119754791
2186	0.546927511692047
2187	0.546029388904572
2188	0.545037925243378
2189	0.543965280056
2190	0.543099403381348
2191	0.542153000831604
2192	0.540707111358643
2193	0.539804220199585
2194	0.539564847946167
2195	0.538747549057007
2196	0.537542879581451
2197	0.536742389202118
2198	0.536199867725372
2199	0.535262942314148
2200	0.5340775847435
2201	0.533417642116547
2202	0.532792687416077
2203	0.532015979290009
2204	0.531592011451721
2205	0.531246304512024
2206	0.530385673046112
2207	0.529540956020355
2208	0.529433965682983
2209	0.529836475849152
2210	0.529822468757629
2211	0.529696702957153
2212	0.530060887336731
2213	0.530597507953644
2214	0.530992090702057
2215	0.531912386417389
2216	0.532353639602661
2217	0.532190263271332
2218	0.532406866550446
2219	0.532765626907349
2220	0.533138990402222
2221	0.533654808998108
2222	0.533994019031525
2223	0.534216701984406
2224	0.534601986408234
2225	0.535056173801422
2226	0.535376846790314
2227	0.535869121551514
2228	0.536006987094879
2229	0.535974204540253
2230	0.536488234996796
2231	0.537037968635559
2232	0.537114858627319
2233	0.537372350692749
2234	0.537692070007324
2235	0.537702798843384
2236	0.537472903728485
2237	0.537538826465607
2238	0.537499845027924
2239	0.537479341030121
2240	0.53770500421524
2241	0.537862956523895
2242	0.537962079048157
2243	0.537923336029053
2244	0.537747621536255
2245	0.537785530090332
2246	0.537850856781006
2247	0.537833511829376
2248	0.53793066740036
2249	0.53809654712677
2250	0.5379838347435
2251	0.537765264511108
2252	0.538019061088562
2253	0.538427770137787
2254	0.53864860534668
2255	0.538873255252838
2256	0.539149940013886
2257	0.539307653903961
2258	0.539628446102142
2259	0.540205121040344
2260	0.540513157844543
2261	0.54070645570755
2262	0.540840804576874
2263	0.540757715702057
2264	0.540954053401947
2265	0.541367709636688
2266	0.541558563709259
2267	0.541694939136505
2268	0.541923224925995
2269	0.542148351669312
2270	0.542211294174194
2271	0.542022287845612
2272	0.542274236679077
2273	0.54270350933075
2274	0.543054580688477
2275	0.543399631977081
2276	0.543948709964752
2277	0.543758273124695
2278	0.543219804763794
2279	0.543114304542542
2280	0.543263673782349
2281	0.543345212936401
2282	0.54312527179718
2283	0.54300856590271
2284	0.542728900909424
2285	0.542696952819824
2286	0.54289698600769
2287	0.542814671993256
2288	0.542601346969604
2289	0.542483627796173
2290	0.542271733283997
2291	0.54218065738678
2292	0.542245984077454
2293	0.542286813259125
2294	0.542396128177643
2295	0.54227215051651
2296	0.542002081871033
2297	0.541869699954987
2298	0.541549801826477
2299	0.541475057601929
2300	0.541737139225006
2301	0.541842699050903
2302	0.542037725448608
2303	0.542064130306244
2304	0.541456520557404
2305	0.541221439838409
2306	0.541336894035339
2307	0.540885210037231
2308	0.540873289108276
2309	0.541613280773163
2310	0.541890442371368
2311	0.541737258434296
2312	0.541885316371918
2313	0.541724443435669
2314	0.541524887084961
2315	0.541502952575684
2316	0.541338086128235
2317	0.541191041469574
2318	0.541085541248322
2319	0.54069983959198
2320	0.540731728076935
2321	0.541236698627472
2322	0.541179180145264
2323	0.541144013404846
2324	0.541057467460632
2325	0.540359795093536
2326	0.540148138999939
2327	0.540263414382935
2328	0.540393352508545
2329	0.540805637836456
2330	0.540820062160492
2331	0.540727257728577
2332	0.540669679641724
2333	0.54033625125885
2334	0.540311932563782
2335	0.540914833545685
2336	0.540391862392426
2337	0.539865911006927
2338	0.540023148059845
2339	0.539648711681366
2340	0.539290130138397
2341	0.539393186569214
2342	0.539232313632965
2343	0.539174437522888
2344	0.539046287536621
2345	0.538855135440826
2346	0.538901269435883
2347	0.539093673229218
2348	0.539692163467407
2349	0.539701461791992
2350	0.539415121078491
2351	0.539515018463135
2352	0.539148271083832
2353	0.539073050022125
2354	0.53957861661911
2355	0.539714872837067
2356	0.539728462696075
2357	0.540264189243317
2358	0.540609836578369
2359	0.539902091026306
2360	0.539503633975983
2361	0.539645910263062
2362	0.539941608905792
2363	0.539790868759155
2364	0.540215492248535
2365	0.540376722812653
2366	0.539731979370117
2367	0.539563655853271
2368	0.539938986301422
2369	0.540100395679474
2370	0.540099143981934
2371	0.539941012859344
2372	0.539840579032898
2373	0.539674699306488
2374	0.539058327674866
2375	0.539036989212036
2376	0.539321541786194
2377	0.539261043071747
2378	0.539329767227173
2379	0.539116144180298
2380	0.538752198219299
2381	0.538708746433258
2382	0.53867769241333
2383	0.538602888584137
2384	0.538550019264221
2385	0.538483619689941
2386	0.538263499736786
2387	0.537988841533661
2388	0.538245797157288
2389	0.538362920284271
2390	0.537954747676849
2391	0.537928581237793
2392	0.537533104419708
2393	0.536815106868744
2394	0.536580920219421
2395	0.536712348461151
2396	0.537444055080414
2397	0.537929713726044
2398	0.537493407726288
2399	0.536805391311646
2400	0.535866022109985
2401	0.534856677055359
2402	0.534714698791504
2403	0.534881353378296
2404	0.534851670265198
2405	0.534955263137817
2406	0.534656524658203
2407	0.534047245979309
2408	0.533291876316071
2409	0.532586634159088
2410	0.532767772674561
2411	0.533480048179626
2412	0.533599495887756
2413	0.533140897750854
2414	0.533305406570435
2415	0.533584654331207
2416	0.533112108707428
2417	0.532675862312317
2418	0.531615018844604
2419	0.529765248298645
2420	0.529464542865753
2421	0.530316352844238
2422	0.530289888381958
2423	0.530171990394592
2424	0.529864072799683
2425	0.528212666511536
2426	0.526785492897034
2427	0.527022778987885
2428	0.527294218540192
2429	0.526257634162903
2430	0.525486171245575
2431	0.525850772857666
2432	0.525931358337402
2433	0.525406301021576
2434	0.525875627994537
2435	0.525992333889008
2436	0.524379372596741
2437	0.523190438747406
2438	0.522765100002289
2439	0.523018062114716
2440	0.523685157299042
2441	0.523257255554199
2442	0.523340344429016
2443	0.522352933883667
2444	0.518593728542328
2445	0.517828702926636
2446	0.519651174545288
2447	0.519053280353546
2448	0.517653584480286
2449	0.5174161195755
2450	0.516114175319672
2451	0.515779852867126
2452	0.518484175205231
2453	0.518398225307465
2454	0.515233874320984
2455	0.515095770359039
2456	0.516736149787903
2457	0.516479551792145
2458	0.516264498233795
2459	0.517004430294037
2460	0.517121255397797
2461	0.515808820724487
2462	0.514636933803558
2463	0.515009999275208
2464	0.515086054801941
2465	0.51331239938736
2466	0.511939346790314
2467	0.511736929416656
2468	0.508775472640991
2469	0.507951259613037
2470	0.512258172035217
2471	0.512560606002808
2472	0.508601009845734
2473	0.508512556552887
2474	0.511238157749176
2475	0.511264562606812
2476	0.511378467082977
2477	0.511553287506104
2478	0.507950603961945
2479	0.508276224136353
2480	0.514614224433899
2481	0.514544665813446
2482	0.509452044963837
2483	0.510959565639496
2484	0.5166175365448
2485	0.51399290561676
2486	0.508288621902466
2487	0.508599698543549
2488	0.504680514335632
2489	0.500837326049805
2490	0.503708004951477
2491	0.508955061435699
2492	0.514688730239868
2493	0.51135241985321
2494	0.507396817207336
2495	0.510008633136749
2496	0.505583703517914
2497	0.499460160732269
2498	0.500807285308838
2499	0.506832301616669
2500	0.507721424102783
