350	0.1003153529018163
351	0.1003558132797479
352	0.09710470214486128
353	0.09709925949573506
354	0.09929015673696977
355	0.09876961819827546
356	0.09820330701768414
357	0.09778787381947034
358	0.09734191559255108
359	0.0979184061288834
360	0.09756347164511667
361	0.0957044120877982
362	0.09650595672428608
363	0.09865352697670463
364	0.1005917452275753
365	0.1001166421920062
366	0.0987167581915855
367	0.09737179800868027
368	0.0970116965472699
369	0.0988827515393495
370	0.1009782403707505
371	0.1009758319705726
372	0.1014641690999266
373	0.1027411408722401
374	0.1043017730116844
375	0.1039750669151546
376	0.1038103625178338
377	0.1043789312243462
378	0.1039736215025187
379	0.1048368904739618
380	0.1062209662050011
381	0.1057362463325265
382	0.1061075218021871
383	0.1075835488736627
384	0.1094939149916172
385	0.1095755584537982
386	0.1088159307837485
387	0.108472118154168
388	0.1098074354231356
389	0.1103066969662906
390	0.10967855155468
391	0.1107422877103089
392	0.1114577390253545
393	0.111757632344961
394	0.1124759502708913
395	0.1129750013351443
396	0.1133132595568896
397	0.1136740073561668
398	0.1138953957706691
399	0.1141663156449797
400	0.114597776904702
401	0.1150014158338308
402	0.1155569795519115
403	0.1162836980074642
404	0.1170287784188985
405	0.1175758317112922
406	0.118013581261039
407	0.1185946259647605
408	0.118660930544138
409	0.1186595037579535
410	0.1191625520586965
411	0.1197872124612333
412	0.1203315909951925
413	0.120720636099577
414	0.121033126488328
415	0.1219037771224975
416	0.123092271387577
417	0.1230912525206805
418	0.1231748908758162
419	0.1236705668270587
420	0.1245062313973905
421	0.1252722665667533
422	0.125762013718486
423	0.1259217876940968
424	0.1261898651719092
425	0.1265602521598337
426	0.127018380910158
427	0.1277101393789052
428	0.1283741146326067
429	0.1289260182529687
430	0.1294727250933645
431	0.130140146240592
432	0.130903190001845
433	0.1316487696021797
434	0.132366292178631
435	0.1330230403691527
436	0.1336130909621717
437	0.1343118287622928
438	0.1349812988191842
439	0.1355755273252728
440	0.1363975964486598
441	0.1371349934488535
442	0.137777652591467
443	0.1387299560010432
444	0.1394205819815398
445	0.1399242654442788
446	0.1406190302222968
447	0.141124475747347
448	0.1416423954069613
449	0.1424241885542867
450	0.1432402767241002
451	0.143930222839117
452	0.1444716230034828
453	0.1451833583414555
454	0.145833719521761
455	0.1463829353451727
456	0.147010412067175
457	0.1476022824645042
458	0.148130189627409
459	0.1486005373299125
460	0.1489995718002318
461	0.1494267061352728
462	0.1499681398272513
463	0.150517426431179
464	0.1510317511856555
465	0.1514905653893948
466	0.1518909372389315
467	0.152356270700693
468	0.1528643257915975
469	0.1532307304441927
470	0.1536201089620587
471	0.1541210189461705
472	0.1547675989568232
473	0.1551782190799715
474	0.1555415503680705
475	0.156059347093105
476	0.1564895063638687
477	0.1569094620645047
478	0.157389372587204
479	0.157987754791975
480	0.1584943272173405
481	0.1589267700910567
482	0.159502785652876
483	0.1600289233028888
484	0.160510044544935
485	0.1610135957598687
486	0.1615042947232725
487	0.1620315834879875
488	0.1626290977001192
489	0.1632281802594665
490	0.1638264581561088
491	0.1644055768847465
492	0.1648818217217922
493	0.1654494293034077
494	0.1661347001791
495	0.1668500415980815
496	0.1675347201526167
497	0.1681545861065388
498	0.168702483177185
499	0.1692741326987742
500	0.1699002906680108
501	0.170575276017189
502	0.1712270267307757
503	0.1718687005341052
504	0.1725229024887085
505	0.1732411496341227
506	0.1739184856414793
507	0.1745763868093493
508	0.1753006577491762
509	0.1759082414209842
510	0.1765160225331785
511	0.1772641986608505
512	0.177971299737692
513	0.1786561571061613
514	0.1793429851531985
515	0.1800155527889728
516	0.1807018853724
517	0.1814025677740572
518	0.1820835210382937
519	0.1828063055872918
520	0.1835445426404475
521	0.1842370852828025
522	0.1849513277411463
523	0.1856680922210218
524	0.1863706521689892
525	0.1871331445872785
526	0.187894873321056
527	0.1886297427117828
528	0.1894042640924452
529	0.1901607401669025
530	0.190907206386328
531	0.1917090676724913
532	0.1925208121538163
533	0.1933307163417338
534	0.1941383965313432
535	0.194933895021677
536	0.1957568041980268
537	0.1966309361159805
538	0.1975020840764047
539	0.1983656957745553
540	0.1992259323596952
541	0.200085621327162
542	0.2010011188685893
543	0.2019590735435485
544	0.2028994895517825
545	0.203809805214405
546	0.204752139747143
547	0.2057820297777652
548	0.206779558211565
549	0.2078134939074518
550	0.208925064653158
551	0.2100425958633423
552	0.2112178392708303
553	0.2124735526740552
554	0.213815126568079
555	0.2151516042649745
556	0.2164388149976733
557	0.217663075774908
558	0.2188921868801118
559	0.2201051525771615
560	0.2212912067770957
561	0.2225341908633708
562	0.2237777039408685
563	0.2249812334775925
564	0.2261373139917852
565	0.2272561751306057
566	0.2283795401453972
567	0.229566477239132
568	0.2307034879922867
569	0.2318237833678723
570	0.2329896055161955
571	0.234099116176367
572	0.2351490817964075
573	0.236167434602976
574	0.2372363433241843
575	0.2383395582437515
576	0.2394400015473365
577	0.240473508834839
578	0.2415136881172658
579	0.2425566650927065
580	0.2435702048242093
581	0.244565561413765
582	0.245526622980833
583	0.2464417554438112
584	0.2473210915923117
585	0.2481853067874905
586	0.2490481473505495
587	0.2498979158699512
588	0.2507457323372365
589	0.2515907064080237
590	0.2524230778217315
591	0.2531844004988673
592	0.2538569159805775
593	0.2544494569301605
594	0.2550414279103277
595	0.2555850930511953
596	0.256079163402319
597	0.2567536793649197
598	0.25748835131526
599	0.2582052163779735
600	0.258894268423319
601	0.2596014477312568
602	0.2603127993643285
603	0.2609937749803065
604	0.2616146095097065
605	0.2622293308377265
606	0.262880880385637
607	0.2634822130203245
608	0.2640886679291725
609	0.2647121101617815
610	0.2652727663516998
611	0.2658203169703485
612	0.2663815170526502
613	0.2669712752103805
614	0.2675357609987258
615	0.2680634781718255
616	0.268564961850643
617	0.2691261246800425
618	0.2696726322174072
619	0.2701579108834268
620	0.2706401124596597
621	0.2711352109909057
622	0.2716420963406563
623	0.2721444815397263
624	0.2726546451449395
625	0.2731517478823662
626	0.2736096605658532
627	0.2740641087293625
628	0.2745083570480345
629	0.27494727820158
630	0.2754422649741172
631	0.275944985449314
632	0.2764254212379457
633	0.2768725901842118
634	0.2773162946105005
635	0.2777650356292725
636	0.2782154828310015
637	0.2786861136555673
638	0.2791772112250327
639	0.2796709239482877
640	0.2800948396325112
641	0.280533455312252
642	0.2810140550136568
643	0.2814521789550782
644	0.2818675488233565
645	0.282283194363117
646	0.2827316373586655
647	0.2831756249070168
648	0.2836259156465533
649	0.2840963080525398
650	0.2845315635204315
651	0.2849351838231087
652	0.2853355631232262
653	0.2858145833015442
654	0.2862644344568255
655	0.286663755774498
656	0.2870588302612305
657	0.2874604314565657
658	0.2878812700510025
659	0.2883220985531808
660	0.2887216657400133
661	0.2891194820404052
662	0.289535365998745
663	0.2899045199155805
664	0.290288008749485
665	0.2907003164291383
666	0.2911093980073928
667	0.2915091142058372
668	0.291909247636795
669	0.292325884103775
670	0.292738363146782
671	0.2931576147675515
672	0.2935943081974982
673	0.2940469160676003
674	0.2944558784365655
675	0.294838450849056
676	0.2953199967741965
677	0.2957470938563347
678	0.2961500510573388
679	0.2966277599334718
680	0.297113984823227
681	0.2975846379995348
682	0.2980353981256485
683	0.2985124215483665
684	0.2990109995007515
685	0.2995225340127942
686	0.3000420928001402
687	0.3005373850464823
688	0.3010419905185697
689	0.3016186282038688
690	0.3021635413169863
691	0.3027024567127224
692	0.3032695949077605
693	0.3038218319416047
694	0.3043490573763847
695	0.3048582971096038
696	0.3053746819496158
697	0.3059056624770165
698	0.3064408600330353
699	0.3069569170475007
700	0.307470254600048
701	0.3079842552542685
702	0.3084929436445237
703	0.3089613541960715
704	0.3094510436058042
705	0.3099776804447172
706	0.3104792386293412
707	0.3109595179557798
708	0.3114250376820565
709	0.3118887543678283
710	0.3123437389731408
711	0.3128010705113412
712	0.3132738322019575
713	0.3137690946459772
714	0.3142292872071268
715	0.3146526813507082
716	0.3151434659957882
717	0.3155972212553023
718	0.31602818518877
719	0.3165048211812972
720	0.316919669508934
721	0.3173321411013603
722	0.3178025931119918
723	0.3182498663663865
724	0.3186948448419573
725	0.31914371997118
726	0.3195730224251747
727	0.3200161308050157
728	0.320476569235325
729	0.3209434300661088
730	0.3213779777288437
731	0.3217920884490015
732	0.3222098574042317
733	0.3226503059268
734	0.3230601474642752
735	0.3234403654932977
736	0.3238757997751237
737	0.3243035823106765
738	0.324727848172188
739	0.3251770734786987
740	0.3255979791283607
741	0.3260129764676095
742	0.3264443427324295
743	0.3268675357103347
744	0.3272793218493463
745	0.3276838287711147
746	0.3280973955988885
747	0.3285266384482385
748	0.328960858285427
749	0.32938252389431
750	0.3297842144966125
751	0.330179177224636
752	0.3305801078677177
753	0.3309805095195772
754	0.3313887938857077
755	0.3318052366375923
756	0.3322203308343887
757	0.3326411247253417
758	0.3330551609396935
759	0.3334454074501992
760	0.3338229954242707
761	0.3342075273394585
762	0.3346115872263908
763	0.3350398913025858
764	0.335444748401642
765	0.3358122408390045
766	0.336158148944378
767	0.3365392088890075
768	0.3369480744004247
769	0.3373508378863332
770	0.3376846089959145
771	0.3380405753850937
772	0.3384544625878333
773	0.338819444179535
774	0.3391864597797393
775	0.3395669907331465
776	0.3399487063288687
777	0.3402655571699142
778	0.3405639976263045
779	0.3409012928605077
780	0.3412653729319572
781	0.3416235595941545
782	0.3419645205140113
783	0.3423117995262145
784	0.3426986932754515
785	0.3430855125188828
786	0.3434035554528235
787	0.3437064811587333
788	0.3440039530396463
789	0.3443071842193602
790	0.3446584790945053
791	0.3449813202023507
792	0.3452707231044768
793	0.345598764717579
794	0.3458857014775275
795	0.3461544886231422
796	0.3464549705386163
797	0.3467734083533288
798	0.3470777273178099
799	0.3473533764481544
800	0.3476214036345483
801	0.347942240536213
802	0.3482784256339073
803	0.348525322973728
804	0.348799504339695
805	0.3490723222494125
806	0.3493039831519125
807	0.3495559468865395
808	0.3498255461454393
809	0.3500880748033522
810	0.3502778261899947
811	0.3505265191197395
812	0.3508228585124015
813	0.3510910868644712
814	0.3513183444738388
815	0.3515387922525408
816	0.351771488785744
817	0.3519622534513475
818	0.3521974161267283
819	0.352460153400898
820	0.3526411578059195
821	0.3528651744127275
822	0.3530991151928903
823	0.3532831221818925
824	0.3534491807222367
825	0.3536299541592597
826	0.3538384661078453
827	0.3540563583374022
828	0.3542520403862
829	0.3544353619217873
830	0.3546350747346877
831	0.3548176214098933
832	0.3549970164895058
833	0.3551792576909065
834	0.355317547917366
835	0.3554745092988015
836	0.3556574434041975
837	0.3558209910988808
838	0.3559824153780938
839	0.3561442494392395
840	0.3563103005290033
841	0.356508918106556
842	0.3566952645778658
843	0.3568499386310577
844	0.35700461268425
845	0.3571410104632377
846	0.3572688326239588
847	0.357411526143551
848	0.3575926721096038
849	0.3577645644545555
850	0.3578933626413348
851	0.358013466000557
852	0.3581506237387658
853	0.358311355113983
854	0.3584835827350615
855	0.358619771897793
856	0.3587365746498107
857	0.3588672503829002
858	0.3590341433882716
859	0.359160527586937
860	0.359248347580433
861	0.3594261556863783
862	0.3595884442329407
863	0.3597131446003918
864	0.3598166927695275
865	0.359965980052948
866	0.360139101743698
867	0.3603038340806962
868	0.36042108386755
869	0.3605483993887902
870	0.3606867119669913
871	0.3608046621084213
872	0.3609521612524985
873	0.3611219599843025
874	0.3612961992621422
875	0.3614636436104776
876	0.3616024479269982
877	0.3617306798696517
878	0.3619089052081108
879	0.3620597422122953
880	0.3621828556060793
881	0.3623050078749658
882	0.3624633327126502
883	0.362662672996521
884	0.3628777936100957
885	0.363037794828415
886	0.3631938695907593
887	0.3633480444550515
888	0.3634900897741318
889	0.363659806549549
890	0.3638259470462798
891	0.36397672444582
892	0.3641635328531262
893	0.364354066550732
894	0.3645415753126143
895	0.3647302091121672
896	0.3648796901106835
897	0.3650435954332351
898	0.365254819393158
899	0.3654348626732828
900	0.3656042739748953
901	0.365780882537365
902	0.3659808561205865
903	0.366177722811699
904	0.3663686588406565
905	0.3665599077939988
906	0.3667721152305602
907	0.3669656589627265
908	0.3671437427401543
909	0.367362879216671
910	0.3675615787506105
911	0.367762416601181
912	0.367991030216217
913	0.3681332767009733
914	0.368307404220104
915	0.3685673177242283
916	0.3688551336526873
917	0.3690648674964905
918	0.3692427426576615
919	0.3694868609309195
920	0.3697473034262657
921	0.3699557483196257
922	0.3701044768095018
923	0.3703060224652287
924	0.3705353438854218
925	0.3707828447222707
926	0.3710354641079903
927	0.371258579194546
928	0.371484249830246
929	0.3717321306467055
930	0.3719736859202385
931	0.37222208827734
932	0.3724659979343415
933	0.372683674097061
934	0.372896246612072
935	0.37312338501215
936	0.3733765557408335
937	0.3736527636647222
938	0.3738888055086135
939	0.374108999967575
940	0.3743921294808389
941	0.3746035024523734
942	0.3748164772987367
943	0.375093825161457
944	0.3753477707505225
945	0.3755524158477785
946	0.3757524490356445
947	0.376048319041729
948	0.376341514289379
949	0.376593738794327
950	0.3768010959029198
951	0.3770210146903989
952	0.377280607819557
953	0.3775660321116445
954	0.3778242543339727
955	0.3780509233474735
956	0.3782776966691015
957	0.3785193115472792
958	0.378682143986225
959	0.3789483681321145
960	0.3792977929115295
961	0.3795206397771835
962	0.3797340542078017
963	0.3799544870853425
964	0.3801825270056723
965	0.380432777106762
966	0.3807288929820062
967	0.381019487977028
968	0.381185345351696
969	0.3814272955060005
970	0.3817422613501548
971	0.3820644468069075
972	0.382298745214939
973	0.3825452253222468
974	0.3828288987278938
975	0.3830999508500099
976	0.3833331540226935
977	0.383576177060604
978	0.3838647976517675
979	0.3841180726885797
980	0.3843623772263527
981	0.3846131414175035
982	0.3848742842674258
983	0.3851465359330177
984	0.385457254946232
985	0.3857972100377081
986	0.386012353003025
987	0.3862663954496383
988	0.3865776434540747
989	0.3868415877223013
990	0.3870268538594245
991	0.3872502297163007
992	0.38757786154747
993	0.3878194317221643
994	0.3880107924342155
995	0.3882100358605388
996	0.3884867429733277
997	0.3887596204876897
998	0.3890016600489618
999	0.3892170414328575
1000	0.3894657865166665
1001	0.3886894285678865
1002	0.388886474072933
1003	0.3890467137098312
1004	0.3890675008296968
1005	0.389240726828575
1006	0.3894794732332227
1007	0.3896628171205521
1008	0.3898687213659285
1009	0.3900699988007548
1010	0.3902274221181872
1011	0.3904098272323612
1012	0.3906442597508429
1013	0.3908446058630943
1014	0.391018122434616
1015	0.3911979049444197
1016	0.3913712352514268
1017	0.3915182128548622
1018	0.391719087958336
1019	0.391966663300991
1020	0.3921512365341188
1021	0.3923406451940535
1022	0.3925153464078904
1023	0.3926062062382695
1024	0.3927716389298437
1025	0.3930260241031646
1026	0.3932054191827772
1027	0.393347404897213
1028	0.3935444951057435
1029	0.393644191324711
1030	0.3936167955398557
1031	0.3937643691897392
1032	0.393938720226288
1033	0.3941460102796557
1034	0.3945433348417283
1035	0.394730381667614
1036	0.3947631493210793
1037	0.3949095010757445
1038	0.3949886038899421
1039	0.3951428160071373
1040	0.3953783661127093
1041	0.395724631845951
1042	0.3958387076854705
1043	0.395824149250984
1044	0.395954377949238
1045	0.3960019648075105
1046	0.3961589336395265
1047	0.396514415740967
1048	0.396716706454754
1049	0.3968638107180595
1050	0.3970027267932892
1051	0.3970832452178005
1052	0.3971928805112838
1053	0.3973049446940425
1054	0.3974095582962038
1055	0.3974725902080535
1056	0.3976043015718462
1057	0.397776797413826
1058	0.3979923576116562
1059	0.3981625586748125
1060	0.398401364684105
1061	0.3985489457845687
1062	0.398567162454128
1063	0.3987057358026506
1064	0.3988911509513854
1065	0.3990582898259163
1066	0.399271845817566
1067	0.3994597196578979
1068	0.3996375054121017
1069	0.3997772037982942
1070	0.3999300748109817
1071	0.4000800177454947
1072	0.4002648070454601
1073	0.4004552364349365
1074	0.4006406962871552
1075	0.4008816480636595
1076	0.401040583848953
1077	0.4011339172720908
1078	0.4012707471847535
1079	0.4013853892683982
1080	0.4015200436115262
1081	0.4016930386424065
1082	0.4018403738737105
1083	0.4019786939024925
1084	0.4021355882287025
1085	0.402267813682556
1086	0.4023643359541895
1087	0.4025265648961067
1088	0.4027224704623222
1089	0.4028892740607257
1090	0.4030760750174525
1091	0.4032574743032455
1092	0.4034178107976913
1093	0.4035829305648803
1094	0.403785824775696
1095	0.4039523378014566
1096	0.4040989354252815
1097	0.404202476143837
1098	0.4043162018060682
1099	0.404496543109417
1100	0.4046376049518583
1101	0.4047709479928017
1102	0.4049240723252298
1103	0.405090108513832
1104	0.4052218049764635
1105	0.4053406566381458
1106	0.4054957106709478
1107	0.4056527838110923
1108	0.4057829901576042
1109	0.4059222862124442
1110	0.4060896262526513
1111	0.4061754569411277
1112	0.4062552005052568
1113	0.4064331352710723
1114	0.4065707251429558
1115	0.4067008420825005
1116	0.406842477619648
1117	0.4069887325167658
1118	0.4070980995893478
1119	0.4072375297546385
1120	0.4074315875768663
1121	0.4075747579336165
1122	0.407652996480465
1123	0.4078077524900438
1124	0.40802014619112
1125	0.408170521259308
1126	0.4083019196987153
1127	0.4084774032235145
1128	0.408574245870113
1129	0.4086553603410723
1130	0.4087895527482032
1131	0.4089695364236831
1132	0.4091266170144083
1133	0.4093201607465743
1134	0.4094562605023385
1135	0.409538522362709
1136	0.4096768423914908
1137	0.4098251312971112
1138	0.4099493622779845
1139	0.4100874066352842
1140	0.410224199295044
1141	0.410353861749172
1142	0.4105045571923257
1143	0.4106727242469788
1144	0.410855159163475
1145	0.411001682281494
1146	0.411112181842327
1147	0.4112162739038467
1148	0.4112950935959813
1149	0.4114152193069457
1150	0.4115440100431441
1151	0.4116740301251413
1152	0.4118403419852257
1153	0.4119588881731031
1154	0.4120910912752149
1155	0.4122255817055703
1156	0.4123739451169968
1157	0.4125691130757332
1158	0.4127318859100342
1159	0.4128271192312242
1160	0.4129155948758128
1161	0.4130505993962287
1162	0.4131806343793867
1163	0.413307972252369
1164	0.4134564772248268
1165	0.4136377274990082
1166	0.4137884229421615
1167	0.41390897333622
1168	0.4140885248780253
1169	0.4143175929784775
1170	0.4144886136054993
1171	0.4146205112338065
1172	0.414802648127079
1173	0.415003128349781
1174	0.4151635617017748
1175	0.415339596569538
1176	0.415558122098446
1177	0.415725223720074
1178	0.4158289581537248
1179	0.4159508273005485
1180	0.4160657227039337
1181	0.4162197262048722
1182	0.4163854867219925
1183	0.416539140045643
1184	0.4167287275195123
1185	0.416906841099262
1186	0.416989862918854
1187	0.4171213135123252
1188	0.4173591136932375
1189	0.4175115972757337
1190	0.4176276251673697
1191	0.4177981019020077
1192	0.417952001094818
1193	0.4181097224354745
1194	0.4182657822966578
1195	0.4184786528348923
1196	0.4186385050415993
1197	0.4187445566058157
1198	0.418885812163353
1199	0.4190561175346377
1200	0.4191790521144867
1201	0.4193212389945985
1202	0.4194675013422965
1203	0.4195669591426847
1204	0.4197360798716545
1205	0.4199223369359972
1206	0.420023649930954
1207	0.420177608728409
1208	0.4203699901700018
1209	0.420514449477196
1210	0.4206959381699562
1211	0.4208934977650643
1212	0.4210399612784385
1213	0.421189457178116
1214	0.421321153640747
1215	0.4214868247509003
1216	0.4216642901301383
1217	0.421818844974041
1218	0.421984188258648
1219	0.4221766218543053
1220	0.4223451465368273
1221	0.422496572136879
1222	0.4227066114544873
1223	0.4229121953248978
1224	0.423053652048111
1225	0.4232007190585138
1226	0.4233621209859847
1227	0.4235143661499022
1228	0.423665754497051
1229	0.423827864229679
1230	0.423980437219143
1231	0.4241204634308812
1232	0.4242506623268127
1233	0.424371473491192
1234	0.4244916141033173
1235	0.4246106371283532
1236	0.4247365444898605
1237	0.4248786568641663
1238	0.4250647723674775
1239	0.4252620935440065
1240	0.42544599622488
1241	0.4255990609526635
1242	0.4257520362734795
1243	0.425939291715622
1244	0.4261077269911767
1245	0.4262871593236925
1246	0.4264697805047035
1247	0.4266292229294778
1248	0.426800675690174
1249	0.4269464388489725
1250	0.4270774126052855
1251	0.4271958768367767
1252	0.4273297116160392
1253	0.4274739921092988
1254	0.4276357516646387
1255	0.4278052896261212
1256	0.4279747903347015
1257	0.4281283095479013
1258	0.4282970055937768
1259	0.4284867346286775
1260	0.4286367595195767
1261	0.4287758022546767
1262	0.4289141222834587
1263	0.4290517717599868
1264	0.429204374551773
1265	0.429354339838028
1266	0.4295115768909455
1267	0.4296717643737792
1268	0.429808847606182
1269	0.4299297332763671
1270	0.4301044270396232
1271	0.4302756786346435
1272	0.4304247945547103
1273	0.4305931478738785
1274	0.430742546916008
1275	0.430858887732029
1276	0.4309934377670288
1277	0.431153669953346
1278	0.4313049465417862
1279	0.4314520582556725
1280	0.4316101893782617
1281	0.4317531883716585
1282	0.4318853989243507
1283	0.4320457130670547
1284	0.4322125390172005
1285	0.4323843866586685
1286	0.432590961456299
1287	0.43277358263731
1288	0.4329472407698632
1289	0.433061018586159
1290	0.4332015216350558
1291	0.433380953967571
1292	0.4334978759288785
1293	0.433604381978512
1294	0.433751478791237
1295	0.4339018166065218
1296	0.4340239837765693
1297	0.434134416282177
1298	0.4342914745211602
1299	0.434432841837406
1300	0.434556595981121
1301	0.4347400963306428
1302	0.4349300935864445
1303	0.4350646510720252
1304	0.4352038800716397
1305	0.435390993952751
1306	0.4355525970458982
1307	0.4357013404369353
1308	0.435819037258625
1309	0.4359655901789665
1310	0.436121791601181
1311	0.4362726658582687
1312	0.436431847512722
1313	0.436589941382408
1314	0.4367265924811363
1315	0.4368881955742838
1316	0.4370622038841248
1317	0.4371936544775962
1318	0.4373241513967512
1319	0.4374603033065797
1320	0.4376215115189555
1321	0.4378001913428308
1322	0.4379760101437565
1323	0.4381356313824655
1324	0.4382633417844775
1325	0.438425973057747
1326	0.438576653599739
1327	0.4387216195464132
1328	0.438875712454319
1329	0.439044274389744
1330	0.4391699209809306
1331	0.4392875880002978
1332	0.4394189119338988
1333	0.439549021422863
1334	0.439696602523327
1335	0.4398388415575027
1336	0.4399784356355665
1337	0.440140686929226
1338	0.4403101056814193
1339	0.440468803048134
1340	0.4406114667654037
1341	0.440709389746189
1342	0.4407906159758565
1343	0.4409061148762702
1344	0.4410324841737747
1345	0.4411804154515265
1346	0.4413307905197142
1347	0.4414422139525413
1348	0.4415521919727324
1349	0.4416764825582505
1350	0.441802695393562
1351	0.4419264420866968
1352	0.4420483857393263
1353	0.4421567097306253
1354	0.442291185259819
1355	0.4424200654029848
1356	0.4425317272543907
1357	0.4426973909139635
1358	0.4428273513913155
1359	0.4428914636373517
1360	0.4429930821061132
1361	0.44312085211277
1362	0.4432579129934312
1363	0.4433672949671745
1364	0.4434413611888884
1365	0.4435297176241875
1366	0.443601921200752
1367	0.4436967447400093
1368	0.4437942802906037
1369	0.4438320845365522
1370	0.443868450820446
1371	0.4438739269971848
1372	0.4438672438263893
1373	0.4438680559396745
1374	0.4438428133726121
1375	0.4437824115157127
1376	0.4437229111790655
1377	0.4436724931001663
1378	0.4435839056968692
1379	0.443492129445076
1380	0.4433885812759398
1381	0.4432669803500175
1382	0.4431342184543607
1383	0.4429560154676437
1384	0.4427586048841478
1385	0.442559041082859
1386	0.4423445612192153
1387	0.442143313586712
1388	0.4419347047805785
1389	0.4416716322302818
1390	0.441387690603733
1391	0.4410941824316977
1392	0.4407863393425943
1393	0.4404662400484083
1394	0.4401185363531113
1395	0.439747177064419
1396	0.4393487721681595
1397	0.4389190450310708
1398	0.4384457617998123
1399	0.437994420528412
1400	0.4375193491578103
1401	0.437068276107311
1402	0.4366430193185805
1403	0.43620378524065
1404	0.4357732087373735
1405	0.4353368505835532
1406	0.4348749890923503
1407	0.4344741255044938
1408	0.4340891614556315
1409	0.4336900860071182
1410	0.4333859458565713
1411	0.4331316947937012
1412	0.4329570382833483
1413	0.4328840672969818
1414	0.4329501241445542
1415	0.4332366585731505
1416	0.433633230626583
1417	0.4341638758778572
1418	0.434760257601738
1419	0.4353334680199622
1420	0.4359519779682161
1421	0.4365500137209892
1422	0.437130831182003
1423	0.4377093389630317
1424	0.4382775723934175
1425	0.4388319700956347
1426	0.4393754228949545
1427	0.4399213418364525
1428	0.4404384493827818
1429	0.4409447759389877
1430	0.4414176493883133
1431	0.4418411925435065
1432	0.4422633945941925
1433	0.4427031427621842
1434	0.443109951913357
1435	0.443499632179737
1436	0.4439266398549078
1437	0.4443348199129105
1438	0.4446974992752073
1439	0.445081777870655
1440	0.4454687833786013
1441	0.445819452404976
1442	0.4461667165160178
1443	0.4465175047516823
1444	0.446869559586048
1445	0.4471876174211503
1446	0.4474673643708227
1447	0.4477685168385508
1448	0.4480491429567335
1449	0.4483102858066558
1450	0.4485605210065842
1451	0.4487941414117815
1452	0.4489929750561713
1453	0.4492104277014735
1454	0.4494176357984545
1455	0.4496130719780925
1456	0.4498254358768463
1457	0.4500197693705557
1458	0.4501848220825195
1459	0.450366884469986
1460	0.4505693465471268
1461	0.450743891298771
1462	0.4509241953492162
1463	0.451116994023323
1464	0.4512905701994898
1465	0.4514537528157233
1466	0.451636843383312
1467	0.4518107622861863
1468	0.4519707038998605
1469	0.4521601721644403
1470	0.4523727223277092
1471	0.4526183903217315
1472	0.4528875797986982
1473	0.4531333446502688
1474	0.453363597393036
1475	0.4535738602280618
1476	0.453776441514492
1477	0.4540340974926945
1478	0.4543154016137125
1479	0.4545530527830125
1480	0.4547818303108215
1481	0.455027386546135
1482	0.4552450850605962
1483	0.455407701432705
1484	0.4556134715676307
1485	0.455834522843361
1486	0.4560563117265702
1487	0.4563102647662163
1488	0.4565375372767447
1489	0.4567637518048285
1490	0.456960201263428
1491	0.4571161791682245
1492	0.457278810441494
1493	0.4574383720755578
1494	0.4575869217514993
1495	0.4577179923653603
1496	0.4578687474131585
1497	0.4580406844615937
1498	0.4582202583551408
1499	0.458398848772049
1500	0.4585877433419228
1501	0.4587858542799952
1502	0.4589714631438255
1503	0.459133192896843
1504	0.4592716470360758
1505	0.4594218581914903
1506	0.4595695361495017
1507	0.4597012624144555
1508	0.4598663970828057
1509	0.4600419774651527
1510	0.4602244719862938
1511	0.4604185670614243
1512	0.460607685148716
1513	0.4607966616749765
1514	0.4609437584877015
1515	0.4610724076628687
1516	0.461224839091301
1517	0.4613882005214693
1518	0.4615285769104955
1519	0.4616433233022688
1520	0.4617868661880495
1521	0.4619430527091027
1522	0.462081842124462
1523	0.4622354283928872
1524	0.4624402374029162
1525	0.4626150280237195
1526	0.4627548530697823
1527	0.4629149809479712
1528	0.4631143361330035
1529	0.4632482677698135
1530	0.4633322209119797
1531	0.4634562358260155
1532	0.46357661485672
1533	0.4636939764022828
1534	0.4638288542628288
1535	0.463947057723999
1536	0.4640699177980425
1537	0.4641829505562782
1538	0.4643213897943495
1539	0.4644876196980477
1540	0.464613176882267
1541	0.464723043143749
1542	0.4648328572511672
1543	0.4649427831172943
1544	0.4651023223996162
1545	0.4652652218937875
1546	0.4653894007205962
1547	0.4655213728547095
1548	0.4656586572527882
1549	0.465785317122936
1550	0.465913325548172
1551	0.4660579189658165
1552	0.4662186130881311
1553	0.4663536921143533
1554	0.4664654731750485
1555	0.4665978252887725
1556	0.4667347297072413
1557	0.4668531566858293
1558	0.4669781625270845
1559	0.4671114757657053
1560	0.4672254920005798
1561	0.4673278257250788
1562	0.4674503058195112
1563	0.4675873294472693
1564	0.4677212834358218
1565	0.4678342565894127
1566	0.4679336473345758
1567	0.4680865779519082
1568	0.468244582414627
1569	0.4683472886681558
1570	0.4684702977538107
1571	0.4685873091220858
1572	0.4686597585678101
1573	0.4687455147504805
1574	0.4688364043831825
1575	0.468944765627384
1576	0.4690833389759063
1577	0.469268798828125
1578	0.46942225843668
1579	0.469593547284603
1580	0.4697379618883133
1581	0.4698539450764655
1582	0.4699904471635822
1583	0.470125965774059
1584	0.4702484533190731
1585	0.4703757837414743
1586	0.4704905971884727
1587	0.4705950021743777
1588	0.4707114025950432
1589	0.4708160385489462
1590	0.4709298089146612
1591	0.4710561633110045
1592	0.4711741358041766
1593	0.4713008254766463
1594	0.4714040383696555
1595	0.4714913815259932
1596	0.4716154411435127
1597	0.4717324227094652
1598	0.4718259647488595
1599	0.4719531312584877
1600	0.472079135477543
1601	0.4721991419792175
1602	0.4723565354943275
1603	0.472508877515793
1604	0.4726388677954673
1605	0.472773030400276
1606	0.4728774353861808
1607	0.472964994609356
1608	0.4730735868215558
1609	0.4731902033090593
1610	0.473319835960865
1611	0.473449885845184
1612	0.4735910296440126
1613	0.4737149477005005
1614	0.4737873822450638
1615	0.4738836362957956
1616	0.4739849567413327
1617	0.4740663766860962
1618	0.4742036163806913
1619	0.474361777305603
1620	0.4745013862848282
1621	0.4746324867010115
1622	0.474756062030792
1623	0.474869340658188
1624	0.4749474450945855
1625	0.4750467836856843
1626	0.4751751944422722
1627	0.4752519801259042
1628	0.4753213673830032
1629	0.4754269346594813
1630	0.4755093082785607
1631	0.4755891039967537
1632	0.4756999984383582
1633	0.475812427699566
1634	0.4759291782975198
1635	0.4760628417134285
1636	0.4761919155716898
1637	0.476291671395302
1638	0.4763793870806695
1639	0.4765112251043317
1640	0.4766808450222015
1641	0.4767968952655792
1642	0.476897731423378
1643	0.4770221710205077
1644	0.4771070331335068
1645	0.4771916419267654
1646	0.4772823303937912
1647	0.4773570671677591
1648	0.4774553030729293
1649	0.4775831326842307
1650	0.477709785103798
1651	0.4778184667229655
1652	0.4779401570558547
1653	0.4780598357319832
1654	0.4781621098518373
1655	0.4782703071832655
1656	0.4783516749739645
1657	0.4784264117479325
1658	0.4785449728369712
1659	0.4786798357963563
1660	0.4787929952144625
1661	0.4788946211338043
1662	0.4789863005280497
1663	0.4790700748562815
1664	0.479193851351738
1665	0.479339502751827
1666	0.479467235505581
1667	0.4795917049050332
1668	0.479716591536999
1669	0.479821026325226
1670	0.4798809885978698
1671	0.47996037453413
1672	0.4800812825560573
1673	0.4801548495888712
1674	0.4802505299448967
1675	0.4803843274712562
1676	0.480443127453327
1677	0.4804792106151583
1678	0.4805601313710213
1679	0.4806346893310547
1680	0.4806753993034365
1681	0.480724476277828
1682	0.4807796254754068
1683	0.4808453246951103
1684	0.4809319972991945
1685	0.481002755463123
1686	0.4810836315155027
1687	0.481174319982529
1688	0.4812430888414382
1689	0.4813548624515536
1690	0.4814673438668253
1691	0.4815226420760153
1692	0.481616534292698
1693	0.4817148447036742
1694	0.4817766621708868
1695	0.4818761497735975
1696	0.481982544064522
1697	0.4820460751652718
1698	0.4821374118328092
1699	0.4822753518819807
1700	0.48236146569252
1701	0.4824172481894492
1702	0.482522629201412
1703	0.4826254919171334
1704	0.4826808273792266
1705	0.4827516824007035
1706	0.482858844101429
1707	0.4829446822404863
1708	0.4830307662487027
1709	0.4831509366631507
1710	0.4832580462098122
1711	0.4833231046795845
1712	0.4833937734365462
1713	0.4834986478090288
1714	0.4835512191057207
1715	0.4835756048560143
1716	0.4836668893694878
1717	0.4837364181876183
1718	0.4837710112333297
1719	0.483850859105587
1720	0.48390831053257
1721	0.4839529544115064
1722	0.4840280041098595
1723	0.4840735271573067
1724	0.4841083213686945
1725	0.4841364175081252
1726	0.4841712862253187
1727	0.4842428714036943
1728	0.4842688515782355
1729	0.4842727556824682
1730	0.484324961900711
1731	0.4843858033418655
1732	0.48446274548769
1733	0.4845489934086797
1734	0.4846146926283835
1735	0.4846834391355512
1736	0.4847923889756205
1737	0.4849170893430708
1738	0.484983615577221
1739	0.485030025243759
1740	0.4850836098194122
1741	0.4851077347993852
1742	0.4851749986410143
1743	0.4852631092071535
1744	0.4852875173091891
1745	0.4853197932243347
1746	0.4853641241788862
1747	0.4853942841291428
1748	0.4854321256279944
1749	0.4854682087898255
1750	0.4855171740055082
1751	0.4855577871203425
1752	0.485593281686306
1753	0.4856474548578263
1754	0.485691323876381
1755	0.4857202619314195
1756	0.485703393816948
1757	0.4857110157608985
1758	0.4857340604066848
1759	0.4857789725065232
1760	0.4858603551983832
1761	0.4859248548746107
1762	0.4859738498926163
1763	0.4860327094793317
1764	0.486107476055622
1765	0.4861445426940917
1766	0.486191689968109
1767	0.4862668365240095
1768	0.4863008409738542
1769	0.4863340109586715
1770	0.486444056034088
1771	0.486524373292923
1772	0.4865660518407823
1773	0.4866600781679155
1774	0.4867269247770313
1775	0.486749924719334
1776	0.4868090823292733
1777	0.486886389553547
1778	0.4869089201092723
1779	0.4869527742266655
1780	0.487044058740139
1781	0.4870666936039922
1782	0.4871073514223098
1783	0.4871675595641137
1784	0.4871689453721045
1785	0.4872276633977892
1786	0.4873380511999127
1787	0.4874303713440895
1788	0.4875201806426047
1789	0.487610973417759
1790	0.4877055808901785
1791	0.487810127437115
1792	0.4879169836640357
1793	0.4880024567246438
1794	0.488086499273777
1795	0.4881879165768624
1796	0.488260693848133
1797	0.4883264228701593
1798	0.488420709967613
1799	0.4885076582431793
1800	0.4885516315698628
1801	0.4871757850050927
1802	0.4879365339875222
1803	0.4884538128972052
1804	0.4890120923519136
1805	0.489488884806633
1806	0.4898581653833388
1807	0.4902536273002625
1808	0.4906077608466147
1809	0.490884400904179
1810	0.4911763444542885
1811	0.4915070384740831
1812	0.491712749004364
1813	0.4917799234390258
1814	0.491991363465786
1815	0.4922261536121367
1816	0.4923462048172952
1817	0.4924389496445657
1818	0.4925296306610107
1819	0.4926681742072105
1820	0.492790199816227
1821	0.4928847178816798
1822	0.493003875017166
1823	0.493169829249382
1824	0.4932547062635422
1825	0.4933541715145108
1826	0.4935292154550555
1827	0.493653178215027
1828	0.493824802339077
1829	0.4940168634057045
1830	0.4941791594028475
1831	0.4943529963493348
1832	0.4945742860436441
1833	0.494674891233444
1834	0.4948015213012698
1835	0.4949484467506405
1836	0.4950146079063417
1837	0.495148703455925
1838	0.495365060865879
1839	0.4955051839351655
1840	0.495590418577194
1841	0.4957385733723643
1842	0.4959976449608802
1843	0.4961142987012863
1844	0.496151216328144
1845	0.496316097676754
1846	0.4964884519577025
1847	0.4966190680861472
1848	0.4967351928353307
1849	0.496914967894554
1850	0.49710313975811
1851	0.4971769824624063
1852	0.4972571954131128
1853	0.4973725080490112
1854	0.4973952993750573
1855	0.4974312260746955
1856	0.4974339604377745
1857	0.4974497482180594
1858	0.497452348470688
1859	0.4974798783659935
1860	0.4975776821374892
1861	0.4975610002875328
1862	0.4975069537758827
1863	0.497469909489155
1864	0.497365780174732
1865	0.4972495436668395
1866	0.4971222132444383
1867	0.4970079064369201
1868	0.49689406901598
1869	0.496733531355858
1870	0.4964602813124658
1871	0.4961443319916725
1872	0.4958735555410387
1873	0.4956187009811402
1874	0.495338462293148
1875	0.4949807599186897
1876	0.4946232661604882
1877	0.494173511862755
1878	0.4936416000127792
1879	0.4930735304951667
1880	0.4924670830368995
1881	0.4917511269450188
1882	0.490849107503891
1883	0.4898913800716397
1884	0.488932766020298
1885	0.4879407584667208
1886	0.4868658259510995
1887	0.4857711121439935
1888	0.4844148829579355
1889	0.48275700956583
1890	0.4811023771762847
1891	0.4792905673384668
1892	0.4772368744015695
1893	0.4751082658767702
1894	0.4728544130921359
1895	0.47053375095129
1896	0.4680328220129015
1897	0.4655498787760735
1898	0.4630489051342013
1899	0.460675112903118
1900	0.458422213792801
1901	0.456260822713375
1902	0.45438601821661
1903	0.4526202380657195
1904	0.451033942401409
1905	0.449537970125675
1906	0.4483850002288818
1907	0.4474197924137115
1908	0.4466613233089445
1909	0.4461765363812448
1910	0.4459203407168387
1911	0.4458913430571558
1912	0.4460145607590675
1913	0.4462659657001495
1914	0.4466565027832985
1915	0.447139360010624
1916	0.4477449357509612
1917	0.4484937712550165
1918	0.4493116959929468
1919	0.4501146897673607
1920	0.4509725272655485
1921	0.4519409090280535
1922	0.4529376626014709
1923	0.4539319202303885
1924	0.45493895560503
1925	0.4559081047773362
1926	0.456824138760567
1927	0.457701623439789
1928	0.458605661988258
1929	0.4594733342528345
1930	0.460261307656765
1931	0.4610025063157082
1932	0.4617864415049555
1933	0.4625550955533982
1934	0.4632627218961715
1935	0.464050240814686
1936	0.46481616795063
1937	0.4655622392892838
1938	0.4662657827138902
1939	0.466986872255802
1940	0.4676205664873122
1941	0.4681900888681412
1942	0.4687781780958178
1943	0.4693567156791688
1944	0.469903476536274
1945	0.4704607650637628
1946	0.4709794595837592
1947	0.471474029123783
1948	0.471941240131855
1949	0.472467198967934
1950	0.4729915484786035
1951	0.4734320640563968
1952	0.4738419726490976
1953	0.4743009358644485
1954	0.474750854074955
1955	0.4751301854848863
1956	0.4755606725811959
1957	0.4760666862130165
1958	0.4765598997473718
1959	0.477015867829323
1960	0.4775575026869773
1961	0.4780842810869217
1962	0.4785358682274817
1963	0.4789992272853852
1964	0.4794427677989005
1965	0.4799057617783548
1966	0.4804289862513542
1967	0.4809145703911782
1968	0.4813294112682345
1969	0.48182363063097
1970	0.4823898002505305
1971	0.4828422665596011
1972	0.4833723828196522
1973	0.4840070679783822
1974	0.4844943210482597
1975	0.4849729537963866
1976	0.485515333712101
1977	0.4859311133623125
1978	0.4863020107150077
1979	0.4865673184394838
1980	0.487046927213669
1981	0.487590692937374
1982	0.488025240600109
1983	0.4885644614696505
1984	0.4891602471470833
1985	0.489547960460186
1986	0.489912420511246
1987	0.4904500544071198
1988	0.491013519465923
1989	0.4915283992886543
1990	0.491943761706352
1991	0.4923776239156725
1992	0.492760367691517
1993	0.4931898042559623
1994	0.4936202466487885
1995	0.4940703138709067
1996	0.4945190623402595
1997	0.4949572533369065
1998	0.4954559430480003
1999	0.495965763926506
2000	0.4964050352573395
2001	0.496861793100834
2002	0.4973388016223907
2003	0.4977499544620515
2004	0.498172454535961
2005	0.4986724406480788
2006	0.4991482496261595
2007	0.499475732445717
2008	0.4999219849705697
2009	0.500417657196522
2010	0.500872477889061
2011	0.5013595446944235
2012	0.5018541291356085
2013	0.5023224279284475
2014	0.5027954354882243
2015	0.5032332241535187
2016	0.5036809369921684
2017	0.5040618628263472
2018	0.5043692290782924
2019	0.504695266485214
2020	0.505144827067852
2021	0.5055592283606527
2022	0.5058725997805595
2023	0.5062368437647821
2024	0.5065672695636749
2025	0.5067592635750771
2026	0.5070813968777658
2027	0.5075954124331472
2028	0.507982715964317
2029	0.5083179026842117
2030	0.5086755529046058
2031	0.5090087279677393
2032	0.5093468800187115
2033	0.5097971260547638
2034	0.5101385489106178
2035	0.5104072168469428
2036	0.5107125341892242
2037	0.5109824538230895
2038	0.5112586766481403
2039	0.5115516111254692
2040	0.511950023472309
2041	0.5122353509068487
2042	0.5124050527811053
2043	0.5126815736293793
2044	0.513029493391514
2045	0.5132766291499136
2046	0.5134931206703187
2047	0.5137230008840563
2048	0.5138856992125511
2049	0.5141614973545073
2050	0.5144995525479318
2051	0.5150359272956847
2052	0.5153114050626755
2053	0.5154927372932437
2054	0.5157345011830332
2055	0.5159266963601112
2056	0.5160839557647707
2057	0.5162490531802177
2058	0.5163997411727903
2059	0.5165659934282305
2060	0.5167191103100778
2061	0.5170489847660065
2062	0.5173976123332977
2063	0.5175870209932327
2064	0.5177665129303932
2065	0.5179334804415703
2066	0.5180565789341928
2067	0.5182053446769714
2068	0.5182901695370675
2069	0.5184743553400037
2070	0.5187528654932978
2071	0.5189690962433815
2072	0.5190751403570175
2073	0.5193219780921935
2074	0.5195666253566745
2075	0.519716277718544
2076	0.5200316607952118
2077	0.52036426961422
2078	0.520608112215996
2079	0.5208072662353516
2080	0.5209778249263766
2081	0.5210498422384262
2082	0.5212083756923676
2083	0.52135169506073
2084	0.5215145945549012
2085	0.5217442363500595
2086	0.521974042057991
2087	0.5221010595560075
2088	0.5222391337156298
2089	0.5223882645368575
2090	0.5224685370922091
2091	0.5225999504327772
2092	0.5227342545986176
2093	0.5229489356279373
2094	0.5232824236154557
2095	0.5234674364328382
2096	0.5236326903104783
2097	0.5237627029418945
2098	0.5236544907093047
2099	0.5237955451011658
2100	0.5240692794322968
2101	0.5244187414646148
2102	0.5247291028499603
2103	0.5250344723463058
2104	0.5251620858907697
2105	0.5253282338380812
2106	0.5255778133869172
2107	0.5258999764919281
2108	0.5261179655790329
2109	0.5263693779706955
2110	0.5265909433364867
2111	0.5266999751329424
2112	0.526902034878731
2113	0.5271871536970137
2114	0.5274132788181305
2115	0.5276181250810623
2116	0.5278246998786925
2117	0.5280271619558337
2118	0.528288811445236
2119	0.5286671072244644
2120	0.5290734618902208
2121	0.529360309243202
2122	0.5296116620302203
2123	0.5298869460821152
2124	0.5301360189914706
2125	0.530316784977913
2126	0.53046190738678
2127	0.530699461698532
2128	0.5308559089899063
2129	0.5310445278882979
2130	0.5314556658267973
2131	0.5317006260156631
2132	0.5318726897239685
2133	0.531912922859192
2134	0.531893640756607
2135	0.5319556593894957
2136	0.532005250453949
2137	0.5320025980472565
2138	0.5319650918245318
2139	0.5319428443908693
2140	0.5318181514739992
2141	0.5315830558538438
2142	0.5313927233219145
2143	0.5311820507049559
2144	0.5309631079435351
2145	0.5307363569736481
2146	0.5304995775222778
2147	0.5302710086107252
2148	0.5299870371818542
2149	0.529634177684784
2150	0.5293632000684738
2151	0.5289587825536728
2152	0.5284600406885147
2153	0.5280691683292389
2154	0.5275410413742065
2155	0.5269719809293748
2156	0.5262802243232725
2157	0.5257995873689653
2158	0.5254391431808473
2159	0.52484792470932
2160	0.5243018865585327
2161	0.5236947685480117
2162	0.5227334350347517
2163	0.5220501869916918
2164	0.5216743350028993
2165	0.5210639685392382
2166	0.5203580558300018
2167	0.5197309255599978
2168	0.5190200060606003
2169	0.5182756781578062
2170	0.5176696330308915
2171	0.5170358866453173
2172	0.5164392590522767
2173	0.5159149840474128
2174	0.5152534544467925
2175	0.5145133435726165
2176	0.5138185471296309
2177	0.5130194202065468
2178	0.5123217180371288
2179	0.5118338242173195
2180	0.5111433565616608
2181	0.5103037133812902
2182	0.5095001459121702
2183	0.5085817053914072
2184	0.507773384451866
2185	0.5070962905883788
2186	0.5063713490962982
2187	0.5055013000965117
2188	0.5045494213700294
2189	0.5036169216036798
2190	0.502754621207714
2191	0.5018300786614418
2192	0.5009713470935823
2193	0.5000733286142347
2194	0.4989949837327002
2195	0.4981142058968543
2196	0.4974252581596375
2197	0.4966505840420722
2198	0.4958486109971997
2199	0.495150603353977
2200	0.4945130199193955
2201	0.4938090071082112
2202	0.4931813701987265
2203	0.4925385788083078
2204	0.49180106818676
2205	0.4910710677504537
2206	0.4906940907239915
2207	0.4902499765157697
2208	0.489867016673088
2209	0.4898178204894065
2210	0.4898243099451065
2211	0.4899157285690305
2212	0.4900865852832795
2213	0.4904853850603103
2214	0.4908058866858482
2215	0.4911365658044815
2216	0.4914616867899895
2217	0.4918407127261162
2218	0.4922192320227622
2219	0.4925488829612732
2220	0.492915004491806
2221	0.493371404707432
2222	0.4937749728560447
2223	0.4942099079489708
2224	0.4945336654782295
2225	0.4947879165410995
2226	0.4950084313750268
2227	0.495193526148796
2228	0.4953959733247755
2229	0.4957829788327215
2230	0.4961703941226002
2231	0.4963242113590243
2232	0.4965335801243783
2233	0.4967394545674323
2234	0.4968750327825545
2235	0.4969630762934685
2236	0.4971073493361475
2237	0.4971801489591597
2238	0.4971090480685235
2239	0.4971217289566995
2240	0.4971802607178687
2241	0.4972019717097283
2242	0.4971997067332267
2243	0.4972143396735192
2244	0.4971768334507943
2245	0.4972033128142355
2246	0.4973633661866187
2247	0.4974039867520332
2248	0.4974085316061975
2249	0.497382029891014
2250	0.4974441751837732
2251	0.4974329322576522
2252	0.497417651116848
2253	0.4976965114474295
2254	0.4979735240340232
2255	0.4979595541954043
2256	0.4981070160865785
2257	0.4983773380517963
2258	0.4984932467341422
2259	0.4984680116176605
2260	0.4987002313137054
2261	0.499012418091297
2262	0.4991947934031488
2263	0.49944020062685
2264	0.4997277706861493
2265	0.499946616590023
2266	0.5001736134290695
2267	0.5005449950695038
2268	0.500857762992382
2269	0.5010780617594717
2270	0.5012627691030502
2271	0.501483477652073
2272	0.5016360953450202
2273	0.5015974640846252
2274	0.5017087757587433
2275	0.501944534480572
2276	0.5020719692111015
2277	0.5020239874720575
2278	0.5018806979060173
2279	0.5018143057823178
2280	0.5018779411911964
2281	0.5017396360635757
2282	0.501655377447605
2283	0.5015820190310478
2284	0.5012344196438789
2285	0.501184768974781
2286	0.5015489757061005
2287	0.501486897468567
2288	0.5012609735131266
2289	0.5010811015963552
2290	0.5007090270519258
2291	0.500427283346653
2292	0.500201463699341
2293	0.5001019909977913
2294	0.500005878508091
2295	0.4999157413840293
2296	0.499958299100399
2297	0.4999545812606813
2298	0.4999944269657135
2299	0.49996293336153
2300	0.4997832328081132
2301	0.499786138534546
2302	0.4998216480016707
2303	0.4999047741293908
2304	0.4999165683984755
2305	0.499911680817604
2306	0.4998516589403152
2307	0.4996015280485152
2308	0.499493047595024
2309	0.4997795000672339
2310	0.499781012535095
2311	0.4994846433401107
2312	0.4995719194412233
2313	0.4996071830391885
2314	0.499554045498371
2315	0.4998653829097748
2316	0.4999740794301032
2317	0.499969594180584
2318	0.4999640509486198
2319	0.5000046864151955
2320	0.4999307319521902
2321	0.4996300935745238
2322	0.49958448857069
2323	0.4996883347630503
2324	0.4996660351753235
2325	0.499787136912346
2326	0.499776028096676
2327	0.4994825646281245
2328	0.4993052706122401
2329	0.4992289319634438
2330	0.49909633398056
2331	0.4990146979689598
2332	0.498874917626381
2333	0.4985588490962981
2334	0.4983844608068465
2335	0.4982793256640432
2336	0.4980676472187043
2337	0.4980475008487703
2338	0.4982673823833466
2339	0.4982891380786896
2340	0.498273976147175
2341	0.498273007571697
2342	0.4980220720171928
2343	0.4979018867015835
2344	0.4979816004633902
2345	0.4979227781295775
2346	0.4981072917580602
2347	0.4981733858585358
2348	0.497885435819626
2349	0.4978451207280157
2350	0.4977538138628005
2351	0.4976470023393633
2352	0.4978506341576578
2353	0.4980719089508056
2354	0.4980574175715448
2355	0.4978116899728775
2356	0.497735820710659
2357	0.4980403557419777
2358	0.4980649799108505
2359	0.4979585334658625
2360	0.4983446151018143
2361	0.49844641238451
2362	0.498149275779724
2363	0.4980247393250465
2364	0.4980408996343613
2365	0.4980021119117738
2366	0.497812941670418
2367	0.4978851974010468
2368	0.4981632456183432
2369	0.4981801211833955
2370	0.4981927573680878
2371	0.4982848167419432
2372	0.498561605811119
2373	0.498418889939785
2374	0.498097635805607
2375	0.4975172951817513
2376	0.497279815375805
2377	0.4970467537641525
2378	0.4968495294451715
2379	0.4971280246973038
2380	0.4967991486191748
2381	0.4961035400629042
2382	0.496293269097805
2383	0.4965297579765317
2384	0.4958506748080255
2385	0.4956470727920532
2386	0.4959957525134085
2387	0.4955301880836485
2388	0.4953888431191443
2389	0.4957916364073752
2390	0.4953135102987288
2391	0.4948232099413873
2392	0.4950480461120608
2393	0.4948501735925675
2394	0.4945671781897547
2395	0.4943409711122511
2396	0.4942727088928223
2397	0.4947514086961748
2398	0.4947178885340693
2399	0.4943972751498223
2400	0.4941876605153085
2401	0.4939607530832293
2402	0.4938338026404383
2403	0.4933874532580375
2404	0.4928692355751992
2405	0.492563158273697
2406	0.4923823922872543
2407	0.4924274384975436
2408	0.4924787580966948
2409	0.4922422617673873
2410	0.4916832745075227
2411	0.4913158118724823
2412	0.4912293255329135
2413	0.4910816475749015
2414	0.4909399375319483
2415	0.4908948764204982
2416	0.4905990138649939
2417	0.489989787340164
2418	0.4894299060106277
2419	0.4886185228824615
2420	0.4881423041224477
2421	0.4880666136741638
2422	0.487075299024582
2423	0.4862691760063172
2424	0.4862586557865143
2425	0.4857843667268755
2426	0.4854235276579855
2427	0.485514596104622
2428	0.4852172955870629
2429	0.4843843504786493
2430	0.4837916418910024
2431	0.4837405383586885
2432	0.4832320138812065
2433	0.4824875593185425
2434	0.481579378247261
2435	0.481186106801033
2436	0.4807384237647055
2437	0.4803316518664357
2438	0.4802606999874115
2439	0.4799969866871835
2440	0.4796110466122627
2441	0.4790934473276139
2442	0.4785336256027223
2443	0.478417471051216
2444	0.478556364774704
2445	0.4779160469770433
2446	0.4768745228648185
2447	0.476755231618881
2448	0.476886421442032
2449	0.476034976541996
2450	0.4749680384993553
2451	0.4751016646623613
2452	0.4752709493041037
2453	0.4744336456060407
2454	0.4742719307541847
2455	0.474253050982952
2456	0.472657419741154
2457	0.4719217866659165
2458	0.4732944145798683
2459	0.4733947962522507
2460	0.4720249995589257
2461	0.4713187068700787
2462	0.4704128205776215
2463	0.4703362658619882
2464	0.4715034812688828
2465	0.4713603556156157
2466	0.4711150452494622
2467	0.4707724004983902
2468	0.4687218144536018
2469	0.468227684497833
2470	0.469629056751728
2471	0.4697802215814593
2472	0.4694341570138932
2473	0.4691777303814887
2474	0.4688641652464868
2475	0.4682036489248277
2476	0.466817319393158
2477	0.4665150418877603
2478	0.466824099421501
2479	0.4658469185233117
2480	0.4645014256238937
2481	0.4648434221744537
2482	0.4652546793222425
2483	0.4649643227458
2484	0.4664287269115445
2485	0.4670453742146493
2486	0.4651889726519582
2487	0.4647345170378685
2488	0.4668998494744302
2489	0.466479778289795
2490	0.463188201189041
2491	0.4624629095196722
2492	0.4616996943950653
2493	0.4620929881930352
2494	0.4661015570163727
2495	0.4668360576033593
2496	0.4654023423790933
2497	0.4656637981534005
2498	0.465008571743965
2499	0.4654690772294998
2500	0.4694498032331465
