350	0.105047628283501
351	0.103806287050247
352	0.0989134311676025
353	0.0988042950630188
354	0.101470500230789
355	0.0994898900389671
356	0.0996284708380699
357	0.100626893341541
358	0.100003935396671
359	0.100376315414906
360	0.100160911679268
361	0.0987402945756912
362	0.0993510410189629
363	0.101626813411713
364	0.104172006249428
365	0.103859104216099
366	0.102333605289459
367	0.100609138607979
368	0.0996486246585846
369	0.101633168756962
370	0.104079626500607
371	0.103949822485447
372	0.104601234197617
373	0.105978697538376
374	0.107255935668945
375	0.106194689869881
376	0.106163308024406
377	0.107688881456852
378	0.106961138546467
379	0.107697539031506
380	0.109351679682732
381	0.109133444726467
382	0.109475761651993
383	0.110847160220146
384	0.112877853214741
385	0.113100469112396
386	0.112195461988449
387	0.111463405191898
388	0.113316856324673
389	0.114082612097263
390	0.113188602030277
391	0.114367231726646
392	0.114927783608437
393	0.115034140646458
394	0.116182722151279
395	0.116643592715263
396	0.116875782608986
397	0.117632888257504
398	0.117883808910847
399	0.117928929626942
400	0.118138931691647
401	0.118748351931572
402	0.119420699775219
403	0.12006451189518
404	0.120977103710175
405	0.121364094316959
406	0.12156192958355
407	0.122474879026413
408	0.12269526720047
409	0.122668705880642
410	0.123136147856712
411	0.123741634190083
412	0.1243776679039
413	0.124963372945786
414	0.125291258096695
415	0.126246333122253
416	0.127577543258667
417	0.127388060092926
418	0.127369269728661
419	0.12794092297554
420	0.128968849778175
421	0.129448249936104
422	0.129611194133759
423	0.129957184195518
424	0.130517035722733
425	0.131065353751183
426	0.131516262888908
427	0.132251769304276
428	0.132997840642929
429	0.133638367056847
430	0.134219259023666
431	0.13487434387207
432	0.135620713233948
433	0.136411681771278
434	0.137230411171913
435	0.13800348341465
436	0.13868048787117
437	0.139450281858444
438	0.140139728784561
439	0.140709355473518
440	0.14159232378006
441	0.142411455512047
442	0.143102824687958
443	0.144002988934517
444	0.144738048315048
445	0.145338281989098
446	0.146017357707024
447	0.14654253423214
448	0.147162228822708
449	0.148113608360291
450	0.148945391178131
451	0.149605348706245
452	0.150166317820549
453	0.150928974151611
454	0.151722744107246
455	0.152441695332527
456	0.153036594390869
457	0.153458923101425
458	0.153865233063698
459	0.154500678181648
460	0.154965683817863
461	0.155461937189102
462	0.15621292591095
463	0.156861662864685
464	0.157443836331367
465	0.157994300127029
466	0.158457323908806
467	0.158975392580032
468	0.159554436802864
469	0.160056218504906
470	0.160584405064583
471	0.161155447363853
472	0.161746948957443
473	0.162267327308655
474	0.162775963544846
475	0.163321644067764
476	0.163768365979195
477	0.164233475923538
478	0.164781659841537
479	0.165372520685196
480	0.165918752551079
481	0.166445553302765
482	0.167087629437447
483	0.167608007788658
484	0.168078601360321
485	0.168665364384651
486	0.169246762990952
487	0.169876754283905
488	0.170587673783302
489	0.171226307749748
490	0.171885907649994
491	0.172574877738953
492	0.17312003672123
493	0.173683315515518
494	0.174338132143021
495	0.175108313560486
496	0.175806418061256
497	0.176425382494926
498	0.177019059658051
499	0.177639752626419
500	0.178337678313255
501	0.179116666316986
502	0.179873839020729
503	0.180569648742676
504	0.181231364607811
505	0.182004362344742
506	0.182668313384056
507	0.183323636651039
508	0.184231832623482
509	0.184918656945229
510	0.18553338944912
511	0.186313271522522
512	0.187052547931671
513	0.187769815325737
514	0.188484787940979
515	0.18915268778801
516	0.189881294965744
517	0.190683513879776
518	0.191472604870796
519	0.192236065864563
520	0.192966863512993
521	0.193670704960823
522	0.194462820887566
523	0.195269748568535
524	0.1960209608078
525	0.196847826242447
526	0.197631329298019
527	0.198345452547073
528	0.199188470840454
529	0.200024411082268
530	0.200837671756744
531	0.201707392930984
532	0.202565759420395
533	0.203423231840134
534	0.204311460256577
535	0.20518647134304
536	0.206092447042465
537	0.20704610645771
538	0.207913532853127
539	0.208804607391357
540	0.20976035296917
541	0.21070322394371
542	0.211689665913582
543	0.212702766060829
544	0.213682219386101
545	0.214655697345734
546	0.21569000184536
547	0.216821521520615
548	0.217823952436447
549	0.21889753639698
550	0.220154225826263
551	0.221395403146744
552	0.222660586237907
553	0.223998636007309
554	0.225495845079422
555	0.226930379867554
556	0.22827610373497
557	0.229595124721527
558	0.23091933131218
559	0.232219740748405
560	0.233498379588127
561	0.234931945800781
562	0.236336871981621
563	0.237622752785683
564	0.238884538412094
565	0.240112870931625
566	0.241346016526222
567	0.242644876241684
568	0.243861064314842
569	0.245059654116631
570	0.246347397565842
571	0.247584730386734
572	0.248728677630425
573	0.249802574515343
574	0.250990360975266
575	0.252250373363495
576	0.253503143787384
577	0.254608124494553
578	0.255745679140091
579	0.256903737783432
580	0.257989972829819
581	0.25908425450325
582	0.260145604610443
583	0.26113224029541
584	0.26210018992424
585	0.263038963079453
586	0.263961970806122
587	0.264938652515411
588	0.265885919332504
589	0.266800969839096
590	0.267742812633514
591	0.268561601638794
592	0.269278556108475
593	0.269970327615738
594	0.270658493041992
595	0.271248310804367
596	0.271729946136475
597	0.27243983745575
598	0.273234814405441
599	0.274022549390793
600	0.274792343378067
601	0.275557488203049
602	0.276332259178162
603	0.277132302522659
604	0.27782666683197
605	0.278493374586105
606	0.279211193323135
607	0.279874056577683
608	0.280534535646439
609	0.281210422515869
610	0.281846582889557
611	0.282445967197418
612	0.283047556877136
613	0.283715546131134
614	0.284330397844315
615	0.284889221191406
616	0.285429239273071
617	0.286044716835022
618	0.286643624305725
619	0.287172585725784
620	0.287717908620834
621	0.288273632526398
622	0.288829147815704
623	0.28936979174614
624	0.289912551641464
625	0.290441632270813
626	0.290935933589935
627	0.291432529687881
628	0.291914731264114
629	0.292386740446091
630	0.292950928211212
631	0.293498426675797
632	0.293987184762955
633	0.294463127851486
634	0.294937163591385
635	0.295413821935654
636	0.295889854431152
637	0.296386301517487
638	0.296902865171433
639	0.29742157459259
640	0.297875106334686
641	0.298346102237701
642	0.298858433961868
643	0.299322515726089
644	0.299754798412323
645	0.300189673900604
646	0.300680965185165
647	0.30114808678627
648	0.301594704389572
649	0.30204650759697
650	0.302505612373352
651	0.302945852279663
652	0.303370982408524
653	0.303861051797867
654	0.304345488548279
655	0.304808229207993
656	0.305274486541748
657	0.305675148963928
658	0.306085765361786
659	0.306599169969559
660	0.307064771652222
661	0.307507634162903
662	0.307952791452408
663	0.308366984128952
664	0.3088159263134
665	0.309297621250153
666	0.309736728668213
667	0.310183882713318
668	0.310629844665527
669	0.311050772666931
670	0.311475574970245
671	0.311923712491989
672	0.312403291463852
673	0.312898099422455
674	0.313345104455948
675	0.313754677772522
676	0.314238607883453
677	0.314665466547012
678	0.315062493085861
679	0.315518975257874
680	0.316018968820572
681	0.316509902477264
682	0.316953659057617
683	0.317392021417618
684	0.317854642868042
685	0.318337351083755
686	0.318791002035141
687	0.319237023591995
688	0.319702327251434
689	0.320214986801147
690	0.320677638053894
691	0.321120530366898
692	0.321587532758713
693	0.322066754102707
694	0.322511851787567
695	0.322927057743073
696	0.323397576808929
697	0.32386776804924
698	0.324337214231491
699	0.324826240539551
700	0.325304090976715
701	0.325770080089569
702	0.326224952936172
703	0.326644867658615
704	0.327094167470932
705	0.327582031488419
706	0.328019469976425
707	0.328461706638336
708	0.328911006450653
709	0.32934707403183
710	0.32979154586792
711	0.330233544111252
712	0.330672442913055
713	0.331184834241867
714	0.331662863492966
715	0.332081913948059
716	0.33257868885994
717	0.333016067743301
718	0.333417236804962
719	0.33387953042984
720	0.334252685308456
721	0.334634572267532
722	0.335117757320404
723	0.335553467273712
724	0.335996568202972
725	0.336460202932358
726	0.336874574422836
727	0.337314546108246
728	0.337790310382843
729	0.338281005620956
730	0.3387431204319
731	0.339168190956116
732	0.339570105075836
733	0.340000778436661
734	0.340420216321945
735	0.340826898813248
736	0.341283977031708
737	0.341699779033661
738	0.342100769281387
739	0.342562347650528
740	0.343013316392899
741	0.343433380126953
742	0.343827962875366
743	0.344262003898621
744	0.344697415828705
745	0.345113068819046
746	0.345510512590408
747	0.345952570438385
748	0.346410393714905
749	0.346823990345001
750	0.347252309322357
751	0.347679704427719
752	0.348091542720795
753	0.34850025177002
754	0.348924368619919
755	0.34936311841011
756	0.349792569875717
757	0.350247174501419
758	0.35069215297699
759	0.351074457168579
760	0.351412981748581
761	0.351774036884308
762	0.352195620536804
763	0.352645456790924
764	0.353073418140411
765	0.353461056947708
766	0.353818833827972
767	0.354204595088959
768	0.354613184928894
769	0.355011910200119
770	0.355322033166885
771	0.355691760778427
772	0.356165051460266
773	0.35652831196785
774	0.356901466846466
775	0.357310563325882
776	0.357725769281387
777	0.358040511608124
778	0.35833740234375
779	0.35870960354805
780	0.359094828367233
781	0.359470814466476
782	0.359830141067505
783	0.360187023878098
784	0.360567897558212
785	0.360948264598846
786	0.361281156539917
787	0.36156839132309
788	0.361851066350937
789	0.362170100212097
790	0.362550735473633
791	0.362897604703903
792	0.363201647996902
793	0.363547563552856
794	0.363815158605576
795	0.364066064357758
796	0.364402681589127
797	0.364751189947128
798	0.365081489086151
799	0.365384131669998
800	0.365675449371338
801	0.366040676832199
802	0.366417437791824
803	0.366643309593201
804	0.366920500993729
805	0.367212295532227
806	0.367455393075943
807	0.367725163698196
808	0.368004947900772
809	0.368274092674255
810	0.368502050638199
811	0.368778616189957
812	0.369085013866425
813	0.3693528175354
814	0.369568765163422
815	0.369792640209198
816	0.370051831007004
817	0.370240896940231
818	0.370493620634079
819	0.370783567428589
820	0.370941162109375
821	0.371175765991211
822	0.371443539857864
823	0.371649861335754
824	0.371819376945496
825	0.37198594212532
826	0.372180461883545
827	0.372435837984085
828	0.372671127319336
829	0.372881501913071
830	0.373096078634262
831	0.37327766418457
832	0.373457938432693
833	0.373656928539276
834	0.373823285102844
835	0.373999565839767
836	0.374186098575592
837	0.374343454837799
838	0.37453705072403
839	0.374736309051514
840	0.374902099370956
841	0.375117510557175
842	0.375299900770187
843	0.37543597817421
844	0.375659197568893
845	0.375847548246384
846	0.375988364219666
847	0.376123756170273
848	0.376327991485596
849	0.376536190509796
850	0.376688420772552
851	0.376798748970032
852	0.376925706863403
853	0.377100974321365
854	0.377330511808395
855	0.377509593963623
856	0.377641797065735
857	0.377770394086838
858	0.377975732088089
859	0.378120839595795
860	0.378198623657227
861	0.378413766622543
862	0.378608554601669
863	0.378778338432312
864	0.378967195749283
865	0.379125267267227
866	0.379287868738174
867	0.379467099905014
868	0.379587322473526
869	0.379743129014969
870	0.379914611577988
871	0.380016505718231
872	0.380167245864868
873	0.380377620458603
874	0.380625039339066
875	0.380860596895218
876	0.381030768156052
877	0.38116180896759
878	0.381364524364471
879	0.381539851427078
880	0.381679892539978
881	0.381810545921326
882	0.381980508565903
883	0.382241398096085
884	0.382558524608612
885	0.382759273052216
886	0.382933050394058
887	0.383111715316772
888	0.383307099342346
889	0.383502751588821
890	0.383674889802933
891	0.383828163146973
892	0.384028047323227
893	0.384280502796173
894	0.384548455476761
895	0.384764671325684
896	0.384914040565491
897	0.385091364383698
898	0.385352283716202
899	0.385576903820038
900	0.385777413845062
901	0.385981976985931
902	0.386233568191528
903	0.386471331119537
904	0.386689364910126
905	0.386901527643204
906	0.387143522500992
907	0.387377232313156
908	0.387606173753738
909	0.387887328863144
910	0.38809671998024
911	0.388330489397049
912	0.388685286045074
913	0.38884100317955
914	0.38902735710144
915	0.389350980520248
916	0.389685660600662
917	0.38993364572525
918	0.39014133810997
919	0.390411078929901
920	0.390728622674942
921	0.390984237194061
922	0.391153931617737
923	0.391398638486862
924	0.391672611236572
925	0.3919697701931
926	0.392286777496338
927	0.392562240362167
928	0.392845720052719
929	0.393165290355682
930	0.393465369939804
931	0.393775790929794
932	0.394062668085098
933	0.394269973039627
934	0.394546329975128
935	0.394832283258438
936	0.395085692405701
937	0.395417302846909
938	0.395713716745377
939	0.395981162786484
940	0.396301329135895
941	0.396546512842178
942	0.39682275056839
943	0.397199302911758
944	0.39750662446022
945	0.397718340158463
946	0.397925555706024
947	0.398308634757996
948	0.398631870746613
949	0.398906171321869
950	0.399189740419388
951	0.399507611989975
952	0.399832397699356
953	0.40015110373497
954	0.400462418794632
955	0.400810718536377
956	0.401148349046707
957	0.401415705680847
958	0.401575028896332
959	0.401874154806137
960	0.402310639619827
961	0.402643233537674
962	0.402889728546143
963	0.403100579977036
964	0.403343856334686
965	0.403685837984085
966	0.404072105884552
967	0.404420554637909
968	0.404630959033966
969	0.404956877231598
970	0.405366957187653
971	0.405755132436752
972	0.406026721000671
973	0.406295537948608
974	0.406621992588043
975	0.407006859779358
976	0.407272934913635
977	0.407520830631256
978	0.40786600112915
979	0.408216029405594
980	0.408531039953232
981	0.408821910619736
982	0.409144848585129
983	0.409482926130295
984	0.409880131483078
985	0.410324305295944
986	0.410570591688156
987	0.410857200622559
988	0.411220878362656
989	0.411528825759888
990	0.411767959594727
991	0.41202387213707
992	0.4123495221138
993	0.412617266178131
994	0.412897437810898
995	0.41322785615921
996	0.413612872362137
997	0.413929343223572
998	0.414202988147736
999	0.414483219385147
1000	0.414804697036743
1001	0.413632839918137
1002	0.413827776908875
1003	0.414111465215683
1004	0.414585262537003
1005	0.414875835180283
1006	0.415191650390625
1007	0.415460020303726
1008	0.41560310125351
1009	0.41581729054451
1010	0.416087716817856
1011	0.416334837675095
1012	0.416568726301193
1013	0.416794210672379
1014	0.41704249382019
1015	0.417254269123077
1016	0.417443692684174
1017	0.417638003826141
1018	0.417733937501907
1019	0.417727530002594
1020	0.417810916900635
1021	0.417744308710098
1022	0.41793829202652
1023	0.418412417173386
1024	0.41869044303894
1025	0.419074565172195
1026	0.419320732355118
1027	0.419441014528275
1028	0.41937580704689
1029	0.419625759124756
1030	0.42003858089447
1031	0.420211136341095
1032	0.420457720756531
1033	0.420587599277496
1034	0.42037445306778
1035	0.420483618974686
1036	0.420830577611923
1037	0.421021193265915
1038	0.421225309371948
1039	0.42143252491951
1040	0.421607166528702
1041	0.421707153320313
1042	0.421906560659409
1043	0.422197252511978
1044	0.422390937805176
1045	0.422607809305191
1046	0.422721207141876
1047	0.422683507204056
1048	0.422809273004532
1049	0.422892212867737
1050	0.423088818788528
1051	0.423613160848618
1052	0.423821359872818
1053	0.423827528953552
1054	0.42393633723259
1055	0.423897087574005
1056	0.423901617527008
1057	0.424053341150284
1058	0.424463927745819
1059	0.424615412950516
1060	0.424681514501572
1061	0.424798935651779
1062	0.424806028604507
1063	0.4249327480793
1064	0.425161480903625
1065	0.425393491983414
1066	0.425673514604568
1067	0.425891041755676
1068	0.426132202148438
1069	0.42638286948204
1070	0.426459908485413
1071	0.426292806863785
1072	0.426535367965698
1073	0.426915943622589
1074	0.427138149738312
1075	0.427645653486252
1076	0.427817553281784
1077	0.427531063556671
1078	0.427578449249268
1079	0.427740961313248
1080	0.427866041660309
1081	0.428099036216736
1082	0.428286045789719
1083	0.428423166275024
1084	0.428506076335907
1085	0.428643763065338
1086	0.428804934024811
1087	0.428986251354218
1088	0.429198205471039
1089	0.429363608360291
1090	0.429507315158844
1091	0.429674118757248
1092	0.429827809333801
1093	0.430018573999405
1094	0.430279016494751
1095	0.430477291345596
1096	0.430717557668686
1097	0.430802047252655
1098	0.43082457780838
1099	0.430993795394897
1100	0.431131154298782
1101	0.43129026889801
1102	0.431399583816528
1103	0.431467205286026
1104	0.431605309247971
1105	0.431761652231216
1106	0.431921273469925
1107	0.432153850793839
1108	0.43231400847435
1109	0.432424426078796
1110	0.432532757520676
1111	0.432577550411224
1112	0.432740062475204
1113	0.432933807373047
1114	0.433028966188431
1115	0.433157086372375
1116	0.433321923017502
1117	0.433441698551178
1118	0.433455467224121
1119	0.433612585067749
1120	0.433910965919495
1121	0.434047669172287
1122	0.434155493974686
1123	0.434304028749466
1124	0.434365093708038
1125	0.43441516160965
1126	0.434650510549545
1127	0.434877216815948
1128	0.435005277395248
1129	0.435166865587235
1130	0.435325682163239
1131	0.435430288314819
1132	0.435603022575378
1133	0.43590971827507
1134	0.43603304028511
1135	0.435991883277893
1136	0.436147570610046
1137	0.436363250017166
1138	0.436493098735809
1139	0.436691254377365
1140	0.436880260705948
1141	0.436963737010956
1142	0.437036901712418
1143	0.437213182449341
1144	0.437469094991684
1145	0.43763655424118
1146	0.437761247158051
1147	0.43787744641304
1148	0.437959015369415
1149	0.438058376312256
1150	0.438152492046356
1151	0.43829208612442
1152	0.43847718834877
1153	0.438578724861145
1154	0.438728809356689
1155	0.438814699649811
1156	0.438883692026138
1157	0.439091235399246
1158	0.439320951700211
1159	0.439515322446823
1160	0.439584970474243
1161	0.439602106809616
1162	0.43973508477211
1163	0.439886868000031
1164	0.440027892589569
1165	0.440265595912933
1166	0.440461933612823
1167	0.44058883190155
1168	0.44075819849968
1169	0.440996319055557
1170	0.441177129745483
1171	0.441262066364288
1172	0.441375404596329
1173	0.441603988409042
1174	0.441823869943619
1175	0.442012578248978
1176	0.442258477210999
1177	0.442404389381409
1178	0.442471385002136
1179	0.442605823278427
1180	0.442793428897858
1181	0.442959368228912
1182	0.443147957324982
1183	0.443292647600174
1184	0.443419814109802
1185	0.443539589643478
1186	0.443693786859512
1187	0.443852841854095
1188	0.443961799144745
1189	0.44409853219986
1190	0.444247901439667
1191	0.444356352090836
1192	0.444570660591125
1193	0.444806575775146
1194	0.444968342781067
1195	0.445049911737442
1196	0.445205599069595
1197	0.445368379354477
1198	0.445502072572708
1199	0.445642858743668
1200	0.445784032344818
1201	0.445920675992966
1202	0.446090519428253
1203	0.446200788021088
1204	0.446355372667313
1205	0.446554988622665
1206	0.446645051240921
1207	0.446790188550949
1208	0.447035640478134
1209	0.447238266468048
1210	0.447409480810165
1211	0.447566121816635
1212	0.447730243206024
1213	0.447877436876297
1214	0.447935670614243
1215	0.448068857192993
1216	0.448285549879074
1217	0.448414295911789
1218	0.44846847653389
1219	0.448691219091415
1220	0.448936462402344
1221	0.449084728956223
1222	0.449276477098465
1223	0.449514508247375
1224	0.449705958366394
1225	0.449857175350189
1226	0.449995160102844
1227	0.450154095888138
1228	0.450296878814697
1229	0.450404405593872
1230	0.450549632310867
1231	0.450773417949677
1232	0.450907349586487
1233	0.450976639986038
1234	0.451109349727631
1235	0.451205909252167
1236	0.451309770345688
1237	0.451471358537674
1238	0.451626598834991
1239	0.451805084943771
1240	0.451962321996689
1241	0.452130496501923
1242	0.452380836009979
1243	0.452603608369827
1244	0.452773571014404
1245	0.452971875667572
1246	0.453143328428268
1247	0.453292787075043
1248	0.453479707241058
1249	0.453643530607224
1250	0.45377790927887
1251	0.453870743513107
1252	0.453967183828354
1253	0.454088181257248
1254	0.454207956790924
1255	0.45430663228035
1256	0.454495668411255
1257	0.454721391201019
1258	0.454889416694641
1259	0.455062538385391
1260	0.455238878726959
1261	0.455396205186844
1262	0.455523401498795
1263	0.455637693405151
1264	0.455779731273651
1265	0.455937057733536
1266	0.456071615219116
1267	0.456202685832977
1268	0.456338882446289
1269	0.456446528434753
1270	0.456644088029861
1271	0.456801414489746
1272	0.456919074058533
1273	0.457105726003647
1274	0.457225650548935
1275	0.457274198532104
1276	0.457414776086807
1277	0.457608938217163
1278	0.457726180553436
1279	0.457835972309113
1280	0.458034157752991
1281	0.458210617303848
1282	0.458295196294785
1283	0.458437621593475
1284	0.458637952804565
1285	0.458756446838379
1286	0.458938300609589
1287	0.459134787321091
1288	0.459366381168365
1289	0.459501981735229
1290	0.459687650203705
1291	0.459832519292831
1292	0.459874480962753
1293	0.459960609674454
1294	0.460082352161407
1295	0.460221171379089
1296	0.46031641960144
1297	0.460382342338562
1298	0.460553675889969
1299	0.46078297495842
1300	0.460946083068848
1301	0.461074590682983
1302	0.461274176836014
1303	0.461485773324966
1304	0.461609095335007
1305	0.461740404367447
1306	0.461895614862442
1307	0.462009906768799
1308	0.462023615837097
1309	0.462155282497406
1310	0.462369024753571
1311	0.462532520294189
1312	0.462667763233185
1313	0.462802022695541
1314	0.462983250617981
1315	0.463166296482086
1316	0.46330314874649
1317	0.463431626558304
1318	0.463548302650452
1319	0.463659048080444
1320	0.463782131671906
1321	0.46391487121582
1322	0.464095920324326
1323	0.464315593242645
1324	0.464505791664124
1325	0.464641213417053
1326	0.464767128229141
1327	0.464838147163391
1328	0.464967399835587
1329	0.465091943740845
1330	0.465266436338425
1331	0.465462327003479
1332	0.465591847896576
1333	0.465686291456223
1334	0.46582555770874
1335	0.465965241193771
1336	0.466080516576767
1337	0.466265439987183
1338	0.466459363698959
1339	0.466587603092194
1340	0.466722160577774
1341	0.466823309659958
1342	0.466852188110352
1343	0.466910153627396
1344	0.467003673315048
1345	0.467116743326187
1346	0.467321783304214
1347	0.467512100934982
1348	0.467626184225082
1349	0.467759162187576
1350	0.467887699604034
1351	0.467970788478851
1352	0.46808072924614
1353	0.46823662519455
1354	0.468337506055832
1355	0.46840500831604
1356	0.46852320432663
1357	0.468715786933899
1358	0.468888401985168
1359	0.468985497951508
1360	0.469076454639435
1361	0.469162166118622
1362	0.469245284795761
1363	0.469369232654572
1364	0.469488948583603
1365	0.469564288854599
1366	0.469629883766174
1367	0.469778627157211
1368	0.469902575016022
1369	0.469925463199615
1370	0.4699387550354
1371	0.469899892807007
1372	0.469879984855652
1373	0.469867467880249
1374	0.469823241233826
1375	0.469757705926895
1376	0.469727158546448
1377	0.469693869352341
1378	0.469603568315506
1379	0.46951612830162
1380	0.469423294067383
1381	0.469301700592041
1382	0.469177216291428
1383	0.469054639339447
1384	0.46888855099678
1385	0.468647748231888
1386	0.468388855457306
1387	0.468160420656204
1388	0.467910200357437
1389	0.467623382806778
1390	0.467344880104065
1391	0.467040598392487
1392	0.46673196554184
1393	0.466428250074387
1394	0.466064095497131
1395	0.46569886803627
1396	0.465327888727188
1397	0.464897602796555
1398	0.46441987156868
1399	0.463976383209229
1400	0.463480085134506
1401	0.463054716587067
1402	0.462711066007614
1403	0.462263822555542
1404	0.461815267801285
1405	0.461401909589767
1406	0.460908263921738
1407	0.460439801216125
1408	0.460061758756638
1409	0.45967510342598
1410	0.459314972162247
1411	0.459033846855164
1412	0.458867073059082
1413	0.458795934915543
1414	0.458849161863327
1415	0.459136873483658
1416	0.459550887346268
1417	0.460029661655426
1418	0.460575103759766
1419	0.461200475692749
1420	0.461883962154388
1421	0.462501913309097
1422	0.463108420372009
1423	0.463735640048981
1424	0.464311271905899
1425	0.464839369058609
1426	0.46536111831665
1427	0.465856283903122
1428	0.46635577082634
1429	0.466915994882584
1430	0.46742171049118
1431	0.467837244272232
1432	0.468262165784836
1433	0.468695223331451
1434	0.46910759806633
1435	0.469522893428802
1436	0.469929456710815
1437	0.470322340726852
1438	0.470732033252716
1439	0.471132427453995
1440	0.471489310264587
1441	0.471861302852631
1442	0.472230345010757
1443	0.472534447908401
1444	0.472884654998779
1445	0.473259121179581
1446	0.473530322313309
1447	0.473795831203461
1448	0.474073708057404
1449	0.474342554807663
1450	0.47452175617218
1451	0.474745392799377
1452	0.475049257278442
1453	0.475278586149216
1454	0.475418299436569
1455	0.475596934556961
1456	0.475793153047562
1457	0.475969403982162
1458	0.476140081882477
1459	0.476334989070892
1460	0.476512521505356
1461	0.476647168397903
1462	0.476825952529907
1463	0.47701370716095
1464	0.477167159318924
1465	0.477344363927841
1466	0.477500140666962
1467	0.477623641490936
1468	0.4778011739254
1469	0.478000313043594
1470	0.478197872638702
1471	0.478444516658783
1472	0.478681445121765
1473	0.478872030973434
1474	0.479085862636566
1475	0.479337096214294
1476	0.479567259550095
1477	0.479794770479202
1478	0.480062454938889
1479	0.48030024766922
1480	0.480480849742889
1481	0.480682611465454
1482	0.48087552189827
1483	0.481049388647079
1484	0.481224596500397
1485	0.481369733810425
1486	0.481598734855652
1487	0.481929749250412
1488	0.48216450214386
1489	0.482384204864502
1490	0.482588976621628
1491	0.482724815607071
1492	0.482857912778854
1493	0.48298841714859
1494	0.483167052268982
1495	0.483312636613846
1496	0.483460128307343
1497	0.483619928359985
1498	0.483790248632431
1499	0.483965367078781
1500	0.48408654332161
1501	0.484237492084503
1502	0.484445869922638
1503	0.484584361314774
1504	0.48470202088356
1505	0.484857141971588
1506	0.484975278377533
1507	0.485103517770767
1508	0.485274940729141
1509	0.48541185259819
1510	0.485553294420242
1511	0.485704213380814
1512	0.485872089862823
1513	0.486083835363388
1514	0.486239194869995
1515	0.486367583274841
1516	0.48649862408638
1517	0.486632615327835
1518	0.486803531646729
1519	0.486934632062912
1520	0.487037897109985
1521	0.487183749675751
1522	0.487309128046036
1523	0.487463176250458
1524	0.487692326307297
1525	0.487875074148178
1526	0.488033920526505
1527	0.488172769546509
1528	0.488294661045074
1529	0.488428741693497
1530	0.488545298576355
1531	0.488656669855118
1532	0.488794803619385
1533	0.488901674747467
1534	0.488960117101669
1535	0.489062428474426
1536	0.489199489355087
1537	0.48929163813591
1538	0.489446192979813
1539	0.489632934331894
1540	0.489766001701355
1541	0.489908009767532
1542	0.490016609430313
1543	0.490059643983841
1544	0.490134596824646
1545	0.490251928567886
1546	0.490357130765915
1547	0.490461647510529
1548	0.49060446023941
1549	0.490745067596436
1550	0.490880906581879
1551	0.491043478250504
1552	0.491206437349319
1553	0.491361171007156
1554	0.491454899311066
1555	0.49155929684639
1556	0.491742044687271
1557	0.491877138614655
1558	0.49200576543808
1559	0.492153942584991
1560	0.492247313261032
1561	0.492335766553879
1562	0.492438346147537
1563	0.492561668157578
1564	0.492713332176209
1565	0.492820799350739
1566	0.492896646261215
1567	0.49305447936058
1568	0.49318653345108
1569	0.493181347846985
1570	0.493265628814697
1571	0.493436396121979
1572	0.493505746126175
1573	0.493587881326675
1574	0.493694752454758
1575	0.493772655725479
1576	0.493894904851913
1577	0.494079798460007
1578	0.494229733943939
1579	0.494398832321167
1580	0.494520217180252
1581	0.494592756032944
1582	0.494699358940125
1583	0.494812965393066
1584	0.49489814043045
1585	0.494967579841614
1586	0.495069772005081
1587	0.495164752006531
1588	0.495274633169174
1589	0.49543160200119
1590	0.495537996292114
1591	0.495616227388382
1592	0.495708018541336
1593	0.495790332555771
1594	0.495865702629089
1595	0.495957970619202
1596	0.496066480875015
1597	0.496135115623474
1598	0.496229469776154
1599	0.496439069509506
1600	0.496620357036591
1601	0.496724516153336
1602	0.496880143880844
1603	0.497027099132538
1604	0.497116059064865
1605	0.497242957353592
1606	0.497354984283447
1607	0.497423976659775
1608	0.497493326663971
1609	0.497578889131546
1610	0.497743844985962
1611	0.49788960814476
1612	0.497950732707977
1613	0.498094379901886
1614	0.498281419277191
1615	0.498351514339447
1616	0.498425036668777
1617	0.498547285795212
1618	0.498622864484787
1619	0.49874085187912
1620	0.498876363039017
1621	0.498985648155212
1622	0.499118894338608
1623	0.499229937791824
1624	0.499342739582062
1625	0.499435633420944
1626	0.499515533447266
1627	0.499616771936417
1628	0.499697983264923
1629	0.499771744012833
1630	0.499829351902008
1631	0.499900996685028
1632	0.499995052814484
1633	0.500091314315796
1634	0.50019907951355
1635	0.50029194355011
1636	0.500385761260986
1637	0.500506937503815
1638	0.500610768795013
1639	0.500703036785126
1640	0.500832259654999
1641	0.500965595245361
1642	0.501129865646362
1643	0.501279592514038
1644	0.501303851604462
1645	0.501329004764557
1646	0.501423180103302
1647	0.501540243625641
1648	0.501670658588409
1649	0.501778542995453
1650	0.501862585544586
1651	0.501933217048645
1652	0.502056837081909
1653	0.502228796482086
1654	0.502378702163696
1655	0.502504050731659
1656	0.502610445022583
1657	0.502719640731812
1658	0.502796232700348
1659	0.502891838550568
1660	0.503059685230255
1661	0.503180146217346
1662	0.503274619579315
1663	0.503390848636627
1664	0.503479182720184
1665	0.503575384616852
1666	0.50374436378479
1667	0.503931820392609
1668	0.504011929035187
1669	0.504069745540619
1670	0.504203498363495
1671	0.504326641559601
1672	0.50440925359726
1673	0.504527628421783
1674	0.504649043083191
1675	0.504682064056396
1676	0.504767417907715
1677	0.504931211471558
1678	0.505025446414948
1679	0.50504595041275
1680	0.505071222782135
1681	0.505136728286743
1682	0.505155265331268
1683	0.505216658115387
1684	0.505362868309021
1685	0.50542551279068
1686	0.50552099943161
1687	0.505691468715668
1688	0.50575190782547
1689	0.505750596523285
1690	0.505792796611786
1691	0.505873739719391
1692	0.505967199802399
1693	0.50608241558075
1694	0.506194174289703
1695	0.506209433078766
1696	0.506233215332031
1697	0.506360113620758
1698	0.506510674953461
1699	0.506668448448181
1700	0.506762623786926
1701	0.506778955459595
1702	0.506853401660919
1703	0.506961762905121
1704	0.507073700428009
1705	0.50724720954895
1706	0.507394731044769
1707	0.507479250431061
1708	0.507574021816254
1709	0.507704198360443
1710	0.507846534252167
1711	0.507879018783569
1712	0.50785505771637
1713	0.507955133914948
1714	0.508057594299316
1715	0.508116066455841
1716	0.508223950862885
1717	0.508284449577332
1718	0.508287966251373
1719	0.508303046226501
1720	0.508390307426453
1721	0.508529007434845
1722	0.508572101593018
1723	0.508590340614319
1724	0.508685231208801
1725	0.508701920509338
1726	0.508638918399811
1727	0.508684039115906
1728	0.50866973400116
1729	0.508543133735657
1730	0.508562624454498
1731	0.508617222309113
1732	0.508611559867859
1733	0.508676111698151
1734	0.50874662399292
1735	0.508770704269409
1736	0.508891820907593
1737	0.509095668792725
1738	0.50924277305603
1739	0.509324252605438
1740	0.509356081485748
1741	0.509362041950226
1742	0.509402573108673
1743	0.509470522403717
1744	0.509497880935669
1745	0.509568512439728
1746	0.509647011756897
1747	0.50960636138916
1748	0.509618401527405
1749	0.509699821472168
1750	0.509729146957397
1751	0.509779274463654
1752	0.509904742240906
1753	0.510002195835114
1754	0.509926795959473
1755	0.509926795959473
1756	0.509917140007019
1757	0.509895026683807
1758	0.509921610355377
1759	0.509953558444977
1760	0.509978950023651
1761	0.509970963001251
1762	0.509907305240631
1763	0.509934842586517
1764	0.509997963905334
1765	0.510059893131256
1766	0.510167956352234
1767	0.510159611701965
1768	0.510104775428772
1769	0.510152459144592
1770	0.510241329669952
1771	0.510251462459564
1772	0.510307192802429
1773	0.510471999645233
1774	0.510533452033997
1775	0.510562360286713
1776	0.510712206363678
1777	0.510788321495056
1778	0.510717153549194
1779	0.510708928108215
1780	0.510732412338257
1781	0.510686159133911
1782	0.510735034942627
1783	0.510832071304321
1784	0.510862231254578
1785	0.510969579219818
1786	0.511060953140259
1787	0.511120021343231
1788	0.511272847652435
1789	0.511383652687073
1790	0.511476993560791
1791	0.511559367179871
1792	0.511603355407715
1793	0.51165246963501
1794	0.511698544025421
1795	0.511857271194458
1796	0.511983454227448
1797	0.511983752250671
1798	0.511990070343018
1799	0.51198548078537
1800	0.512063682079315
1801	0.510322630405426
1802	0.511256992816925
1803	0.511913895606995
1804	0.512725591659546
1805	0.51378732919693
1806	0.514490365982056
1807	0.515004217624664
1808	0.515592098236084
1809	0.516069710254669
1810	0.516511499881744
1811	0.516793370246887
1812	0.517090022563934
1813	0.517350792884827
1814	0.51771080493927
1815	0.517968416213989
1816	0.518091380596161
1817	0.518278241157532
1818	0.518446981906891
1819	0.518580317497253
1820	0.518565118312836
1821	0.518745005130768
1822	0.519045650959015
1823	0.519293010234833
1824	0.519402801990509
1825	0.519629716873169
1826	0.519850015640259
1827	0.519931614398956
1828	0.520070135593414
1829	0.520290315151215
1830	0.520486295223236
1831	0.520555555820465
1832	0.520892381668091
1833	0.521239399909973
1834	0.521389842033386
1835	0.521502256393433
1836	0.521521747112274
1837	0.521677792072296
1838	0.521950364112854
1839	0.522137582302094
1840	0.522339999675751
1841	0.522585868835449
1842	0.522732317447662
1843	0.522884070873261
1844	0.523222386837006
1845	0.523325145244598
1846	0.523473918437958
1847	0.523598432540894
1848	0.523741960525513
1849	0.523841083049774
1850	0.52405834197998
1851	0.524241387844086
1852	0.52433454990387
1853	0.524474084377289
1854	0.524653851985931
1855	0.524725258350372
1856	0.524667620658875
1857	0.524678468704224
1858	0.524640142917633
1859	0.524690687656403
1860	0.524791181087494
1861	0.52484405040741
1862	0.524874806404114
1863	0.524954915046692
1864	0.524841487407684
1865	0.524568438529968
1866	0.524377226829529
1867	0.524181127548218
1868	0.523870944976807
1869	0.523542881011963
1870	0.523323476314545
1871	0.52298778295517
1872	0.522613108158112
1873	0.522390961647034
1874	0.522259712219238
1875	0.522000193595886
1876	0.521815717220306
1877	0.521420180797577
1878	0.520877301692963
1879	0.520240306854248
1880	0.519633293151855
1881	0.519003391265869
1882	0.51822304725647
1883	0.517510652542114
1884	0.516653776168823
1885	0.515714466571808
1886	0.514614820480347
1887	0.513592660427094
1888	0.512331128120422
1889	0.510797321796417
1890	0.509265899658203
1891	0.507647097110748
1892	0.505775213241577
1893	0.503722727298737
1894	0.501589179039001
1895	0.499391376972198
1896	0.496949940919876
1897	0.49446564912796
1898	0.492172479629517
1899	0.489959597587585
1900	0.487689226865768
1901	0.485579639673233
1902	0.483703136444092
1903	0.48191773891449
1904	0.480359554290771
1905	0.479005664587021
1906	0.477837771177292
1907	0.476891279220581
1908	0.476304173469543
1909	0.475857764482498
1910	0.475682467222214
1911	0.475818365812302
1912	0.475920617580414
1913	0.476078927516937
1914	0.476584017276764
1915	0.477164268493652
1916	0.477855771780014
1917	0.478557080030441
1918	0.479367822408676
1919	0.480249494314194
1920	0.481244653463364
1921	0.48223802447319
1922	0.483248263597488
1923	0.484476268291473
1924	0.485661923885345
1925	0.486614316701889
1926	0.487451910972595
1927	0.488418757915497
1928	0.489444345235825
1929	0.490252465009689
1930	0.490945309400558
1931	0.491809755563736
1932	0.492681354284287
1933	0.49333244562149
1934	0.493952363729477
1935	0.494779050350189
1936	0.495593994855881
1937	0.496291548013687
1938	0.496854573488235
1939	0.497646331787109
1940	0.498406261205673
1941	0.498899906873703
1942	0.499462604522705
1943	0.50014728307724
1944	0.500672399997711
1945	0.501084327697754
1946	0.501533925533295
1947	0.501984119415283
1948	0.502419114112854
1949	0.502844035625458
1950	0.503272950649261
1951	0.503746509552002
1952	0.504266560077667
1953	0.504762828350067
1954	0.505115330219269
1955	0.505431652069092
1956	0.505852162837982
1957	0.506199836730957
1958	0.506630659103394
1959	0.507250308990479
1960	0.507763028144836
1961	0.508128821849823
1962	0.508560180664063
1963	0.509037971496582
1964	0.50950038433075
1965	0.510025024414063
1966	0.510646760463715
1967	0.511165082454681
1968	0.511629343032837
1969	0.512107729911804
1970	0.512561202049255
1971	0.512994050979614
1972	0.51343297958374
1973	0.514038562774658
1974	0.514684617519379
1975	0.515176236629486
1976	0.515583038330078
1977	0.516007423400879
1978	0.516453802585602
1979	0.516913175582886
1980	0.517291069030762
1981	0.517633676528931
1982	0.517977774143219
1983	0.518395721912384
1984	0.518899500370026
1985	0.519511461257935
1986	0.520077109336853
1987	0.52050256729126
1988	0.520903468132019
1989	0.521287798881531
1990	0.521709620952606
1991	0.522199749946594
1992	0.522852838039398
1993	0.523304224014282
1994	0.52365642786026
1995	0.524124562740326
1996	0.524470150470734
1997	0.524768173694611
1998	0.525355458259583
1999	0.525938630104065
2000	0.526361465454102
2001	0.526814758777618
2002	0.527306199073792
2003	0.527714669704437
2004	0.528140902519226
2005	0.528671264648438
2006	0.5291907787323
2007	0.529406905174255
2008	0.529717206954956
2009	0.530229449272156
2010	0.530826151371002
2011	0.531396865844727
2012	0.531880795955658
2013	0.532376527786255
2014	0.532698392868042
2015	0.533155143260956
2016	0.533779442310333
2017	0.534263968467712
2018	0.534710049629211
2019	0.535154819488525
2020	0.535405457019806
2021	0.535795092582703
2022	0.536284327507019
2023	0.53648179769516
2024	0.536770462989807
2025	0.537221848964691
2026	0.537573397159576
2027	0.537844240665436
2028	0.538194537162781
2029	0.538578629493713
2030	0.538953900337219
2031	0.539263844490051
2032	0.5398069024086
2033	0.540419518947601
2034	0.54072242975235
2035	0.54091864824295
2036	0.541185736656189
2037	0.541440904140472
2038	0.541624963283539
2039	0.541954457759857
2040	0.542546153068542
2041	0.54292505979538
2042	0.543213844299316
2043	0.543584644794464
2044	0.544061183929443
2045	0.544255316257477
2046	0.544239521026611
2047	0.544418036937714
2048	0.54484623670578
2049	0.545132696628571
2050	0.545469880104065
2051	0.546219885349274
2052	0.546594321727753
2053	0.546591699123383
2054	0.546775758266449
2055	0.546980977058411
2056	0.547164380550385
2057	0.547187626361847
2058	0.547572076320648
2059	0.548093914985657
2060	0.548255383968353
2061	0.548308432102203
2062	0.548522770404816
2063	0.548715829849243
2064	0.548859894275665
2065	0.549003958702087
2066	0.549264252185822
2067	0.549449324607849
2068	0.549415647983551
2069	0.549603462219238
2070	0.550002992153168
2071	0.550303399562836
2072	0.550415813922882
2073	0.550627171993256
2074	0.551012992858887
2075	0.551287889480591
2076	0.551526129245758
2077	0.5519859790802
2078	0.552258908748627
2079	0.552309274673462
2080	0.552456915378571
2081	0.55265599489212
2082	0.552811145782471
2083	0.552882313728333
2084	0.553080558776855
2085	0.553416788578033
2086	0.553594052791595
2087	0.553660333156586
2088	0.55377584695816
2089	0.553975641727448
2090	0.554023385047913
2091	0.554069519042969
2092	0.554126620292664
2093	0.554410696029663
2094	0.554785013198853
2095	0.554884612560272
2096	0.555064618587494
2097	0.555266618728638
2098	0.555077493190765
2099	0.555207669734955
2100	0.555824935436249
2101	0.556117415428162
2102	0.556074619293213
2103	0.556293964385986
2104	0.556606948375702
2105	0.556948244571686
2106	0.557146847248077
2107	0.557323038578033
2108	0.55762243270874
2109	0.557859539985657
2110	0.558061182498932
2111	0.558412849903107
2112	0.558727860450745
2113	0.558894574642181
2114	0.559088528156281
2115	0.559312701225281
2116	0.55967378616333
2117	0.559899210929871
2118	0.56014484167099
2119	0.560779511928558
2120	0.561246275901794
2121	0.561491131782532
2122	0.561559557914734
2123	0.561835408210754
2124	0.562031149864197
2125	0.562200784683228
2126	0.562481582164764
2127	0.562723815441132
2128	0.562730431556702
2129	0.56290328502655
2130	0.563510417938232
2131	0.563724875450134
2132	0.563633322715759
2133	0.56362384557724
2134	0.563903391361237
2135	0.5638787150383
2136	0.563884854316711
2137	0.564207673072815
2138	0.564224123954773
2139	0.563864588737488
2140	0.56369960308075
2141	0.563622772693634
2142	0.563494086265564
2143	0.563404619693756
2144	0.563196659088135
2145	0.562863767147064
2146	0.562630593776703
2147	0.562461674213409
2148	0.562101066112518
2149	0.561708152294159
2150	0.561244964599609
2151	0.560937583446503
2152	0.560478448867798
2153	0.559849679470062
2154	0.55947470664978
2155	0.558871209621429
2156	0.557779431343079
2157	0.557173609733582
2158	0.556907653808594
2159	0.556375682353973
2160	0.555948913097382
2161	0.555340945720673
2162	0.554420351982117
2163	0.553748071193695
2164	0.55324387550354
2165	0.552530705928802
2166	0.551856279373169
2167	0.551032781600952
2168	0.550000369548798
2169	0.549237191677094
2170	0.54893571138382
2171	0.548541903495789
2172	0.547930777072906
2173	0.547364890575409
2174	0.546678304672241
2175	0.545627951622009
2176	0.544850707054138
2177	0.544283211231232
2178	0.543508946895599
2179	0.542654275894165
2180	0.541824102401733
2181	0.540913999080658
2182	0.540039122104645
2183	0.539133071899414
2184	0.53833144903183
2185	0.537674188613892
2186	0.536859512329102
2187	0.53617537021637
2188	0.535343766212463
2189	0.534247040748596
2190	0.53344202041626
2191	0.532627880573273
2192	0.531919062137604
2193	0.530984878540039
2194	0.530022203922272
2195	0.529092848300934
2196	0.527905464172363
2197	0.526992917060852
2198	0.526343762874603
2199	0.525571942329407
2200	0.524787366390228
2201	0.524069488048553
2202	0.523393332958221
2203	0.522708594799042
2204	0.521972060203552
2205	0.521467447280884
2206	0.520902037620544
2207	0.520150303840637
2208	0.519588708877563
2209	0.51938933134079
2210	0.519462823867798
2211	0.519979953765869
2212	0.520195305347443
2213	0.520592570304871
2214	0.520910263061523
2215	0.521104097366333
2216	0.521300375461578
2217	0.521426558494568
2218	0.521813809871674
2219	0.5223548412323
2220	0.522741317749023
2221	0.523362457752228
2222	0.523745834827423
2223	0.523597657680511
2224	0.523897707462311
2225	0.524488151073456
2226	0.525036334991455
2227	0.525523900985718
2228	0.526008188724518
2229	0.526054739952087
2230	0.525929629802704
2231	0.526192545890808
2232	0.526550114154816
2233	0.526720285415649
2234	0.527091324329376
2235	0.527060151100159
2236	0.526350796222687
2237	0.52641636133194
2238	0.527000427246094
2239	0.526993632316589
2240	0.526872634887695
2241	0.527108788490295
2242	0.527183353900909
2243	0.527085423469543
2244	0.527330935001373
2245	0.527560532093048
2246	0.527214467525482
2247	0.527320921421051
2248	0.528161108493805
2249	0.528624832630157
2250	0.528375506401062
2251	0.528182625770569
2252	0.528382480144501
2253	0.528565347194672
2254	0.528548717498779
2255	0.528617799282074
2256	0.52894389629364
2257	0.529043912887573
2258	0.529203474521637
2259	0.529899716377258
2260	0.530296325683594
2261	0.530070543289185
2262	0.530390024185181
2263	0.531409502029419
2264	0.531777501106262
2265	0.531681478023529
2266	0.532074809074402
2267	0.532649755477905
2268	0.532869160175323
2269	0.533137142658234
2270	0.533454239368439
2271	0.533438861370087
2272	0.533540308475494
2273	0.533830881118774
2274	0.53429251909256
2275	0.534454822540283
2276	0.534234762191772
2277	0.533998012542725
2278	0.53406298160553
2279	0.534305274486542
2280	0.534482002258301
2281	0.534381628036499
2282	0.53399646282196
2283	0.533886432647705
2284	0.533514201641083
2285	0.533384203910828
2286	0.533689081668854
2287	0.533621847629547
2288	0.533227324485779
2289	0.533089399337769
2290	0.533124327659607
2291	0.533001303672791
2292	0.532744467258453
2293	0.53264456987381
2294	0.532535016536713
2295	0.532547533512115
2296	0.532964408397675
2297	0.532939732074738
2298	0.53244012594223
2299	0.532389163970947
2300	0.532435655593872
2301	0.532371759414673
2302	0.532401919364929
2303	0.532711863517761
2304	0.532919108867645
2305	0.533052861690521
2306	0.532983839511871
2307	0.533020675182343
2308	0.533024191856384
2309	0.532655775547028
2310	0.532441318035126
2311	0.532399475574493
2312	0.532655417919159
2313	0.532888829708099
2314	0.532790660858154
2315	0.533069610595703
2316	0.533139586448669
2317	0.53263908624649
2318	0.532507956027985
2319	0.532779633998871
2320	0.532835006713867
2321	0.532707571983337
2322	0.532650589942932
2323	0.532620787620544
2324	0.532577395439148
2325	0.532726168632507
2326	0.532603681087494
2327	0.532131016254425
2328	0.532029688358307
2329	0.531997323036194
2330	0.531705141067505
2331	0.531762778759003
2332	0.531538784503937
2333	0.530293226242065
2334	0.530139982700348
2335	0.530627906322479
2336	0.531166672706604
2337	0.531146168708801
2338	0.531035482883453
2339	0.53116911649704
2340	0.531136691570282
2341	0.531289160251617
2342	0.531696796417236
2343	0.531230688095093
2344	0.530465543270111
2345	0.530767023563385
2346	0.531297028064728
2347	0.531084537506104
2348	0.530559539794922
2349	0.530476987361908
2350	0.530544817447662
2351	0.53007560968399
2352	0.530030310153961
2353	0.530145704746246
2354	0.529789566993713
2355	0.530653357505798
2356	0.531912863254547
2357	0.53158974647522
2358	0.530791163444519
2359	0.530644953250885
2360	0.53072464466095
2361	0.53052431344986
2362	0.530876696109772
2363	0.531111896038055
2364	0.530629515647888
2365	0.530556321144104
2366	0.531460344791412
2367	0.531698107719421
2368	0.531160235404968
2369	0.530903339385986
2370	0.530785501003265
2371	0.530851185321808
2372	0.531079351902008
2373	0.531211078166962
2374	0.531707942485809
2375	0.531205654144287
2376	0.530725121498108
2377	0.53069543838501
2378	0.530270278453827
2379	0.529712796211243
2380	0.529047191143036
2381	0.528741955757141
2382	0.528866648674011
2383	0.529059588909149
2384	0.529028177261353
2385	0.527973890304565
2386	0.527819454669952
2387	0.528842628002167
2388	0.528836607933044
2389	0.529071748256683
2390	0.529138624668121
2391	0.527746915817261
2392	0.527158260345459
2393	0.527557075023651
2394	0.527411043643951
2395	0.526788592338562
2396	0.52660471200943
2397	0.527035295963287
2398	0.527244746685028
2399	0.527153253555298
2400	0.527247965335846
2401	0.527025878429413
2402	0.526070952415466
2403	0.525919139385223
2404	0.52621191740036
2405	0.525661706924438
2406	0.525571882724762
2407	0.526242911815643
2408	0.52623838186264
2409	0.525771975517273
2410	0.525469541549683
2411	0.525037586688995
2412	0.524541139602661
2413	0.523873865604401
2414	0.523850500583649
2415	0.523858428001404
2416	0.522993206977844
2417	0.522290408611298
2418	0.521677196025848
2419	0.521455943584442
2420	0.521642088890076
2421	0.521769046783447
2422	0.521011292934418
2423	0.519503831863403
2424	0.519214987754822
2425	0.519170641899109
2426	0.518991410732269
2427	0.518692553043365
2428	0.517391860485077
2429	0.516685128211975
2430	0.516976058483124
2431	0.517747461795807
2432	0.517908751964569
2433	0.517500519752502
2434	0.515619337558746
2435	0.515233218669891
2436	0.515550255775452
2437	0.515081524848938
2438	0.514915287494659
2439	0.514718770980835
2440	0.513275325298309
2441	0.512624263763428
2442	0.513658404350281
2443	0.512677669525146
2444	0.509918212890625
2445	0.509800016880035
2446	0.510482370853424
2447	0.509652614593506
2448	0.509423136711121
2449	0.509698688983917
2450	0.508359491825104
2451	0.508413553237915
2452	0.512187004089355
2453	0.511883080005646
2454	0.507394313812256
2455	0.507049322128296
2456	0.508155226707459
2457	0.507464408874512
2458	0.508602023124695
2459	0.508578538894653
2460	0.505264222621918
2461	0.503558933734894
2462	0.503233194351196
2463	0.503083229064941
2464	0.503305077552795
2465	0.502515971660614
2466	0.501691401004791
2467	0.500733911991119
2468	0.498506039381027
2469	0.497466832399368
2470	0.497738003730774
2471	0.497464299201965
2472	0.495892912149429
2473	0.49664568901062
2474	0.50058376789093
2475	0.501039385795593
2476	0.500973284244537
2477	0.501250922679901
2478	0.49828240275383
2479	0.496880620718002
2480	0.498448938131332
2481	0.498131096363068
2482	0.494635909795761
2483	0.494326859712601
2484	0.497256964445114
2485	0.496985495090485
2486	0.49560683965683
2487	0.496173918247223
2488	0.496378213167191
2489	0.495663613080978
2490	0.496147811412811
2491	0.496563166379929
2492	0.49468070268631
2493	0.494313180446625
2494	0.498455584049225
2495	0.497253954410553
2496	0.490065962076187
2497	0.488234788179398
2498	0.485162228345871
2499	0.486235797405243
2500	0.497477144002914
