350	0.107194762676954
351	0.1105148158967495
352	0.107954330742359
353	0.1082628034055235
354	0.1105897575616835
355	0.109629075974226
356	0.1077918261289595
357	0.1072059087455275
358	0.1091235876083375
359	0.10883279517293
360	0.108066491782665
361	0.108350932598114
362	0.1087106056511405
363	0.108949527144432
364	0.1091832406818865
365	0.1100892685353755
366	0.111094318330288
367	0.1113500855863095
368	0.109802510589361
369	0.110378835350275
370	0.112138368189335
371	0.112893383949995
372	0.1118998862802985
373	0.1117914691567425
374	0.1138633266091345
375	0.114341739565134
376	0.1145391687750815
377	0.114854883402586
378	0.114059645682573
379	0.1149269081652165
380	0.1166428290307525
381	0.116374518722296
382	0.1165646016597745
383	0.117184076458216
384	0.1176720149815085
385	0.1182692646980285
386	0.1186813563108445
387	0.1188569031655785
388	0.1195958778262135
389	0.1203113310039045
390	0.1207615323364735
391	0.1211184561252595
392	0.1215194910764695
393	0.121992241591215
394	0.1224885918200015
395	0.1229509338736535
396	0.12333145365119
397	0.1235825791954995
398	0.123510140925646
399	0.1237578205764295
400	0.1246097907423975
401	0.12524489313364
402	0.1258888952434065
403	0.1265586651861665
404	0.126995377242565
405	0.127189703285694
406	0.127363935112953
407	0.1278780177235605
408	0.128336861729622
409	0.128685757517815
410	0.1289896741509435
411	0.129530847072601
412	0.1301283687353135
413	0.130642578005791
414	0.131119392812252
415	0.131813183426857
416	0.1325665786862375
417	0.132566310465336
418	0.13285456597805
419	0.133495338261127
420	0.1340915709733965
421	0.1345699653029445
422	0.1349579617381095
423	0.1353445649147035
424	0.1359529122710225
425	0.1366082802414895
426	0.137182280421257
427	0.137761853635311
428	0.1384020298719405
429	0.1390834897756575
430	0.139665558934212
431	0.140351116657257
432	0.1411272957921025
433	0.1418732553720475
434	0.1425502970814705
435	0.143250197172165
436	0.144050382077694
437	0.144721619784832
438	0.145348235964775
439	0.1460282057523725
440	0.1468409448862075
441	0.1475882828235625
442	0.1482536941766735
443	0.1490545198321345
444	0.1497511193156245
445	0.1503822579979895
446	0.1511098220944405
447	0.1517007499933245
448	0.1523043662309645
449	0.153090864419937
450	0.153838463127613
451	0.1544770002365115
452	0.155025355517864
453	0.1557034552097325
454	0.1563469022512435
455	0.1569203585386275
456	0.1575448587536815
457	0.1579838916659355
458	0.1583755165338515
459	0.159021198749542
460	0.159594260156155
461	0.160124845802784
462	0.160698153078556
463	0.1612603142857555
464	0.1618112549185755
465	0.162346765398979
466	0.162842310965061
467	0.163306064903736
468	0.163781814277172
469	0.1643633916974065
470	0.164823122322559
471	0.165249407291412
472	0.165837772190571
473	0.1663198247551915
474	0.1667400375008585
475	0.1671935692429545
476	0.1677477955818175
477	0.168277107179165
478	0.168736234307289
479	0.169262021780014
480	0.169766642153263
481	0.170266687870026
482	0.170874394476414
483	0.1712969616055485
484	0.1716733872890475
485	0.1722683012485505
486	0.1728705316781995
487	0.173478715121746
488	0.1741100400686265
489	0.1747204810380935
490	0.1753310188651085
491	0.175942398607731
492	0.1764985471963885
493	0.1771078184247015
494	0.1777676343917845
495	0.178396105766296
496	0.179049737751484
497	0.179665461182594
498	0.1801814660429955
499	0.1808277070522305
500	0.181549847126007
501	0.1822681948542595
502	0.182948388159275
503	0.183619014918804
504	0.184297353029251
505	0.184995949268341
506	0.185653015971184
507	0.1862951070070265
508	0.186997428536415
509	0.1876849830150605
510	0.188375227153301
511	0.1890991404652595
512	0.189827024936676
513	0.190545029938221
514	0.1912410631775855
515	0.191888578236103
516	0.192548967897892
517	0.193246558308601
518	0.19396784901619
519	0.1947184428572655
520	0.1954696550965305
521	0.1961794272065165
522	0.1968979015946385
523	0.197627775371075
524	0.1983704045414925
525	0.1991760954260825
526	0.1999609023332595
527	0.2006867006421085
528	0.2014139890670775
529	0.2021758183836935
530	0.2029737159609795
531	0.203784681856632
532	0.2046244144439695
533	0.205454088747501
534	0.206232085824013
535	0.207049377262592
536	0.20790646225214
537	0.208787813782692
538	0.2096687704324725
539	0.2105372771620755
540	0.2114060893654825
541	0.212322771549225
542	0.213264338672161
543	0.2142080888152125
544	0.2151256576180455
545	0.2160890102386475
546	0.217106334865093
547	0.218159444630146
548	0.2191946133971215
549	0.220247432589531
550	0.221351347863674
551	0.2225185930728915
552	0.2237430065870285
553	0.2250259220600125
554	0.2263859808444975
555	0.227767676115036
556	0.229106537997723
557	0.2303486838936805
558	0.231617346405983
559	0.2328644171357155
560	0.2340563386678695
561	0.2353321015834805
562	0.2366106286644935
563	0.2378415465354915
564	0.2390364706516265
565	0.2402000725269315
566	0.241373412311077
567	0.242617093026638
568	0.243824280798435
569	0.2449998259544375
570	0.2461755126714705
571	0.247302584350109
572	0.248386979103088
573	0.24945143610239
574	0.2505445033311845
575	0.2516786009073255
576	0.252825528383255
577	0.2539070546627045
578	0.254965111613274
579	0.2560132294893265
580	0.257063016295433
581	0.2580904066562655
582	0.2590787410736085
583	0.2600210160017015
584	0.260917231440544
585	0.261806070804596
586	0.262709900736809
587	0.2636071145534515
588	0.264486446976662
589	0.2653436213731765
590	0.266179859638214
591	0.2669588923454285
592	0.267662286758423
593	0.268287792801857
594	0.268894866108894
595	0.269460141658783
596	0.269992560148239
597	0.2706619203090665
598	0.2714008390903475
599	0.2721500247716905
600	0.272878512740135
601	0.2735899090766905
602	0.274275943636894
603	0.2749353498220445
604	0.2756066620349885
605	0.2762679755687715
606	0.276897132396698
607	0.277503326535225
608	0.2781091034412385
609	0.2787144780158995
610	0.2792714089155195
611	0.279837161302567
612	0.2804152369499205
613	0.28097477555275
614	0.281518176198006
615	0.2820518761873245
616	0.2825803607702255
617	0.283102050423622
618	0.2836022078990935
619	0.2840786427259445
620	0.2845680564641955
621	0.2850566804409025
622	0.2855449467897415
623	0.286051839590073
624	0.2865281254053115
625	0.28698156774044
626	0.287441894412041
627	0.287904366850853
628	0.288353517651558
629	0.2887854129076005
630	0.289232641458511
631	0.289680063724518
632	0.290120005607605
633	0.2905523777008055
634	0.290980949997902
635	0.291404664516449
636	0.2918191105127335
637	0.2922569662332535
638	0.2927113026380535
639	0.293161824345589
640	0.293580025434494
641	0.2939900010824205
642	0.2944063991308215
643	0.2948291301727295
644	0.2952384650707245
645	0.295641675591469
646	0.2960656732320785
647	0.29647795855999
648	0.2968913316726685
649	0.2973222732543945
650	0.297724977135658
651	0.298107147216797
652	0.2984899431467055
653	0.298919603228569
654	0.2993309646844865
655	0.299714967608452
656	0.300106644630432
657	0.3004795759916305
658	0.30085700750351
659	0.3012656718492505
660	0.3016491681337355
661	0.302023619413376
662	0.3024038970470425
663	0.3027857691049575
664	0.3031556010246275
665	0.3035221695899965
666	0.303921565413475
667	0.3043188005685805
668	0.304701626300812
669	0.305070921778679
670	0.305464833974838
671	0.3058667331933975
672	0.306261494755745
673	0.3066652715206145
674	0.30705101788044
675	0.307427689433098
676	0.30785508453846
677	0.308252736926079
678	0.308636635541916
679	0.3090576976537705
680	0.3094740808010105
681	0.3098875880241395
682	0.3103008419275285
683	0.310695216059685
684	0.3111091703176495
685	0.3115432411432265
686	0.311943516135216
687	0.3123487532138825
688	0.312768042087555
689	0.3132006973028185
690	0.313655972480774
691	0.3141123801469805
692	0.3145539164543155
693	0.3150060027837755
694	0.315432950854301
695	0.3158327639102935
696	0.316255420446396
697	0.316684603691101
698	0.317111238837242
699	0.3175262808799745
700	0.317953795194626
701	0.3183830827474595
702	0.3187992572784425
703	0.319205731153488
704	0.3196152597665785
705	0.320030137896538
706	0.320436254143715
707	0.320843905210495
708	0.3212485015392305
709	0.321640372276306
710	0.322050467133522
711	0.3224622458219525
712	0.3228609412908555
713	0.3232833296060565
714	0.323689669370651
715	0.3240701854228975
716	0.324472174048424
717	0.324853494763374
718	0.3252237290143965
719	0.3256151676177975
720	0.3259762823581695
721	0.326347038149834
722	0.3267615884542465
723	0.3271563202142715
724	0.3275367468595505
725	0.327912703156471
726	0.328301057219505
727	0.328693702816963
728	0.3290842026472095
729	0.329468622803688
730	0.329846948385239
731	0.330224558711052
732	0.3306093513965605
733	0.3310090601444245
734	0.331373751163483
735	0.3317074328660965
736	0.332096680998802
737	0.332483649253845
738	0.3328599482774735
739	0.3332373350858685
740	0.3336189836263655
741	0.333999499678612
742	0.3343729078769685
743	0.334738776087761
744	0.335099175572395
745	0.335456520318985
746	0.3358146250247955
747	0.33620148897171
748	0.336595892906189
749	0.336961090564728
750	0.3373318165540695
751	0.337703689932823
752	0.338070720434189
753	0.338433265686035
754	0.3388003259897235
755	0.339170441031456
756	0.3395293056964875
757	0.339901104569435
758	0.3402747660875325
759	0.340628683567047
760	0.340971678495407
761	0.3413200974464415
762	0.341682881116867
763	0.342056289315224
764	0.342416599392891
765	0.342756316065788
766	0.3430826514959335
767	0.343411296606064
768	0.3437541872262955
769	0.3441121280193325
770	0.3444291949272155
771	0.3447497934103015
772	0.3450938016176225
773	0.345410764217377
774	0.3457310646772385
775	0.3460624516010285
776	0.346398130059242
777	0.3466955125331875
778	0.3469795137643815
779	0.347282990813255
780	0.3476082384586335
781	0.3479221314191815
782	0.348214343190193
783	0.3485126942396165
784	0.34883950650692
785	0.3491658866405485
786	0.349443092942238
787	0.3497188687324525
788	0.34999580681324
789	0.350272834300995
790	0.3505612909793855
791	0.350831791758537
792	0.351086616516113
793	0.3513611555099485
794	0.351613476872444
795	0.351850152015686
796	0.352093815803528
797	0.35236431658268
798	0.352626368403435
799	0.352859243750572
800	0.353081226348877
801	0.3533399403095245
802	0.353612616658211
803	0.353829011321068
804	0.3540976345539095
805	0.3543702512979505
806	0.35458716750145
807	0.354806199669838
808	0.355027198791504
809	0.3552427887916565
810	0.355433389544487
811	0.355645313858986
812	0.35587514936924
813	0.35609495639801
814	0.3562876284122465
815	0.356474980711937
816	0.35667097568512
817	0.3568470627069475
818	0.357041448354721
819	0.3572417348623275
820	0.357390493154526
821	0.35756528377533
822	0.357758045196533
823	0.3579390943050385
824	0.358093872666359
825	0.3582363724708555
826	0.358384907245636
827	0.358564868569374
828	0.358738854527473
829	0.3589007556438445
830	0.3590580970048905
831	0.3592025488615035
832	0.3593465983867645
833	0.3594972491264345
834	0.3596360087394715
835	0.3597713261842725
836	0.3599018454551695
837	0.360017642378807
838	0.360147461295128
839	0.360283747315407
840	0.3604142665863035
841	0.3605665415525435
842	0.360705703496933
843	0.3608214408159255
844	0.3609535992145535
845	0.361068531870842
846	0.3611752986907955
847	0.3613005727529525
848	0.3614321053028105
849	0.361563190817833
850	0.3616871684789655
851	0.361795365810394
852	0.361902102828026
853	0.3620120733976365
854	0.3621219396591185
855	0.362246587872505
856	0.3623619377613065
857	0.3624484837055205
858	0.362560495734215
859	0.3626560866832735
860	0.36273355782032
861	0.3628588020801545
862	0.362971618771553
863	0.3630565404891965
864	0.363126680254936
865	0.3632869124412535
866	0.363456413149834
867	0.363572612404823
868	0.3636555671691895
869	0.363743841648102
870	0.363850831985474
871	0.3639724850654605
872	0.3641012012958525
873	0.3642360866069795
874	0.3643758594989776
875	0.3645095974206925
876	0.364643901586533
877	0.3647737950086595
878	0.364881247282028
879	0.364996150135994
880	0.3651301115751265
881	0.3652798384428025
882	0.3653975576162335
883	0.365526959300041
884	0.3656813502311705
885	0.3658180236816405
886	0.3659602999687195
887	0.366094544529915
888	0.3662014454603195
889	0.366332083940506
890	0.3664833754301075
891	0.3666452318429945
892	0.3668085932731625
893	0.36695559322834
894	0.3670963197946545
895	0.3672566264867785
896	0.367412552237511
897	0.3675658255815505
898	0.3677190989255905
899	0.3678649961948395
900	0.368014946579933
901	0.3681759238243105
902	0.3683503270149235
903	0.368502378463745
904	0.368655174970627
905	0.368835285305977
906	0.3690218329429625
907	0.3691941499710085
908	0.3693556785583495
909	0.369538366794586
910	0.3697098791599275
911	0.3698759824037555
912	0.37004716694355
913	0.3701883405447005
914	0.3703582882881165
915	0.370574191212654
916	0.370784476399422
917	0.3709676414728165
918	0.371148556470871
919	0.3713655173778535
920	0.3715819418430325
921	0.3717754036188125
922	0.371950253844261
923	0.3721633106470105
924	0.3723603785037995
925	0.3725492358207705
926	0.3727613240480425
927	0.3729781806468965
928	0.373189240694046
929	0.3733923733234406
930	0.3736058473587035
931	0.3738223314285275
932	0.374041512608528
933	0.3742662072181705
934	0.3744804859161375
935	0.3746862560510635
936	0.374893546104431
937	0.375129610300064
938	0.375327378511429
939	0.375510886311531
940	0.3757620602846145
941	0.3759895116090775
942	0.376192972064018
943	0.376392126083374
944	0.376615554094315
945	0.3768420368433
946	0.3770585060119624
947	0.377261772751808
948	0.377506524324417
949	0.3777589797973635
950	0.3779797852039335
951	0.378174513578415
952	0.3783935606479645
953	0.378650188446045
954	0.3789201378822325
955	0.3791651725769045
956	0.379385739564896
957	0.379584833979607
958	0.3797222822904585
959	0.3799545466899875
960	0.3802631944417955
961	0.380465909838676
962	0.380646660923958
963	0.3808393478393555
964	0.381063714623451
965	0.3813209235668185
966	0.3815735429525375
967	0.381789490580559
968	0.3819460570812225
969	0.3821829855442045
970	0.3824698477983475
971	0.3827376067638395
972	0.3829488307237625
973	0.3831757903099065
974	0.383439302444458
975	0.3837078511714935
976	0.383929178118706
977	0.3841279596090315
978	0.384341433644295
979	0.3845696300268175
980	0.384808734059334
981	0.3850485384464265
982	0.385273650288582
983	0.3855143189430235
984	0.385762020945549
985	0.3860059380531315
986	0.3862636387348175
987	0.3865157067775725
988	0.3867526799440385
989	0.386974588036537
990	0.387163832783699
991	0.3873832672834395
992	0.387657806277275
993	0.3878398835659025
994	0.3880125880241395
995	0.388212203979492
996	0.388439193367958
997	0.3886761367321015
998	0.3889033049345015
999	0.389112263917923
1000	0.389327883720398
1001	0.3885148614645005
1002	0.3886402547359465
1003	0.388835221529007
1004	0.3891556560993195
1005	0.3893128037452695
1006	0.389412075281143
1007	0.3895666152238845
1008	0.3896213322877885
1009	0.3897894471883775
1010	0.390101984143257
1011	0.3903254717588425
1012	0.390547066926956
1013	0.390748307108879
1014	0.3909093290567395
1015	0.3910734057426455
1016	0.3912379890680315
1017	0.391383454203606
1018	0.3915713727474215
1019	0.3917999863624575
1020	0.391970545053482
1021	0.3921515941619875
1022	0.3922993540763855
1023	0.3923553079366685
1024	0.3924892991781235
1025	0.3926468044519425
1026	0.3928179144859315
1027	0.3929784893989565
1028	0.393252804875374
1029	0.3934346139431
1030	0.3936042338609695
1031	0.393772780895233
1032	0.3939088582992555
1033	0.39407342672348
1034	0.3942869156599045
1035	0.3944273144006725
1036	0.394520312547684
1037	0.394644990563393
1038	0.394681379199028
1039	0.3948291689157485
1040	0.395091146230698
1041	0.39532370865345
1042	0.3955046087503435
1043	0.3957335501909255
1044	0.3958499431610105
1045	0.39581198990345
1046	0.395927369594574
1047	0.3960785120725635
1048	0.396218329668045
1049	0.39642895758152
1050	0.3965937793254855
1051	0.3967036157846455
1052	0.3968414962291715
1053	0.3970166742801665
1054	0.3971587270498275
1055	0.39724425971508
1056	0.3974032998085025
1057	0.3975497037172315
1058	0.397712543606758
1059	0.3978197276592255
1060	0.3978840708732605
1061	0.3980228453874585
1062	0.3981848508119585
1063	0.398294135928154
1064	0.398382246494293
1065	0.3985637426376345
1066	0.3987513333559035
1067	0.398913890123367
1068	0.3991742432117465
1069	0.399439200758934
1070	0.399541050195694
1071	0.3994207233190535
1072	0.3995969742536545
1073	0.3998593538999555
1074	0.400040104985237
1075	0.4003918617963795
1076	0.400558724999428
1077	0.4004812687635425
1078	0.400577560067177
1079	0.400725528597832
1080	0.400877758860588
1081	0.401130124926567
1082	0.401296183466911
1083	0.401411980390549
1084	0.4015803635120395
1085	0.4017092138528825
1086	0.4017829596996305
1087	0.4019311517477035
1088	0.4021024256944655
1089	0.402261942625046
1090	0.4024932235479355
1091	0.4026475250720975
1092	0.4027346819639205
1093	0.4028638899326324
1094	0.402942880988121
1095	0.403077930212021
1096	0.4032708406448365
1097	0.403494268655777
1098	0.4036130756139755
1099	0.403744027018547
1100	0.4039275348186495
1101	0.404140055179596
1102	0.404263749718666
1103	0.4043848216533665
1104	0.404530018568039
1105	0.4045968651771545
1106	0.404709741473198
1107	0.404936671257019
1108	0.405074745416641
1109	0.4051053375005725
1110	0.405209988355637
1111	0.405407443642616
1112	0.4055483341217045
1113	0.405737563967705
1114	0.4059248268604275
1115	0.4060573279857635
1116	0.4061039388179775
1117	0.406233951449394
1118	0.4063838720321655
1119	0.4065125435590745
1120	0.4066504538059235
1121	0.4067937284708025
1122	0.406920000910759
1123	0.407057479023933
1124	0.407191634178162
1125	0.4073913246393205
1126	0.407525733113289
1127	0.407696306705475
1128	0.40783654153347
1129	0.4078741371631625
1130	0.408014729619026
1131	0.4081764966249465
1132	0.408334895968437
1133	0.408589854836464
1134	0.4087490290403365
1135	0.4088205993175505
1136	0.4089406728744505
1137	0.409041002392769
1138	0.409155756235123
1139	0.4092798084020615
1140	0.409439116716385
1141	0.4096227288246155
1142	0.409786641597748
1143	0.4098738133907315
1144	0.409970834851265
1145	0.410107731819153
1146	0.4102272242307665
1147	0.4103533327579495
1148	0.410542890429497
1149	0.410684034228325
1150	0.4107577651739125
1151	0.4108864217996595
1152	0.411054745316505
1153	0.411200538277626
1154	0.411324620246887
1155	0.4114450216293335
1156	0.4115244895219805
1157	0.4116261154413225
1158	0.4118193536996845
1159	0.4120203256607055
1160	0.412197634577751
1161	0.4123640507459641
1162	0.412505969405174
1163	0.412567257881165
1164	0.4127048552036285
1165	0.4128831028938295
1166	0.413042336702347
1167	0.413203164935112
1168	0.413387134671211
1169	0.413583561778069
1170	0.413780093193054
1171	0.413925841450691
1172	0.414025574922562
1173	0.4142020642757415
1174	0.4144246131181715
1175	0.414592683315277
1176	0.4147506952285765
1177	0.414879396557808
1178	0.414965018630028
1179	0.4150997251272205
1180	0.4153345674276355
1181	0.415516346693039
1182	0.4156519919633865
1183	0.4158044457435605
1184	0.4159467220306395
1185	0.4161530286073685
1186	0.4163063168525695
1187	0.416473537683487
1188	0.41669687628746
1189	0.4168235659599305
1190	0.416927292943001
1191	0.4171147644519805
1192	0.4172683954238895
1193	0.4173861593008045
1194	0.4175310283899305
1195	0.417722880840302
1196	0.417861208319664
1197	0.41794890165329
1198	0.4181067794561385
1199	0.4183094948530195
1200	0.418450906872749
1201	0.4185870438814165
1202	0.4187640696763995
1203	0.418891951441765
1204	0.4190230220556255
1205	0.419221431016922
1206	0.4193666130304335
1207	0.4194514751434325
1208	0.41959810256958
1209	0.419820085167885
1210	0.4199963957071305
1211	0.4201700240373615
1212	0.420394033193588
1213	0.420556917786598
1214	0.420600801706314
1215	0.420752614736557
1216	0.4209734201431275
1217	0.42111936211586
1218	0.421249330043793
1219	0.4214387387037275
1220	0.4215918481349945
1221	0.421722412109375
1222	0.4219213128089905
1223	0.422133281826973
1224	0.4222722947597505
1225	0.4224073588848115
1226	0.42260779440403
1227	0.422796845436096
1228	0.4229310005903245
1229	0.423088252544403
1230	0.4232619404792785
1231	0.423401653766632
1232	0.4235350787639615
1233	0.423695117235184
1234	0.423874646425247
1235	0.4239843338727955
1236	0.4241207987070085
1237	0.4243244379758835
1238	0.424499467015266
1239	0.4246117919683455
1240	0.424734473228455
1241	0.4248878359794615
1242	0.425033777952194
1243	0.4252302199602125
1244	0.4254617989063265
1245	0.4256493747234344
1246	0.425769492983818
1247	0.425900161266327
1248	0.426091492176056
1249	0.426258623600006
1250	0.4264082312583924
1251	0.4265847504138945
1252	0.4267784357070925
1253	0.4269427508115765
1254	0.427089840173721
1255	0.427222639322281
1256	0.4273464828729625
1257	0.427470326423645
1258	0.4276311844587325
1259	0.4278271645307545
1260	0.428021088242531
1261	0.428191587328911
1262	0.4283495396375655
1263	0.428500607609749
1264	0.4286486357450485
1265	0.4287996888160705
1266	0.4289547204971315
1267	0.429085075855255
1268	0.429228276014328
1269	0.429389610886574
1270	0.429556056857109
1271	0.4297394752502445
1272	0.4298959225416185
1273	0.430068537592888
1274	0.4302550405263905
1275	0.4303973615169525
1276	0.4305516928434375
1277	0.430727005004883
1278	0.43089134991169
1279	0.4310385584831235
1280	0.431175246834755
1281	0.431323200464249
1282	0.431483030319214
1283	0.431646689772606
1284	0.431789010763168
1285	0.4319159090518955
1286	0.432071954011917
1287	0.4322234988212585
1288	0.4323743134737015
1289	0.4325066953897475
1290	0.432669296860695
1291	0.4328109323978425
1292	0.432902112603188
1293	0.4330473989248275
1294	0.433210924267769
1295	0.433344557881355
1296	0.433468520641327
1297	0.4335903972387315
1298	0.433748498558998
1299	0.4339005798101425
1300	0.4340166002511975
1301	0.4341650903224945
1302	0.4343445748090745
1303	0.434501796960831
1304	0.4346825927495955
1305	0.4348771274089815
1306	0.4350436627864835
1307	0.435160294175148
1308	0.435275077819824
1309	0.4354169815778735
1310	0.43556010723114
1311	0.435693189501762
1312	0.435868725180626
1313	0.4360496252775195
1314	0.4361821413040164
1315	0.436359882354736
1316	0.4365270137786865
1317	0.4366859793663025
1318	0.436848372220993
1319	0.4369394779205325
1320	0.4370854198932645
1321	0.4372734129428865
1322	0.43746580183506
1323	0.4376834481954575
1324	0.437834918498993
1325	0.4379571676254275
1326	0.438096135854721
1327	0.4382293820381165
1328	0.4383969008922575
1329	0.4385999143123625
1330	0.438753858208656
1331	0.4389049261808395
1332	0.439077228307724
1333	0.4392139613628385
1334	0.4393484145402905
1335	0.4394816905260085
1336	0.4396212995052335
1337	0.4398015439510345
1338	0.439982056617737
1339	0.440141886472702
1340	0.4402856081724165
1341	0.440365105867386
1342	0.440451219677925
1343	0.4406405836343765
1344	0.4408156126737595
1345	0.440936550498009
1346	0.4410797655582425
1347	0.441227525472641
1348	0.4413414299488065
1349	0.44143670797348
1350	0.441537454724312
1351	0.441659837961197
1352	0.441770076751709
1353	0.4418576061725615
1354	0.4420143961906435
1355	0.4421900510787965
1356	0.442309558391571
1357	0.4424726366996765
1358	0.442665457725525
1359	0.44278609752655
1360	0.4428587257862096
1361	0.442928746342659
1362	0.4430177360773085
1363	0.443124055862427
1364	0.44322994351387
1365	0.4433496445417405
1366	0.4434224367141725
1367	0.443452134728432
1368	0.4435043931007385
1369	0.443561568856239
1370	0.44361475110054
1371	0.443691223859787
1372	0.4437208473682405
1373	0.4437396973371505
1374	0.443735271692276
1375	0.443690687417984
1376	0.443645521998405
1377	0.443636417388916
1378	0.4436013102531435
1379	0.44354422390461
1380	0.44350728392601
1381	0.44343963265419
1382	0.4432886838912965
1383	0.4431233108043675
1384	0.442978292703629
1385	0.4427972584962845
1386	0.4425910860300065
1387	0.442420482635498
1388	0.442258968949318
1389	0.442028373479843
1390	0.441749632358551
1391	0.441455096006393
1392	0.4411136507987975
1393	0.440747514367104
1394	0.4404115825891495
1395	0.440059393644333
1396	0.43969863653183
1397	0.4392834454774855
1398	0.438832074403763
1399	0.438412204384804
1400	0.4379609674215315
1401	0.4375349134206775
1402	0.4371513426303865
1403	0.4367555975914005
1404	0.436368182301521
1405	0.4359570443630215
1406	0.435543894767761
1407	0.4352148175239565
1408	0.4348979890346525
1409	0.4345559030771255
1410	0.434285804629326
1411	0.434071391820908
1412	0.433931320905685
1413	0.433891266584396
1414	0.433999449014664
1415	0.434281423687935
1416	0.434638172388077
1417	0.435132771730423
1418	0.435701623558998
1419	0.436246410012245
1420	0.436823606491089
1421	0.4374050945043565
1422	0.437969669699669
1423	0.4385367780923845
1424	0.4390872567892075
1425	0.439630538225174
1426	0.440141975879669
1427	0.440627709031105
1428	0.441129580140114
1429	0.441622674465179
1430	0.4420902878046035
1431	0.4425590336322785
1432	0.4430025219917295
1433	0.443409413099289
1434	0.4438047111034395
1435	0.444205462932587
1436	0.4446313679218295
1437	0.44504289329052
1438	0.445411801338196
1439	0.4457937926054
1440	0.446159839630127
1441	0.4464756548404695
1442	0.4468258172273635
1443	0.44717201590538
1444	0.4474758356809621
1445	0.44778910279274
1446	0.448093757033348
1447	0.4483680427074435
1448	0.448625311255455
1449	0.448877602815628
1450	0.4491017609834675
1451	0.449337214231491
1452	0.4495874792337415
1453	0.4498081952333455
1454	0.4500049948692325
1455	0.450229629874229
1456	0.450471207499504
1457	0.450662165880203
1458	0.450841650366783
1459	0.4510164111852645
1460	0.4511805176734925
1461	0.451327309012413
1462	0.4515072256326675
1463	0.451706573367119
1464	0.4518620520830155
1465	0.4520134180784225
1466	0.452209383249283
1467	0.4523848891258235
1468	0.452541694045067
1469	0.452752783894539
1470	0.4529876708984375
1471	0.4532332569360735
1472	0.453492984175682
1473	0.453739210963249
1474	0.453963354229927
1475	0.4541720747947695
1476	0.454368233680725
1477	0.4545797556638715
1478	0.4548376798629765
1479	0.455069273710251
1480	0.455289125442505
1481	0.455552563071251
1482	0.4557876586914065
1483	0.4559945464134215
1484	0.4561993181705475
1485	0.4563915431499485
1486	0.4565981030464175
1487	0.4568115025758745
1488	0.4570166170597075
1489	0.4572395235300065
1490	0.457428649067879
1491	0.457575276494026
1492	0.4577379524707795
1493	0.457897111773491
1494	0.4580714404582975
1495	0.45823372900486
1496	0.4583785980939865
1497	0.4585449397563935
1498	0.4587231427431105
1499	0.4588768780231475
1500	0.459047898650169
1501	0.4592111259698865
1502	0.459326520562172
1503	0.459473267197609
1504	0.4596647620201115
1505	0.4598330259323125
1506	0.459996819496155
1507	0.460192397236824
1508	0.4603642523288725
1509	0.4604942351579665
1510	0.460672691464424
1511	0.460890144109726
1512	0.461071565747261
1513	0.461232751607895
1514	0.4613817483186725
1515	0.461508885025978
1516	0.461624458432198
1517	0.4617568999528885
1518	0.4619054943323135
1519	0.4620396494865415
1520	0.4621801525354385
1521	0.462340518832207
1522	0.462538868188858
1523	0.462695077061653
1524	0.462846755981445
1525	0.463009938597679
1526	0.4631419479846955
1527	0.4633017331361775
1528	0.463513374328613
1529	0.4636612981557845
1530	0.4637684673070905
1531	0.4639077186584475
1532	0.464045539498329
1533	0.4641740918159485
1534	0.4643096923828125
1535	0.4644366800785065
1536	0.4645638912916185
1537	0.4646640717983245
1538	0.4647749811410905
1539	0.4649179726839065
1540	0.465016081929207
1541	0.4650953859090805
1542	0.4651905298233035
1543	0.465308025479317
1544	0.4654409140348435
1545	0.46555657684803
1546	0.465696290135384
1547	0.4658446311950685
1548	0.465966135263443
1549	0.4661072790622715
1550	0.4662474244832995
1551	0.466383084654808
1552	0.466533660888672
1553	0.466670021414757
1554	0.4668293148279195
1555	0.4669822454452515
1556	0.4670818150043485
1557	0.4672013521194455
1558	0.4673378467559815
1559	0.4674133509397505
1560	0.467491373419762
1561	0.467626750469208
1562	0.467733696103096
1563	0.4678353816270825
1564	0.468002438545227
1565	0.468158185482025
1566	0.4682699888944625
1567	0.468421146273613
1568	0.4686135798692705
1569	0.468760922551155
1570	0.468851253390312
1571	0.4689579755067825
1572	0.469075173139572
1573	0.469146639108658
1574	0.469204679131508
1575	0.4693019688129425
1576	0.469426706433296
1577	0.4695263355970385
1578	0.469650998711586
1579	0.469872608780861
1580	0.4700270891189575
1581	0.470119222998619
1582	0.470239520072937
1583	0.470373973250389
1584	0.4705006033182145
1585	0.4706014543771745
1586	0.4707254618406295
1587	0.4709043204784395
1588	0.471021935343742
1589	0.471078589558601
1590	0.4711935967206955
1591	0.471324011683464
1592	0.4714277386665345
1593	0.471535801887512
1594	0.4716633409261705
1595	0.4717897176742555
1596	0.4719301164150235
1597	0.4720474630594255
1598	0.4721881002187725
1599	0.4723315238952635
1600	0.472410887479782
1601	0.4725335538387295
1602	0.472696512937546
1603	0.4728122502565385
1604	0.4729234129190445
1605	0.4730523228645325
1606	0.4731692522764205
1607	0.4732694625854495
1608	0.4733872711658475
1609	0.473522186279297
1610	0.473632410168648
1611	0.473746731877327
1612	0.4738822132349015
1613	0.4739918410778045
1614	0.474078491330147
1615	0.474192500114441
1616	0.474309489130974
1617	0.4744078814983365
1618	0.474547043442726
1619	0.474669799208641
1620	0.474743515253067
1621	0.474847823381424
1622	0.4749376475811005
1623	0.4750151336193085
1624	0.475150719285011
1625	0.4752805680036545
1626	0.4754007011651995
1627	0.475561767816544
1628	0.475695535540581
1629	0.475794792175293
1630	0.475893720984459
1631	0.4759831726551055
1632	0.4760863780975345
1633	0.4761915057897565
1634	0.476303219795227
1635	0.476422518491745
1636	0.476508006453514
1637	0.4765972495079039
1638	0.4767257273197175
1639	0.476862534880638
1640	0.4769973009824755
1641	0.4771098345518115
1642	0.4771974980831145
1643	0.4772901087999345
1644	0.477386340498924
1645	0.4775251150131225
1646	0.4776714295148849
1647	0.4777743071317675
1648	0.4779100716114045
1649	0.4780568480491635
1650	0.4781533777713775
1651	0.478251814842224
1652	0.4783682227134705
1653	0.478476718068123
1654	0.478583320975304
1655	0.478676572442055
1656	0.4787700176239015
1657	0.4788753688335415
1658	0.4790010899305345
1659	0.4791300743818285
1660	0.4792095869779585
1661	0.4792973846197125
1662	0.479419365525246
1663	0.479509636759758
1664	0.4796160459518435
1665	0.4797744154930115
1666	0.4798651188611985
1667	0.4798976182937625
1668	0.479973629117012
1669	0.4800673127174375
1670	0.480140641331673
1671	0.4801949113607406
1672	0.4802594184875485
1673	0.480358794331551
1674	0.480457216501236
1675	0.480557769536972
1676	0.4807068109512325
1677	0.480802819132805
1678	0.480828404426575
1679	0.4809067994356155
1680	0.4810051321983335
1681	0.481077387928963
1682	0.481166288256645
1683	0.48128542304039
1684	0.4813790172338485
1685	0.481453314423561
1686	0.4815913438796995
1687	0.4817153215408325
1688	0.4817961305379865
1689	0.4819414764642715
1690	0.4820454865694045
1691	0.482091084122658
1692	0.482216909527779
1693	0.482344701886177
1694	0.482410505414009
1695	0.4824879467487335
1696	0.4825715869665145
1697	0.482635110616684
1698	0.4827218651771545
1699	0.4828426241874695
1700	0.4829653203487395
1701	0.483039990067482
1702	0.48311011493206
1703	0.483227849006653
1704	0.483322665095329
1705	0.483412876725197
1706	0.483522951602936
1707	0.483598366379738
1708	0.4836773574352265
1709	0.483810558915138
1710	0.483955517411232
1711	0.484049499034882
1712	0.48411925137043
1713	0.4842285960912705
1714	0.4843463599681855
1715	0.4844201505184175
1716	0.48447547852993
1717	0.4845203906297685
1718	0.4845535606145855
1719	0.484622225165367
1720	0.4847012013196945
1721	0.484782740473747
1722	0.484848037362099
1723	0.4848643243312835
1724	0.484919562935829
1725	0.485003396868706
1726	0.485030278563499
1727	0.4850279986858365
1728	0.4850260615348815
1729	0.4850445538759235
1730	0.4850759059190755
1731	0.4851105511188505
1732	0.48522911965847
1733	0.485327675938606
1734	0.4853204637765885
1735	0.4853675365448
1736	0.4854517877101895
1737	0.4854949712753295
1738	0.4855892062187195
1739	0.485685780644417
1740	0.485700860619545
1741	0.4857043474912645
1742	0.4857569634914395
1743	0.4858587831258775
1744	0.4859426617622375
1745	0.486001864075661
1746	0.4860347509384155
1747	0.486025705933571
1748	0.4860495626926425
1749	0.486132726073265
1750	0.486199110746384
1751	0.4862188398838045
1752	0.4862729460000995
1753	0.4863267689943315
1754	0.486394986510277
1755	0.4864496141672135
1756	0.486496865749359
1757	0.4865573048591615
1758	0.4865902811288835
1759	0.486630395054817
1760	0.4867122918367385
1761	0.486784055829048
1762	0.4868576228618625
1763	0.486895725131035
1764	0.486897364258766
1765	0.4869119226932525
1766	0.4869382828474045
1767	0.4869827032089235
1768	0.4870720356702805
1769	0.487160563468933
1770	0.4872461408376695
1771	0.487347900867462
1772	0.4874419420957565
1773	0.487510249018669
1774	0.4875655770301816
1775	0.4876488596200945
1776	0.487714350223541
1777	0.4877657145261765
1778	0.4878707975149155
1779	0.487961247563362
1780	0.488018050789833
1781	0.488086700439453
1782	0.488150998950005
1783	0.488200083374977
1784	0.488247111439705
1785	0.4882886111736295
1786	0.4883507192134855
1787	0.4884199500083924
1788	0.4884902089834215
1789	0.4886135011911396
1790	0.4887205511331555
1791	0.48878775537014
1792	0.4888907670974735
1793	0.4889714866876606
1794	0.4889937043190005
1795	0.4890762865543365
1796	0.48916520178318
1797	0.4891949743032455
1798	0.489287719130516
1799	0.4893797785043715
1800	0.4893811345100405
1801	0.488605111837387
1802	0.4889239370822905
1803	0.489202231168747
1804	0.489620015025139
1805	0.49005751311779
1806	0.490223050117493
1807	0.4903976321220395
1808	0.490681231021881
1809	0.4908279329538345
1810	0.4909793138504029
1811	0.4911599159240725
1812	0.4913107603788375
1813	0.4914331287145615
1814	0.491460680961609
1815	0.4915398955345155
1816	0.4916018396615985
1817	0.4916963279247285
1818	0.49191352725029
1819	0.4920453280210495
1820	0.4921293407678605
1821	0.492272302508354
1822	0.492430597543716
1823	0.492552638053894
1824	0.492679327726364
1825	0.492921128869057
1826	0.4931273311376575
1827	0.493213564157486
1828	0.4933485239744185
1829	0.4935332238674165
1830	0.4936729073524481
1831	0.4937793761491775
1832	0.4938939213752744
1833	0.4939802289009095
1834	0.4940758943557735
1835	0.494229853153229
1836	0.4943532049655915
1837	0.494439586997032
1838	0.494499295949936
1839	0.494628876447678
1840	0.4947697818279265
1841	0.494829684495926
1842	0.494974508881569
1843	0.495165228843689
1844	0.4951698631048205
1845	0.4951571226119995
1846	0.495227888226509
1847	0.4953393638133999
1848	0.495432496070862
1849	0.4955456256866455
1850	0.4956912696361545
1851	0.495894715189934
1852	0.4959539771080015
1853	0.495866969227791
1854	0.4959717243909835
1855	0.496010735630989
1856	0.495916068553925
1857	0.4959116876125335
1858	0.4959757030010225
1859	0.4960820227861405
1860	0.4961156100034715
1861	0.4960785955190655
1862	0.4960038512945175
1863	0.495866134762764
1864	0.495724305510521
1865	0.4956020414829255
1866	0.4954378455877305
1867	0.4952512085437775
1868	0.495087832212448
1869	0.4950094521045685
1870	0.4948783814907075
1871	0.4946970790624615
1872	0.494479417800903
1873	0.494215413928032
1874	0.4939002692699435
1875	0.493514448404312
1876	0.4931754618883135
1877	0.4927667677402495
1878	0.492177277803421
1879	0.491540685296059
1880	0.4909450858831405
1881	0.490283027291298
1882	0.489458441734314
1883	0.488516628742218
1884	0.4875993579626084
1885	0.486665993928909
1886	0.4856956750154495
1887	0.484574005007744
1888	0.483257010579109
1889	0.481825038790703
1890	0.480241104960442
1891	0.4784691780805585
1892	0.476580575108528
1893	0.4745621532201765
1894	0.472423270344734
1895	0.4702112674713135
1896	0.4678507894277575
1897	0.465533941984177
1898	0.4632826000452041
1899	0.4609861373901365
1900	0.4588185846805575
1901	0.456996768712997
1902	0.4553168118000035
1903	0.453626960515976
1904	0.4521769285202025
1905	0.4509236216545105
1906	0.449828550219536
1907	0.448875457048416
1908	0.448219820857048
1909	0.4478168189525605
1910	0.4476709663867955
1911	0.447645306587219
1912	0.4477800577878955
1913	0.4481283724308015
1914	0.448517769575119
1915	0.4490311294794085
1916	0.44967520236969
1917	0.4505165368318555
1918	0.451344609260559
1919	0.4521578401327135
1920	0.453150361776352
1921	0.454206958413124
1922	0.4551158845424655
1923	0.456079825758934
1924	0.4570994824171065
1925	0.458031266927719
1926	0.458859920501709
1927	0.4597461223602295
1928	0.460723161697388
1929	0.4616034626960755
1930	0.4623512476682665
1931	0.4631703495979305
1932	0.464027836918831
1933	0.4647182822227475
1934	0.4653142243623735
1935	0.4660365283489225
1936	0.466796711087227
1937	0.467584148049355
1938	0.4683050513267515
1939	0.4688777923583985
1940	0.4694162905216215
1941	0.470076784491539
1942	0.4706463515758515
1943	0.47117218375206
1944	0.471839189529419
1945	0.472341388463974
1946	0.472625195980072
1947	0.4730257987976075
1948	0.473593905568123
1949	0.474101573228836
1950	0.474373236298561
1951	0.474834010004997
1952	0.4753977209329605
1953	0.47587251663208
1954	0.4763684570789335
1955	0.476821854710579
1956	0.477263152599335
1957	0.4776507169008255
1958	0.4780366569757465
1959	0.4784108251333235
1960	0.478819966316223
1961	0.479164466261864
1962	0.479509577155113
1963	0.480022415518761
1964	0.480486020445824
1965	0.480928108096123
1966	0.48146815598011
1967	0.481925129890442
1968	0.4822961688041685
1969	0.482727736234665
1970	0.4831785559654235
1971	0.4835609644651415
1972	0.484064131975174
1973	0.4845665395259855
1974	0.485039457678795
1975	0.4855723083019254
1976	0.48595654964447
1977	0.4862990379333495
1978	0.486679136753082
1979	0.48698228597641
1980	0.487408295273781
1981	0.487916797399521
1982	0.4884423315525055
1983	0.48886901140213
1984	0.489291250705719
1985	0.4897467344999315
1986	0.4901156425476075
1987	0.4905781894922255
1988	0.491146057844162
1989	0.4915249943733215
1990	0.4918029010295865
1991	0.4922319203615185
1992	0.492824122309685
1993	0.4932465404272081
1994	0.4936231970787049
1995	0.494053661823273
1996	0.4945075958967205
1997	0.494780272245407
1998	0.4951480925083165
1999	0.4956758171319965
2000	0.4962355345487595
2001	0.4967857152223585
2002	0.497185900807381
2003	0.4974524229764939
2004	0.4979166239500045
2005	0.498432368040085
2006	0.4987319260835645
2007	0.499067828059196
2008	0.4996097683906555
2009	0.5000105053186414
2010	0.500350281596184
2011	0.5008904635906221
2012	0.5014578402042384
2013	0.5019415020942686
2014	0.502309888601303
2015	0.5027216076850896
2016	0.503118261694908
2017	0.503535449504852
2018	0.5039373189210895
2019	0.5043273419141769
2020	0.5047241598367695
2021	0.505252107977867
2022	0.505726143717766
2023	0.5060723721981044
2024	0.506473571062088
2025	0.506839618086815
2026	0.5071944743394851
2027	0.50752717256546
2028	0.5078652799129485
2029	0.5082124024629595
2030	0.5085017681121825
2031	0.5087092369794844
2032	0.5089760720729825
2033	0.5093218237161635
2034	0.509632870554924
2035	0.509938955307007
2036	0.5101426690816879
2037	0.5103786736726765
2038	0.5108302384614944
2039	0.511159881949425
2040	0.511511906981468
2041	0.5118778198957445
2042	0.512303292751312
2043	0.512546196579933
2044	0.5126825571060181
2045	0.5129411816596985
2046	0.5131731182336805
2047	0.513216137886047
2048	0.5135073512792585
2049	0.514011770486832
2050	0.5143447667360305
2051	0.5146461576223375
2052	0.5148944407701495
2053	0.5150124430656435
2054	0.5152682214975355
2055	0.5156407803297045
2056	0.515849053859711
2057	0.5159937143325806
2058	0.516236886382103
2059	0.5163680464029315
2060	0.5163900554180145
2061	0.516688495874405
2062	0.517084002494812
2063	0.517268732190132
2064	0.5175105184316635
2065	0.5177515000104905
2066	0.5179056525230405
2067	0.518111914396286
2068	0.518462404608727
2069	0.5186276584863665
2070	0.5186342895030975
2071	0.5187648087739944
2072	0.5189714580774305
2073	0.5191702097654345
2074	0.5194585919380185
2075	0.5198389440774915
2076	0.5201054364442825
2077	0.5202863663434985
2078	0.5204720199108125
2079	0.5206543654203415
2080	0.5208197236061095
2081	0.5209324061870575
2082	0.5211066305637355
2083	0.5213348418474195
2084	0.5215266644954685
2085	0.5217719823122025
2086	0.521821230649948
2087	0.5218808501958845
2088	0.5221379548311235
2089	0.5222187936306
2090	0.5223476588726045
2091	0.5225453674793245
2092	0.5227839052677155
2093	0.522962361574173
2094	0.5233117043972015
2095	0.5234066396951675
2096	0.5231067389249805
2097	0.523224711418152
2098	0.5235572159290315
2099	0.5237194001674654
2100	0.523966580629349
2101	0.5242902040481565
2102	0.524529755115509
2103	0.524599760770798
2104	0.524818152189255
2105	0.5252447128295894
2106	0.5255343317985535
2107	0.5256700813770295
2108	0.525976926088333
2109	0.5265110433101654
2110	0.5267426371574405
2111	0.5267943143844604
2112	0.527014374732971
2113	0.527138888835907
2114	0.5273185074329375
2115	0.5276373326778414
2116	0.5279955863952634
2117	0.528237849473953
2118	0.5284038484096525
2119	0.5287306904792786
2120	0.529037564992905
2121	0.529315799474716
2122	0.5296065211296085
2123	0.52984943985939
2124	0.530081868171692
2125	0.530231297016144
2126	0.5301869809627531
2127	0.5303806960582735
2128	0.5306916236877439
2129	0.5309275984764099
2130	0.5313957035541534
2131	0.5316189527511594
2132	0.531608462333679
2133	0.5315701365470885
2134	0.5317255258560181
2135	0.5317811965942381
2136	0.5318519473075864
2137	0.5319503247737885
2138	0.5319415628910065
2139	0.5317740142345431
2140	0.531685024499893
2141	0.531661868095398
2142	0.5314806997776029
2143	0.5311609506607056
2144	0.5309597253799441
2145	0.530752718448639
2146	0.5305222868919375
2147	0.5303699672222135
2148	0.5301218926906586
2149	0.5297577679157259
2150	0.529402881860733
2151	0.5291297435760496
2152	0.5288590788841245
2153	0.5284050703048705
2154	0.5279360115528104
2155	0.527488708496094
2156	0.526983886957169
2157	0.5264271795749665
2158	0.525890052318573
2159	0.5252808928489685
2160	0.524464964866638
2161	0.523857444524765
2162	0.523442357778549
2163	0.5228700041770935
2164	0.5222486704587941
2165	0.521670654416084
2166	0.5210456997156145
2167	0.520398870110512
2168	0.519864559173584
2169	0.5192336887121205
2170	0.518566906452179
2171	0.5180314630270004
2172	0.517412453889847
2173	0.516830027103424
2174	0.5161976665258405
2175	0.5154693871736524
2176	0.5148066580295565
2177	0.5142116099596025
2178	0.5135581046342845
2179	0.512898698449135
2180	0.51219630241394
2181	0.5114611685276035
2182	0.5106831789016725
2183	0.5098572224378585
2184	0.5090284049510956
2185	0.5081046521663665
2186	0.5072453022003175
2187	0.506673067808151
2188	0.5058961808681485
2189	0.504845395684242
2190	0.5040288120508195
2191	0.5031753331422805
2192	0.502065747976303
2193	0.5012389123439784
2194	0.5007585138082505
2195	0.5000074952840805
2196	0.499109208583832
2197	0.4983762949705125
2198	0.497717261314392
2199	0.4969955384731291
2200	0.4962915480136875
2201	0.4956337958574295
2202	0.4948519468307495
2203	0.4942212253808975
2204	0.4937432259321209
2205	0.493379399180412
2206	0.492617040872574
2207	0.4919359385967255
2208	0.4915461391210555
2209	0.491172030568123
2210	0.4910217225551605
2211	0.4912692010402679
2212	0.491491824388504
2213	0.491716369986534
2214	0.4920531809329985
2215	0.4927911311388015
2216	0.493140146136284
2217	0.49321012198925
2218	0.493536606431007
2219	0.4939468055963515
2220	0.494164764881134
2221	0.4943280518054965
2222	0.4946764409542085
2223	0.49497751891613
2224	0.49522989988327
2225	0.495623335242271
2226	0.4961070716381075
2227	0.4962303936481475
2228	0.4963107854127885
2229	0.4967635571956635
2230	0.496925115585327
2231	0.496914058923721
2232	0.4972635954618455
2233	0.4974622428417205
2234	0.497593179345131
2235	0.4976976662874225
2236	0.4978765845298765
2237	0.497906610369682
2238	0.4976806789636615
2239	0.497755974531174
2240	0.4980502873659135
2241	0.4980698227882385
2242	0.4980311393737795
2243	0.4980866611003875
2244	0.4979320168495175
2245	0.4979535937309265
2246	0.49835792183876
2247	0.4984668642282485
2248	0.498365998268127
2249	0.4983112365007399
2250	0.498579576611519
2251	0.4987196028232576
2252	0.498720169067383
2253	0.4988567382097245
2254	0.4988143295049665
2255	0.498810529708862
2256	0.498925566673279
2257	0.4993097186088565
2258	0.499601885676384
2259	0.4998226016759875
2260	0.500089272856712
2261	0.5005916953086855
2262	0.5007873475551605
2263	0.5006085187196735
2264	0.500876918435097
2265	0.5014301389455795
2266	0.5016068369150165
2267	0.501761883497238
2268	0.502026543021202
2269	0.5020408630371095
2270	0.502123236656189
2271	0.5024844259023664
2272	0.502774313092232
2273	0.503012731671333
2274	0.5029774755239484
2275	0.5032221525907515
2276	0.5035576075315475
2277	0.503567188978195
2278	0.5037075877189635
2279	0.503984063863754
2280	0.503863826394081
2281	0.503562867641449
2282	0.5034105479717255
2283	0.5033582299947741
2284	0.503262236714363
2285	0.5032573342323305
2286	0.5035905689001086
2287	0.503490269184113
2288	0.5030724108219145
2289	0.502913951873779
2290	0.5026734173297884
2291	0.50254987180233
2292	0.50264997780323
2293	0.5026680082082751
2294	0.502654239535332
2295	0.5025806277990346
2296	0.5024063289165495
2297	0.5024209171533585
2298	0.502651572227478
2299	0.502633303403854
2300	0.5025577396154405
2301	0.502529948949814
2302	0.5023269206285476
2303	0.502079531550407
2304	0.5022227168083195
2305	0.5022743195295335
2306	0.5019829869270325
2307	0.5019515454769135
2308	0.50218965113163
2309	0.502307593822479
2310	0.5021297335624695
2311	0.5019581764936445
2312	0.501999154686928
2313	0.5021202266216275
2314	0.5021245330572129
2315	0.5021718591451645
2316	0.5022603422403336
2317	0.5018822997808454
2318	0.5018037110567095
2319	0.5023050010204315
2320	0.5023668855428696
2321	0.5020317435264585
2322	0.5019478052854536
2323	0.5019524991512295
2324	0.501864656805992
2325	0.5017589032649995
2326	0.5017018169164655
2327	0.501594558358192
2328	0.501547694206238
2329	0.501564934849739
2330	0.501558929681778
2331	0.5016390383243561
2332	0.5016366094350815
2333	0.5015999525785445
2334	0.501520738005638
2335	0.501342296600342
2336	0.5012178868055346
2337	0.5010799914598465
2338	0.5008662641048435
2339	0.5010494738817215
2340	0.501357689499855
2341	0.5013186037540436
2342	0.50112946331501
2343	0.5009599179029465
2344	0.500748783349991
2345	0.5006505101919175
2346	0.5009723007678986
2347	0.501099690794945
2348	0.5004561543464661
2349	0.500102326273918
2350	0.500491350889206
2351	0.500641942024231
2352	0.5005326569080355
2353	0.500512272119522
2354	0.500522643327713
2355	0.5004083961248394
2356	0.5004218816757204
2357	0.5008386224508286
2358	0.500800684094429
2359	0.5006017237901685
2360	0.5010889023542405
2361	0.5014200508594515
2362	0.5018746852874755
2363	0.501897379755974
2364	0.5017234086990361
2365	0.5016921907663345
2366	0.5013871043920515
2367	0.5012501180171964
2368	0.5013191848993299
2369	0.501316070556641
2370	0.5012838393449786
2371	0.5011737793684005
2372	0.501260131597519
2373	0.501194640994072
2374	0.500914990901947
2375	0.50044421851635
2376	0.500531926751137
2377	0.5005472749471664
2378	0.500455230474472
2379	0.5007154494524
2380	0.501024052500725
2381	0.5008921474218365
2382	0.500524327158928
2383	0.5003883093595505
2384	0.5000760555267335
2385	0.4994566887617115
2386	0.499166905879974
2387	0.499217972159386
2388	0.4990283101797105
2389	0.498568370938301
2390	0.4982403218746185
2391	0.498107254505157
2392	0.4978885650634766
2393	0.4977180808782575
2394	0.498216971755028
2395	0.4985498636960985
2396	0.4984736144542695
2397	0.498765826225281
2398	0.4984454065561295
2399	0.4977733194828035
2400	0.497440114617348
2401	0.4973020404577255
2402	0.497447684407234
2403	0.497055038809776
2404	0.49650365114212
2405	0.49629619717598
2406	0.4960110336542125
2407	0.496126428246498
2408	0.496018648147583
2409	0.4954972863197325
2410	0.4955087900161745
2411	0.4952304661273955
2412	0.4948652684688565
2413	0.4950672835111615
2414	0.494558170437813
2415	0.493501916527748
2416	0.4933318942785265
2417	0.493441566824913
2418	0.4926903694868084
2419	0.492096647620201
2420	0.4919329285621645
2421	0.4913172870874405
2422	0.490787327289581
2423	0.490686401724815
2424	0.490421086549759
2425	0.489640682935715
2426	0.4893519133329395
2427	0.489594757556915
2428	0.48898158967495
2429	0.488137006759644
2430	0.4878354668617245
2431	0.487909734249115
2432	0.4877700358629225
2433	0.4872895479202271
2434	0.4870285093784334
2435	0.486554503440857
2436	0.484707236289978
2437	0.4843229353427885
2438	0.485255151987076
2439	0.4849849045276645
2440	0.484748810529709
2441	0.4847535490989685
2442	0.4842874258756635
2443	0.483836263418198
2444	0.4838803857564925
2445	0.483434185385704
2446	0.4822300225496295
2447	0.481199249625206
2448	0.479963332414627
2449	0.479488909244537
2450	0.4794739037752155
2451	0.479324117302895
2452	0.4798080027103425
2453	0.4794071316719055
2454	0.478241980075836
2455	0.477701500058174
2456	0.4770728796720505
2457	0.477009177207947
2458	0.477759450674057
2459	0.477688327431679
2460	0.477424919605255
2461	0.4770678877830505
2462	0.475940585136414
2463	0.475347265601158
2464	0.475441291928291
2465	0.4752862006425855
2466	0.475133880972862
2467	0.4745965003967285
2468	0.473923921585083
2469	0.4727895855903625
2470	0.4694243222475055
2471	0.4698459059000015
2472	0.4745093137025835
2473	0.474426478147507
2474	0.4732820838689805
2475	0.473893254995346
2476	0.471862182021141
2477	0.469939589500427
2478	0.470587313175201
2479	0.4709796756505965
2480	0.4692318588495255
2481	0.4679731875658035
2482	0.4691938012838365
2483	0.469482272863388
2484	0.466624155640602
2485	0.4658271074295045
2486	0.467486947774887
2487	0.46899151802063
2488	0.472514510154724
2489	0.4717784225940705
2490	0.4674479961395265
2491	0.4676192849874495
2492	0.467016339302063
2493	0.466054081916809
2494	0.4706266671419145
2495	0.471158728003502
2496	0.465299233794212
2497	0.4634033888578415
2498	0.464855715632439
2499	0.4633528739213945
2500	0.45784293115139
