350	0.0944888815283775
351	0.0948870703577995
352	0.0960538759827614
353	0.0958536192774773
354	0.0946172922849655
355	0.0939613431692123
356	0.0963197201490402
357	0.0982086807489395
358	0.0959513857960701
359	0.0947724729776382
360	0.0928578227758408
361	0.0899588689208031
362	0.0933527201414108
363	0.0958864018321037
364	0.0949371978640556
365	0.0932914763689041
366	0.0941584259271622
367	0.0968017801642418
368	0.0979175791144371
369	0.0966936200857162
370	0.0957066416740417
371	0.0977741479873657
372	0.0992762371897697
373	0.0998119190335274
374	0.0995226949453354
375	0.0987120345234871
376	0.098572351038456
377	0.0993237718939781
378	0.100024245679379
379	0.099409855902195
380	0.0986553281545639
381	0.100442580878735
382	0.101401261985302
383	0.101539678871632
384	0.101617179811001
385	0.100970342755318
386	0.101073205471039
387	0.102517150342464
388	0.1029894053936
389	0.102995276451111
390	0.10309986770153
391	0.104163758456707
392	0.104479856789112
393	0.10442054271698
394	0.105440892279148
395	0.105963252484798
396	0.106314115226269
397	0.107069954276085
398	0.107196226716042
399	0.107444107532501
400	0.108311422169209
401	0.109305530786514
402	0.109814219176769
403	0.109931170940399
404	0.110773123800755
405	0.111152574419975
406	0.111086510121822
407	0.111159116029739
408	0.111449018120766
409	0.111914448440075
410	0.112449169158936
411	0.112906843423843
412	0.113180011510849
413	0.113364391028881
414	0.114097565412521
415	0.11491285264492
416	0.115479931235313
417	0.115503244102001
418	0.11566898971796
419	0.116182111203671
420	0.117011472582817
421	0.117508575320244
422	0.117914170026779
423	0.118573270738125
424	0.118954122066498
425	0.119361735880375
426	0.119982242584229
427	0.12048015743494
428	0.120998181402683
429	0.121594160795212
430	0.122213289141655
431	0.122946232557297
432	0.123796798288822
433	0.124718405306339
434	0.125496536493301
435	0.12609826028347
436	0.126569524407387
437	0.127058193087578
438	0.127718970179558
439	0.128574401140213
440	0.129305735230446
441	0.130149871110916
442	0.131067276000977
443	0.131625667214394
444	0.132230028510094
445	0.132918536663055
446	0.133561715483665
447	0.134206429123878
448	0.134863913059235
449	0.135554045438766
450	0.136447355151176
451	0.137133851647377
452	0.137466281652451
453	0.138064607977867
454	0.138765871524811
455	0.139462724328041
456	0.140087768435478
457	0.140637785196304
458	0.141197919845581
459	0.141891062259674
460	0.14245268702507
461	0.142873197793961
462	0.14325013756752
463	0.143913567066193
464	0.144545912742615
465	0.144953101873398
466	0.145277425646782
467	0.145738303661346
468	0.146324753761292
469	0.14677506685257
470	0.147295787930489
471	0.147861465811729
472	0.148371905088425
473	0.149008437991142
474	0.149622544646263
475	0.150073081254959
476	0.150519415736198
477	0.150978311896324
478	0.15146841108799
479	0.15204693377018
480	0.152637749910355
481	0.153178498148918
482	0.153604507446289
483	0.154177859425545
484	0.154857933521271
485	0.155490443110466
486	0.155920177698135
487	0.156415373086929
488	0.157153621315956
489	0.15772508084774
490	0.158268555998802
491	0.158879056572914
492	0.159553572535515
493	0.16028143465519
494	0.161014586687088
495	0.161667943000793
496	0.162278324365616
497	0.162954017519951
498	0.163775965571404
499	0.164431512355804
500	0.165062442421913
501	0.165776118636131
502	0.166404485702515
503	0.167035594582558
504	0.167731180787086
505	0.168546631932259
506	0.169287085533142
507	0.169969484210014
508	0.170723512768745
509	0.171449258923531
510	0.172134220600128
511	0.172799706459045
512	0.17351932823658
513	0.174306601285934
514	0.175138086080551
515	0.175912708044052
516	0.176681011915207
517	0.177451848983765
518	0.178193479776382
519	0.178857088088989
520	0.179530039429665
521	0.180346965789795
522	0.181137412786484
523	0.181921541690826
524	0.182725057005882
525	0.183413118124008
526	0.184154093265533
527	0.185015171766281
528	0.185851812362671
529	0.18669281899929
530	0.187536239624023
531	0.188365072011948
532	0.189170181751251
533	0.189982622861862
534	0.190844029188156
535	0.19172191619873
536	0.192607805132866
537	0.193496510386467
538	0.194367751479149
539	0.195265799760818
540	0.196200311183929
541	0.197121411561966
542	0.19804248213768
543	0.198959633708
544	0.199861019849777
545	0.200830146670341
546	0.201841711997986
547	0.202841490507126
548	0.203799247741699
549	0.204798340797424
550	0.20589491724968
551	0.207065343856812
552	0.208283811807632
553	0.209523543715477
554	0.21075727045536
555	0.212014704942703
556	0.213268801569939
557	0.214478060603142
558	0.215692728757858
559	0.216907232999802
560	0.218103140592575
561	0.21921418607235
562	0.220336124300957
563	0.221508607268333
564	0.222660735249519
565	0.223758161067963
566	0.22483979165554
567	0.225997343659401
568	0.22710694372654
569	0.228201851248741
570	0.229343637824059
571	0.230420336127281
572	0.231420561671257
573	0.232382789254189
574	0.233458116650581
575	0.234573125839233
576	0.235669448971748
577	0.236710712313652
578	0.237755641341209
579	0.238793551921844
580	0.239793017506599
581	0.240827515721321
582	0.241837397217751
583	0.242759272456169
584	0.243629962205887
585	0.244493246078491
586	0.24536857008934
587	0.246211156249046
588	0.247078463435173
589	0.247947067022324
590	0.248727098107338
591	0.249469861388206
592	0.250195860862732
593	0.250906378030777
594	0.251489073038101
595	0.252040088176727
596	0.252652883529663
597	0.253340303897858
598	0.25411918759346
599	0.254944443702698
600	0.255707681179047
601	0.256482303142548
602	0.257240682840347
603	0.257930517196655
604	0.25865849852562
605	0.259405136108398
606	0.260132759809494
607	0.260812819004059
608	0.261509150266647
609	0.262229740619659
610	0.262867897748947
611	0.263535439968109
612	0.264241367578506
613	0.264930605888367
614	0.265557587146759
615	0.266191571950912
616	0.266899734735489
617	0.267535716295242
618	0.268165349960327
619	0.268821239471436
620	0.269405961036682
621	0.270010590553284
622	0.270656615495682
623	0.271306276321411
624	0.271940618753433
625	0.272548764944077
626	0.273131251335144
627	0.273720055818558
628	0.274322479963303
629	0.27494141459465
630	0.275574833154678
631	0.276192992925644
632	0.276789218187332
633	0.277383804321289
634	0.277971655130386
635	0.278572052717209
636	0.279208034276962
637	0.27982497215271
638	0.2804074883461
639	0.280961126089096
640	0.281549781560898
641	0.282160818576813
642	0.282772064208984
643	0.28335577249527
644	0.283920437097549
645	0.284482419490814
646	0.285068869590759
647	0.285677552223206
648	0.286274164915085
649	0.286831736564636
650	0.287398248910904
651	0.287982672452927
652	0.288582026958466
653	0.2891745865345
654	0.289751082658768
655	0.290317624807358
656	0.290892720222473
657	0.29144424200058
658	0.291985303163528
659	0.292536497116089
660	0.29307359457016
661	0.293623447418213
662	0.294196575880051
663	0.294752418994904
664	0.295330822467804
665	0.29591891169548
666	0.296444833278656
667	0.297012209892273
668	0.297610551118851
669	0.298190623521805
670	0.298756062984467
671	0.299329698085785
672	0.299919307231903
673	0.300462633371353
674	0.301028430461884
675	0.301631599664688
676	0.302217990159988
677	0.302773624658585
678	0.30331751704216
679	0.303883165121078
680	0.304464161396027
681	0.305056422948837
682	0.30564820766449
683	0.306204915046692
684	0.306782454252243
685	0.307384461164474
686	0.307938158512115
687	0.30851212143898
688	0.309093922376633
689	0.309642791748047
690	0.310255020856857
691	0.310887217521667
692	0.311487227678299
693	0.312069267034531
694	0.312646806240082
695	0.313223272562027
696	0.313776314258575
697	0.31434965133667
698	0.314929395914078
699	0.315472692251205
700	0.31604665517807
701	0.316638231277466
702	0.317219942808151
703	0.317784339189529
704	0.318349450826645
705	0.318918913602829
706	0.319468945264816
707	0.32005101442337
708	0.320643037557602
709	0.321186095476151
710	0.321723967790604
711	0.322274267673492
712	0.322842419147491
713	0.323394924402237
714	0.323958039283752
715	0.324540436267853
716	0.325120180845261
717	0.325672000646591
718	0.326209843158722
719	0.326767206192017
720	0.327292084693909
721	0.327831923961639
722	0.328422546386719
723	0.328974783420563
724	0.329505562782288
725	0.330038517713547
726	0.330609649419785
727	0.331198573112488
728	0.331768065690994
729	0.332278490066528
730	0.332809835672379
731	0.333363771438599
732	0.333924680948257
733	0.334460973739624
734	0.334991335868835
735	0.335531055927277
736	0.336087882518768
737	0.336613059043884
738	0.337130546569824
739	0.337695598602295
740	0.338263839483261
741	0.338811129331589
742	0.33933088183403
743	0.339864581823349
744	0.340410888195038
745	0.340955913066864
746	0.341470241546631
747	0.341999500989914
748	0.342528879642487
749	0.343027085065842
750	0.343544065952301
751	0.344076752662659
752	0.344613999128342
753	0.345139861106873
754	0.345651388168335
755	0.346156865358353
756	0.346677780151367
757	0.34719905257225
758	0.347726076841354
759	0.348263621330261
760	0.34876149892807
761	0.349269449710846
762	0.349810421466827
763	0.350314259529114
764	0.350817888975143
765	0.351320952177048
766	0.351793080568314
767	0.352285116910934
768	0.352779239416122
769	0.353248178958893
770	0.35373243689537
771	0.354221493005753
772	0.354711800813675
773	0.355226844549179
774	0.355704456567764
775	0.356157153844833
776	0.356644064188004
777	0.357108116149902
778	0.357571303844452
779	0.358053207397461
780	0.358496844768524
781	0.358937412500381
782	0.359389752149582
783	0.359837293624878
784	0.36027854681015
785	0.360719621181488
786	0.361171990633011
787	0.36162793636322
788	0.362066954374313
789	0.362482726573944
790	0.362916260957718
791	0.363342642784119
792	0.363752663135529
793	0.36414909362793
794	0.36455175280571
795	0.364966213703156
796	0.365387886762619
797	0.36579430103302
798	0.366190820932388
799	0.366582661867142
800	0.366967171430588
801	0.367356479167938
802	0.367742627859116
803	0.368105351924896
804	0.368459582328796
805	0.368824511766434
806	0.36921226978302
807	0.369597911834717
808	0.369978874921799
809	0.370348155498505
810	0.37068435549736
811	0.371035665273666
812	0.371398210525513
813	0.371744275093079
814	0.372077703475952
815	0.372420907020569
816	0.37278339266777
817	0.373132348060608
818	0.373478949069977
819	0.373811811208725
820	0.374101042747498
821	0.374416619539261
822	0.374737203121185
823	0.375029683113098
824	0.375335812568665
825	0.37563481926918
826	0.375926494598389
827	0.376256704330444
828	0.376558095216751
829	0.376842141151428
830	0.377154648303986
831	0.377468913793564
832	0.377777218818665
833	0.378070384263992
834	0.378318816423416
835	0.378600478172302
836	0.378921896219254
837	0.379221796989441
838	0.37949213385582
839	0.379741728305817
840	0.37999153137207
841	0.380277127027512
842	0.380557268857956
843	0.380812108516693
844	0.381065785884857
845	0.381307035684586
846	0.381544560194016
847	0.381795257329941
848	0.382062315940857
849	0.382320553064346
850	0.382549643516541
851	0.382748574018478
852	0.382985413074493
853	0.383262664079666
854	0.383524835109711
855	0.383771747350693
856	0.384007692337036
857	0.384243190288544
858	0.384499341249466
859	0.384757548570633
860	0.385003715753555
861	0.385229617357254
862	0.385447174310684
863	0.385654151439667
864	0.385853141546249
865	0.386142373085022
866	0.386417210102081
867	0.386618226766586
868	0.386829346418381
869	0.387079179286957
870	0.387343436479568
871	0.387562990188599
872	0.387779355049133
873	0.388009458780289
874	0.388258218765259
875	0.388502150774002
876	0.388733565807343
877	0.388962924480438
878	0.389218956232071
879	0.389480143785477
880	0.389722913503647
881	0.389936149120331
882	0.390182375907898
883	0.39045250415802
884	0.390725910663605
885	0.390969008207321
886	0.391237795352936
887	0.391510486602783
888	0.391743093729019
889	0.391988217830658
890	0.392241269350052
891	0.392493188381195
892	0.39273664355278
893	0.392987132072449
894	0.393253743648529
895	0.393536418676376
896	0.393771469593048
897	0.393981367349625
898	0.394205778837204
899	0.394490480422974
900	0.394787281751633
901	0.395063519477844
902	0.395302027463913
903	0.395577192306519
904	0.395872890949249
905	0.396152406930923
906	0.396392703056335
907	0.396648406982422
908	0.396936982870102
909	0.397229164838791
910	0.397481113672256
911	0.397719532251358
912	0.397990107536316
913	0.398306369781494
914	0.398589760065079
915	0.398819953203201
916	0.399078160524368
917	0.399339854717255
918	0.399611622095108
919	0.399904072284698
920	0.400182127952576
921	0.400463998317719
922	0.400755912065506
923	0.401030033826828
924	0.401276677846909
925	0.401527583599091
926	0.401826798915863
927	0.402120172977448
928	0.402404546737671
929	0.402692198753357
930	0.403024464845657
931	0.40334764122963
932	0.403642982244492
933	0.4039166867733
934	0.404204726219177
935	0.404497861862183
936	0.404787838459015
937	0.40509244799614
938	0.405371397733688
939	0.405649900436401
940	0.405990540981293
941	0.406262904405594
942	0.406523108482361
943	0.406833857297897
944	0.40717226266861
945	0.407484650611877
946	0.407772123813629
947	0.408081233501434
948	0.408362448215485
949	0.408664256334305
950	0.409013420343399
951	0.409286856651306
952	0.409565329551697
953	0.409856379032135
954	0.410101473331451
955	0.410370469093323
956	0.410654604434967
957	0.410936653614044
958	0.411245435476303
959	0.411564737558365
960	0.41186860203743
961	0.412128567695618
962	0.412442058324814
963	0.412747442722321
964	0.412985861301422
965	0.413246691226959
966	0.413578391075134
967	0.413943260908127
968	0.41421976685524
969	0.414448767900467
970	0.414704442024231
971	0.415035396814346
972	0.415362983942032
973	0.415679544210434
974	0.415962427854538
975	0.416181176900864
976	0.416505485773087
977	0.416859328746796
978	0.417145788669586
979	0.417416334152222
980	0.417714387178421
981	0.418014377355576
982	0.418231993913651
983	0.418495953083038
984	0.41879540681839
985	0.419096082448959
986	0.419406533241272
987	0.419698774814606
988	0.419952690601349
989	0.42016327381134
990	0.420442819595337
991	0.42074128985405
992	0.42100590467453
993	0.42128923535347
994	0.421511113643646
995	0.421738594770432
996	0.422126710414886
997	0.422451853752136
998	0.422713458538055
999	0.422941535711288
1000	0.423124849796295
1001	0.422321408987045
1002	0.422596544027328
1003	0.422765076160431
1004	0.422756016254425
1005	0.422919362783432
1006	0.423092037439346
1007	0.423288971185684
1008	0.42351159453392
1009	0.423805922269821
1010	0.424204915761948
1011	0.424495458602905
1012	0.424872636795044
1013	0.425129592418671
1014	0.425206989049912
1015	0.42530220746994
1016	0.42549329996109
1017	0.425698012113571
1018	0.425926834344864
1019	0.426246881484985
1020	0.426510661840439
1021	0.426799982786179
1022	0.426995843648911
1023	0.427131235599518
1024	0.427291035652161
1025	0.427268832921982
1026	0.427460014820099
1027	0.427869766950607
1028	0.42818009853363
1029	0.428451031446457
1030	0.428807139396667
1031	0.429034918546677
1032	0.429051995277405
1033	0.429279237985611
1034	0.429626494646072
1035	0.429873496294022
1036	0.430184751749039
1037	0.430395781993866
1038	0.430499643087387
1039	0.430619150400162
1040	0.430621743202209
1041	0.430752962827683
1042	0.430966824293137
1043	0.431260228157043
1044	0.431469291448593
1045	0.431785941123962
1046	0.431982100009918
1047	0.432011485099792
1048	0.432171076536179
1049	0.432406574487686
1050	0.432580530643463
1051	0.432718962430954
1052	0.43292048573494
1053	0.433108568191528
1054	0.433326214551926
1055	0.433624684810638
1056	0.433951556682587
1057	0.434142380952835
1058	0.43421944975853
1059	0.434425413608551
1060	0.434649974107742
1061	0.43480721116066
1062	0.4349744617939
1063	0.435175716876984
1064	0.435335099697113
1065	0.435479044914246
1066	0.435643792152405
1067	0.435869038105011
1068	0.436159998178482
1069	0.436273962259293
1070	0.436465233564377
1071	0.436749160289764
1072	0.436939239501953
1073	0.4370436668396
1074	0.437204390764236
1075	0.437353283166885
1076	0.437549859285355
1077	0.43778982758522
1078	0.437979489564896
1079	0.43817937374115
1080	0.43839630484581
1081	0.438594818115234
1082	0.438787251710892
1083	0.439015835523605
1084	0.439149588346481
1085	0.439307540655136
1086	0.439403265714645
1087	0.439596861600876
1088	0.43983781337738
1089	0.440038412809372
1090	0.440297245979309
1091	0.440464943647385
1092	0.440518230199814
1093	0.440701961517334
1094	0.44088539481163
1095	0.441101789474487
1096	0.441437304019928
1097	0.441753298044205
1098	0.441897720098495
1099	0.442050606012344
1100	0.442178010940552
1101	0.442146599292755
1102	0.442300975322723
1103	0.442601948976517
1104	0.442772507667542
1105	0.442927718162537
1106	0.44310536980629
1107	0.443222939968109
1108	0.443386793136597
1109	0.443596303462982
1110	0.443822771310806
1111	0.444102227687836
1112	0.444228380918503
1113	0.444326490163803
1114	0.44451105594635
1115	0.44467568397522
1116	0.444831788539886
1117	0.444958984851837
1118	0.445073634386063
1119	0.445231705904007
1120	0.445322573184967
1121	0.44549298286438
1122	0.445829391479492
1123	0.446033418178558
1124	0.446146160364151
1125	0.446346253156662
1126	0.446538031101227
1127	0.446646422147751
1128	0.446856290102005
1129	0.447100073099136
1130	0.447237104177475
1131	0.447279661893845
1132	0.44743138551712
1133	0.447558581829071
1134	0.447707772254944
1135	0.447946459054947
1136	0.448131382465363
1137	0.448304623365402
1138	0.448458552360535
1139	0.448593020439148
1140	0.448707193136215
1141	0.448902100324631
1142	0.44906359910965
1143	0.449215203523636
1144	0.449453085660934
1145	0.449624121189117
1146	0.449736684560776
1147	0.449859768152237
1148	0.449963420629501
1149	0.450099170207977
1150	0.450246930122375
1151	0.450393825769424
1152	0.450565248727798
1153	0.45070031285286
1154	0.450927972793579
1155	0.451129734516144
1156	0.451231092214584
1157	0.451389461755753
1158	0.451596915721893
1159	0.451793223619461
1160	0.451945275068283
1161	0.452110111713409
1162	0.452312052249908
1163	0.452462136745453
1164	0.452597588300705
1165	0.452819526195526
1166	0.453017592430115
1167	0.453078091144562
1168	0.453234672546387
1169	0.453476995229721
1170	0.453735679388046
1171	0.453896224498749
1172	0.454100579023361
1173	0.454320341348648
1174	0.454455852508545
1175	0.454585433006287
1176	0.454761475324631
1177	0.454913079738617
1178	0.455116927623749
1179	0.455284416675568
1180	0.455457031726837
1181	0.455615013837814
1182	0.455737084150314
1183	0.455862015485764
1184	0.455946505069733
1185	0.456184327602386
1186	0.456393629312515
1187	0.456537753343582
1188	0.456721633672714
1189	0.456869870424271
1190	0.457071006298065
1191	0.457296848297119
1192	0.457397878170013
1193	0.457494020462036
1194	0.45766294002533
1195	0.457808792591095
1196	0.457942873239517
1197	0.458164364099503
1198	0.458371788263321
1199	0.45854514837265
1200	0.458631634712219
1201	0.458835273981094
1202	0.459057688713074
1203	0.459171772003174
1204	0.459352433681488
1205	0.459619283676147
1206	0.459800660610199
1207	0.459987431764603
1208	0.46020695567131
1209	0.460343569517136
1210	0.460524439811707
1211	0.460744172334671
1212	0.460907757282257
1213	0.461083054542542
1214	0.461257636547089
1215	0.461450308561325
1216	0.461652636528015
1217	0.461846530437469
1218	0.461970448493958
1219	0.462150186300278
1220	0.462330281734467
1221	0.462440073490143
1222	0.462605714797974
1223	0.462746739387512
1224	0.462862730026245
1225	0.46309232711792
1226	0.46327155828476
1227	0.463402360677719
1228	0.463614404201508
1229	0.463777720928192
1230	0.463921278715134
1231	0.464124023914337
1232	0.464281648397446
1233	0.464366286993027
1234	0.464463740587235
1235	0.464618504047394
1236	0.464774638414383
1237	0.464965283870697
1238	0.465139418840408
1239	0.465273380279541
1240	0.465433359146118
1241	0.465616792440414
1242	0.465775609016418
1243	0.465968132019043
1244	0.466226577758789
1245	0.466443866491318
1246	0.466614156961441
1247	0.466792970895767
1248	0.466952413320541
1249	0.467112451791763
1250	0.467268288135529
1251	0.467440396547318
1252	0.467597603797913
1253	0.467757374048233
1254	0.46791997551918
1255	0.468063414096832
1256	0.468223869800568
1257	0.468428075313568
1258	0.468595921993256
1259	0.468752950429916
1260	0.468940287828445
1261	0.469085603952408
1262	0.469251036643982
1263	0.469452410936356
1264	0.469636291265488
1265	0.469799041748047
1266	0.469949573278427
1267	0.470061868429184
1268	0.470220863819122
1269	0.470386177301407
1270	0.470583558082581
1271	0.470761984586716
1272	0.470911055803299
1273	0.471072793006897
1274	0.471196889877319
1275	0.47133406996727
1276	0.471523612737656
1277	0.471650093793869
1278	0.471757292747498
1279	0.47195103764534
1280	0.4721320271492
1281	0.472331672906876
1282	0.472564935684204
1283	0.472672551870346
1284	0.472775548696518
1285	0.472974300384521
1286	0.473150700330734
1287	0.473299384117126
1288	0.473458558320999
1289	0.473644465208054
1290	0.473808377981186
1291	0.473925739526749
1292	0.474064439535141
1293	0.474260926246643
1294	0.474401950836182
1295	0.474487781524658
1296	0.474677503108978
1297	0.474903494119644
1298	0.475009024143219
1299	0.475100666284561
1300	0.475253820419312
1301	0.475417375564575
1302	0.475533127784729
1303	0.475593268871307
1304	0.475773394107819
1305	0.476001530885696
1306	0.476151019334793
1307	0.476285874843597
1308	0.476538777351379
1309	0.476734071969986
1310	0.476801574230194
1311	0.476971864700317
1312	0.477267444133759
1313	0.477457076311111
1314	0.477529346942902
1315	0.477677524089813
1316	0.477855354547501
1317	0.478033691644669
1318	0.478245496749878
1319	0.478382736444473
1320	0.478494971990585
1321	0.478659957647324
1322	0.47883003950119
1323	0.478976279497147
1324	0.479119777679443
1325	0.479257106781006
1326	0.479401618242264
1327	0.479580610990524
1328	0.479753851890564
1329	0.479931443929672
1330	0.480068355798721
1331	0.480260044336319
1332	0.480415552854538
1333	0.480504244565964
1334	0.480609744787216
1335	0.480736047029495
1336	0.480819821357727
1337	0.480938613414764
1338	0.481114208698273
1339	0.481219708919525
1340	0.481301516294479
1341	0.48148113489151
1342	0.481669932603836
1343	0.481787353754044
1344	0.481924176216125
1345	0.482081055641174
1346	0.482199192047119
1347	0.482331931591034
1348	0.482499450445175
1349	0.48262494802475
1350	0.482720404863358
1351	0.48281067609787
1352	0.482940912246704
1353	0.483012497425079
1354	0.483124285936356
1355	0.48332878947258
1356	0.483458429574966
1357	0.48358154296875
1358	0.483754456043243
1359	0.483891665935516
1360	0.4840147793293
1361	0.484132081270218
1362	0.484233796596527
1363	0.484289228916168
1364	0.484350293874741
1365	0.484431862831116
1366	0.484470725059509
1367	0.484527379274368
1368	0.484591364860535
1369	0.484626144170761
1370	0.484652280807495
1371	0.484692066907883
1372	0.484718412160873
1373	0.484732747077942
1374	0.484703183174133
1375	0.484676659107208
1376	0.484599202871323
1377	0.484458386898041
1378	0.484323233366013
1379	0.484243780374527
1380	0.484122455120087
1381	0.483941167593002
1382	0.483779579401016
1383	0.483603358268738
1384	0.483409523963928
1385	0.483208864927292
1386	0.48302361369133
1387	0.482854843139648
1388	0.482613086700439
1389	0.482364892959595
1390	0.48218184709549
1391	0.481915801763535
1392	0.481592655181885
1393	0.481303095817566
1394	0.480989247560501
1395	0.480662018060684
1396	0.480330228805542
1397	0.479966074228287
1398	0.479575902223587
1399	0.479190617799759
1400	0.478764832019806
1401	0.478365242481232
1402	0.478049218654633
1403	0.477658718824387
1404	0.47717410326004
1405	0.476788997650146
1406	0.476409107446671
1407	0.475969702005386
1408	0.47559916973114
1409	0.475297659635544
1410	0.475004076957703
1411	0.474721789360046
1412	0.474584102630615
1413	0.474549561738968
1414	0.474643349647522
1415	0.474990963935852
1416	0.475427389144897
1417	0.475968807935715
1418	0.476604551076889
1419	0.477199673652649
1420	0.477821290493011
1421	0.478438943624496
1422	0.479019463062286
1423	0.479530394077301
1424	0.480070680379868
1425	0.480643004179001
1426	0.481157541275024
1427	0.481633305549622
1428	0.482112616300583
1429	0.48259699344635
1430	0.483038574457169
1431	0.483462274074554
1432	0.48389208316803
1433	0.484292268753052
1434	0.484662503004074
1435	0.485073506832123
1436	0.485514640808105
1437	0.485895961523056
1438	0.486246109008789
1439	0.486651360988617
1440	0.487024784088135
1441	0.487334400415421
1442	0.487695574760437
1443	0.488031357526779
1444	0.488290339708328
1445	0.488597005605698
1446	0.488920986652374
1447	0.489195764064789
1448	0.489487290382385
1449	0.489739239215851
1450	0.48993769288063
1451	0.490165412425995
1452	0.490406513214111
1453	0.490622043609619
1454	0.490841031074524
1455	0.491046905517578
1456	0.491213947534561
1457	0.491398364305496
1458	0.491581678390503
1459	0.491780549287796
1460	0.492003291845322
1461	0.492192417383194
1462	0.492332220077515
1463	0.49248743057251
1464	0.492684900760651
1465	0.492854028940201
1466	0.493021249771118
1467	0.493250519037247
1468	0.493452906608582
1469	0.493621170520782
1470	0.493794709444046
1471	0.49399346113205
1472	0.494245171546936
1473	0.494488954544067
1474	0.49471715092659
1475	0.494934052228928
1476	0.495102614164352
1477	0.495278596878052
1478	0.495503753423691
1479	0.495736092329025
1480	0.495957165956497
1481	0.496165871620178
1482	0.496346473693848
1483	0.496468961238861
1484	0.496667623519897
1485	0.496889650821686
1486	0.497079610824585
1487	0.497302323579788
1488	0.497503221035004
1489	0.497679203748703
1490	0.497861415147781
1491	0.498032718896866
1492	0.498205572366714
1493	0.49836939573288
1494	0.498537003993988
1495	0.49872550368309
1496	0.498922079801559
1497	0.499111533164978
1498	0.499317139387131
1499	0.499497503042221
1500	0.499694317579269
1501	0.499888628721237
1502	0.499999344348907
1503	0.500121653079987
1504	0.500276029109955
1505	0.500401496887207
1506	0.500526368618011
1507	0.500701367855072
1508	0.500891387462616
1509	0.501031756401062
1510	0.501234531402588
1511	0.501451015472412
1512	0.50156831741333
1513	0.501725673675537
1514	0.50191193819046
1515	0.502053439617157
1516	0.502182722091675
1517	0.502324759960175
1518	0.502500832080841
1519	0.502654850482941
1520	0.502789258956909
1521	0.502935111522675
1522	0.503094255924225
1523	0.503235876560211
1524	0.503366768360138
1525	0.50352817773819
1526	0.503700196743011
1527	0.503869891166687
1528	0.504062056541443
1529	0.504199087619781
1530	0.504315078258514
1531	0.504445552825928
1532	0.50454580783844
1533	0.50466388463974
1534	0.504789471626282
1535	0.504934668540955
1536	0.505102753639221
1537	0.505262076854706
1538	0.505393266677856
1539	0.505470395088196
1540	0.505561888217926
1541	0.505650699138641
1542	0.505726993083954
1543	0.505870342254639
1544	0.506011843681335
1545	0.506113529205322
1546	0.506265342235565
1547	0.506443917751312
1548	0.50657069683075
1549	0.506695806980133
1550	0.506855547428131
1551	0.506993889808655
1552	0.507072865962982
1553	0.507190406322479
1554	0.507347285747528
1555	0.507418990135193
1556	0.507493615150452
1557	0.507619440555573
1558	0.507724583148956
1559	0.507809638977051
1560	0.507916212081909
1561	0.508078694343567
1562	0.508234977722168
1563	0.508354723453522
1564	0.508531272411346
1565	0.508735001087189
1566	0.50883275270462
1567	0.508873820304871
1568	0.50899475812912
1569	0.509132325649261
1570	0.509208798408508
1571	0.509326457977295
1572	0.509468734264374
1573	0.509535253047943
1574	0.509599983692169
1575	0.509746193885803
1576	0.509880304336548
1577	0.510005712509155
1578	0.510113179683685
1579	0.510234713554382
1580	0.510353028774261
1581	0.510437846183777
1582	0.510546445846558
1583	0.510675847530365
1584	0.51081520318985
1585	0.51096785068512
1586	0.511098861694336
1587	0.511265337467194
1588	0.511365115642548
1589	0.511367619037628
1590	0.511476635932922
1591	0.511635422706604
1592	0.511715948581696
1593	0.511780977249146
1594	0.511926889419556
1595	0.512062966823578
1596	0.512153387069702
1597	0.512291610240936
1598	0.512455642223358
1599	0.512534379959106
1600	0.512632727622986
1601	0.51280814409256
1602	0.512946128845215
1603	0.513063192367554
1604	0.51318496465683
1605	0.513304114341736
1606	0.513436496257782
1607	0.51351922750473
1608	0.513608992099762
1609	0.513736307621002
1610	0.513803720474243
1611	0.513877391815186
1612	0.514003992080688
1613	0.514126658439636
1614	0.514222741127014
1615	0.514320731163025
1616	0.514441013336182
1617	0.514548778533936
1618	0.514655292034149
1619	0.514779686927795
1620	0.514875531196594
1621	0.514955937862396
1622	0.515110373497009
1623	0.515295445919037
1624	0.515411019325256
1625	0.515484094619751
1626	0.515561640262604
1627	0.515640497207642
1628	0.515699923038483
1629	0.515787661075592
1630	0.51589035987854
1631	0.515960991382599
1632	0.516075551509857
1633	0.516198456287384
1634	0.516317129135132
1635	0.516438603401184
1636	0.516495943069458
1637	0.516585111618042
1638	0.516681551933289
1639	0.516735315322876
1640	0.516842484474182
1641	0.516927301883698
1642	0.517010092735291
1643	0.517171621322632
1644	0.517282128334045
1645	0.517371594905853
1646	0.51754367351532
1647	0.51768958568573
1648	0.517780005931854
1649	0.51788991689682
1650	0.518009722232819
1651	0.518148958683014
1652	0.5182945728302
1653	0.518423795700073
1654	0.518515765666962
1655	0.518539786338806
1656	0.518607974052429
1657	0.518735468387604
1658	0.518857181072235
1659	0.518935084342957
1660	0.518937468528748
1661	0.519011616706848
1662	0.519159734249115
1663	0.519235610961914
1664	0.519289493560791
1665	0.519397974014282
1666	0.519478499889374
1667	0.519543409347534
1668	0.51965719461441
1669	0.519742429256439
1670	0.519819915294647
1671	0.519931733608246
1672	0.520059704780579
1673	0.52018940448761
1674	0.52026641368866
1675	0.520322263240814
1676	0.520412385463715
1677	0.5204958319664
1678	0.520553052425385
1679	0.520598232746124
1680	0.520706534385681
1681	0.520873963832855
1682	0.520942628383636
1683	0.520960688591003
1684	0.521023273468018
1685	0.521083772182465
1686	0.52119380235672
1687	0.521347224712372
1688	0.521440029144287
1689	0.521539211273193
1690	0.521664559841156
1691	0.521764874458313
1692	0.521869957447052
1693	0.521880328655243
1694	0.521855533123016
1695	0.521955251693726
1696	0.522079467773438
1697	0.522182762622833
1698	0.522280156612396
1699	0.522341251373291
1700	0.522423684597015
1701	0.522548079490662
1702	0.522670924663544
1703	0.522767722606659
1704	0.522864758968353
1705	0.522965312004089
1706	0.523040413856506
1707	0.523105502128601
1708	0.523177325725555
1709	0.523253262042999
1710	0.523330926895142
1711	0.523443281650543
1712	0.523565769195557
1713	0.523680031299591
1714	0.523793995380402
1715	0.523856043815613
1716	0.523870766162872
1717	0.523880898952484
1718	0.523939430713654
1719	0.524064123630524
1720	0.524194896221161
1721	0.524264633655548
1722	0.524263024330139
1723	0.524268686771393
1724	0.52433717250824
1725	0.524397134780884
1726	0.524403691291809
1727	0.52445787191391
1728	0.524530708789825
1729	0.524566471576691
1730	0.524609327316284
1731	0.52463436126709
1732	0.524674832820892
1733	0.524680078029633
1734	0.524667859077454
1735	0.524737656116486
1736	0.524753153324127
1737	0.524711847305298
1738	0.524763226509094
1739	0.524855613708496
1740	0.524865686893463
1741	0.524882078170776
1742	0.525019228458405
1743	0.525104761123657
1744	0.525106430053711
1745	0.525180160999298
1746	0.525175452232361
1747	0.525078058242798
1748	0.525097012519836
1749	0.525157332420349
1750	0.525186896324158
1751	0.525234758853912
1752	0.525259733200073
1753	0.525250375270844
1754	0.525288999080658
1755	0.525378286838531
1756	0.525537610054016
1757	0.525613069534302
1758	0.525653958320618
1759	0.525740087032318
1760	0.525816977024078
1761	0.525860488414764
1762	0.525938868522644
1763	0.526007771492004
1764	0.526018381118774
1765	0.526031136512756
1766	0.526069819927216
1767	0.526148498058319
1768	0.526202857494354
1769	0.526262104511261
1770	0.526378989219666
1771	0.526363551616669
1772	0.526273846626282
1773	0.52632600069046
1774	0.526390910148621
1775	0.526415228843689
1776	0.526542007923126
1777	0.526627898216248
1778	0.526591539382935
1779	0.52669757604599
1780	0.526813089847565
1781	0.526778697967529
1782	0.526845633983612
1783	0.526932060718536
1784	0.52695631980896
1785	0.527078688144684
1786	0.527196705341339
1787	0.527272820472717
1788	0.527371942996979
1789	0.527431905269623
1790	0.52749902009964
1791	0.527520596981049
1792	0.527519762516022
1793	0.527654528617859
1794	0.527725517749786
1795	0.527719557285309
1796	0.527832567691803
1797	0.527951776981354
1798	0.528028845787048
1799	0.528168976306915
1800	0.528330028057098
1801	0.527881443500519
1802	0.527938783168793
1803	0.528014957904816
1804	0.528099298477173
1805	0.528377592563629
1806	0.528641760349274
1807	0.528624415397644
1808	0.528635442256927
1809	0.528936505317688
1810	0.529125809669495
1811	0.529280185699463
1812	0.52938312292099
1813	0.529434680938721
1814	0.529606461524963
1815	0.529707729816437
1816	0.529938995838165
1817	0.530187845230103
1818	0.530136823654175
1819	0.530192852020264
1820	0.530175805091858
1821	0.530240476131439
1822	0.53034234046936
1823	0.530481696128845
1824	0.530684113502502
1825	0.530835330486298
1826	0.530949056148529
1827	0.53106963634491
1828	0.531122088432312
1829	0.530985474586487
1830	0.531021595001221
1831	0.531103610992432
1832	0.531227469444275
1833	0.531399548053741
1834	0.531495034694672
1835	0.531435489654541
1836	0.531489431858063
1837	0.531581521034241
1838	0.531685650348663
1839	0.531794428825378
1840	0.531969308853149
1841	0.532180666923523
1842	0.53229159116745
1843	0.53230607509613
1844	0.532291889190674
1845	0.532361447811127
1846	0.532447695732117
1847	0.532581031322479
1848	0.53270959854126
1849	0.532993376255035
1850	0.53293764591217
1851	0.53279447555542
1852	0.532850861549377
1853	0.532849490642548
1854	0.532777607440948
1855	0.532804489135742
1856	0.532960057258606
1857	0.533003270626068
1858	0.533044099807739
1859	0.533051431179047
1860	0.532903790473938
1861	0.532796144485474
1862	0.532813608646393
1863	0.532728016376495
1864	0.532686829566956
1865	0.532726943492889
1866	0.532685577869415
1867	0.532520115375519
1868	0.532410204410553
1869	0.532265663146973
1870	0.531985938549042
1871	0.531600773334503
1872	0.531258523464203
1873	0.531088888645172
1874	0.530801892280579
1875	0.530385792255402
1876	0.529829919338226
1877	0.529366254806519
1878	0.528766751289368
1879	0.527957797050476
1880	0.527274072170258
1881	0.526652097702026
1882	0.52590537071228
1883	0.525119185447693
1884	0.52421909570694
1885	0.523291170597076
1886	0.522068440914154
1887	0.520797908306122
1888	0.519399881362915
1889	0.517768085002899
1890	0.516271412372589
1891	0.514542758464813
1892	0.5124831199646
1893	0.510514855384827
1894	0.508405566215515
1895	0.506137013435364
1896	0.503640413284302
1897	0.501188337802887
1898	0.498738020658493
1899	0.496444076299667
1900	0.494369566440582
1901	0.492537677288055
1902	0.490940272808075
1903	0.489341080188751
1904	0.487935692071915
1905	0.486578971147537
1906	0.485610216856003
1907	0.484817147254944
1908	0.484228014945984
1909	0.483825951814651
1910	0.483541339635849
1911	0.48361536860466
1912	0.483737707138062
1913	0.4837406873703
1914	0.484038352966309
1915	0.484495371580124
1916	0.485060155391693
1917	0.485719531774521
1918	0.48653981089592
1919	0.48733589053154
1920	0.48817190527916
1921	0.488939374685287
1922	0.489735901355743
1923	0.490808844566345
1924	0.491835176944733
1925	0.492669552564621
1926	0.493382662534714
1927	0.494229555130005
1928	0.49514377117157
1929	0.495904296636581
1930	0.496727615594864
1931	0.497652351856232
1932	0.498371154069901
1933	0.498971879482269
1934	0.499756038188934
1935	0.500565350055695
1936	0.50124204158783
1937	0.501770496368408
1938	0.502408683300018
1939	0.503105163574219
1940	0.503624796867371
1941	0.504031956195831
1942	0.504488885402679
1943	0.505179643630981
1944	0.505749642848969
1945	0.506205439567566
1946	0.506842136383057
1947	0.507410109043121
1948	0.507748961448669
1949	0.508113503456116
1950	0.508815705776215
1951	0.509313881397247
1952	0.509487807750702
1953	0.50982141494751
1954	0.510296285152435
1955	0.510692119598389
1956	0.511130511760712
1957	0.511750519275665
1958	0.512247860431671
1959	0.512686192989349
1960	0.512976050376892
1961	0.513429701328278
1962	0.514046549797058
1963	0.514431059360504
1964	0.514810621738434
1965	0.51543527841568
1966	0.515870451927185
1967	0.516212642192841
1968	0.516493439674377
1969	0.516957461833954
1970	0.517431437969208
1971	0.517725646495819
1972	0.51822167634964
1973	0.518795073032379
1974	0.519115686416626
1975	0.519435286521912
1976	0.519880771636963
1977	0.520257294178009
1978	0.520639896392822
1979	0.520985245704651
1980	0.521456718444824
1981	0.52196204662323
1982	0.522514581680298
1983	0.523053228855133
1984	0.523565292358398
1985	0.524016141891479
1986	0.524354755878448
1987	0.524645030498505
1988	0.525081694126129
1989	0.525626242160797
1990	0.525981485843658
1991	0.526381075382233
1992	0.526927471160889
1993	0.527356386184692
1994	0.527573645114899
1995	0.528017163276672
1996	0.528511345386505
1997	0.528815090656281
1998	0.529388546943665
1999	0.53009569644928
2000	0.53055477142334
2001	0.531047880649567
2002	0.531564950942993
2003	0.531950771808624
2004	0.532308101654053
2005	0.532704532146454
2006	0.533163189888
2007	0.5335333943367
2008	0.53383195400238
2009	0.534304738044739
2010	0.534871339797974
2011	0.535182356834412
2012	0.535571098327637
2013	0.536010324954987
2014	0.536523818969727
2015	0.536840677261353
2016	0.536955773830414
2017	0.537387073040009
2018	0.537856757640839
2019	0.538421154022217
2020	0.538947641849518
2021	0.53944319486618
2022	0.539798021316528
2023	0.539932250976563
2024	0.540233254432678
2025	0.540854096412659
2026	0.541307389736176
2027	0.541702568531036
2028	0.542007446289063
2029	0.542269468307495
2030	0.542516708374023
2031	0.542598843574524
2032	0.542767524719238
2033	0.543220937252045
2034	0.543653845787048
2035	0.543886959552765
2036	0.544185638427734
2037	0.544600963592529
2038	0.545039772987366
2039	0.545338988304138
2040	0.545660436153412
2041	0.545967757701874
2042	0.546159029006958
2043	0.54631096124649
2044	0.546419620513916
2045	0.546698033809662
2046	0.54700893163681
2047	0.547205090522766
2048	0.54735791683197
2049	0.54772013425827
2050	0.548003971576691
2051	0.548096120357513
2052	0.548266053199768
2053	0.54858922958374
2054	0.548848867416382
2055	0.549030661582947
2056	0.549251198768616
2057	0.549549877643585
2058	0.549746334552765
2059	0.549918532371521
2060	0.550183117389679
2061	0.550421178340912
2062	0.550724744796753
2063	0.551036894321442
2064	0.551225364208221
2065	0.551472723484039
2066	0.551746308803558
2067	0.551976680755615
2068	0.552269220352173
2069	0.55245053768158
2070	0.552506506443024
2071	0.552630305290222
2072	0.552888810634613
2073	0.552960574626923
2074	0.553129613399506
2075	0.553529679775238
2076	0.553810477256775
2077	0.553919196128845
2078	0.554047644138336
2079	0.554070591926575
2080	0.554293632507324
2081	0.554649293422699
2082	0.554861485958099
2083	0.555126428604126
2084	0.555357396602631
2085	0.555429399013519
2086	0.555513381958008
2087	0.555911421775818
2088	0.55627977848053
2089	0.55622935295105
2090	0.556399941444397
2091	0.556536316871643
2092	0.556469082832336
2093	0.556505680084229
2094	0.556730031967163
2095	0.556888461112976
2096	0.55696177482605
2097	0.557125091552734
2098	0.557350993156433
2099	0.557555615901947
2100	0.557685911655426
2101	0.558030486106873
2102	0.558250904083252
2103	0.558309435844421
2104	0.558344900608063
2105	0.558576107025146
2106	0.558740317821503
2107	0.558935701847076
2108	0.55920273065567
2109	0.559476613998413
2110	0.559733748435974
2111	0.560124576091766
2112	0.560460150241852
2113	0.560768365859985
2114	0.561003088951111
2115	0.561132609844208
2116	0.56140011548996
2117	0.561688125133514
2118	0.561871469020844
2119	0.562270879745483
2120	0.562669575214386
2121	0.56288480758667
2122	0.56289404630661
2123	0.563166558742523
2124	0.563537657260895
2125	0.563747704029083
2126	0.564010798931122
2127	0.564265608787537
2128	0.564397692680359
2129	0.564487099647522
2130	0.564627885818481
2131	0.564744889736176
2132	0.564713001251221
2133	0.564760446548462
2134	0.564801692962646
2135	0.564721882343292
2136	0.564752519130707
2137	0.564687252044678
2138	0.564636290073395
2139	0.564773082733154
2140	0.564623832702637
2141	0.56416380405426
2142	0.563932061195374
2143	0.563787281513214
2144	0.563464760780334
2145	0.563052237033844
2146	0.562793970108032
2147	0.5625901222229
2148	0.562154710292816
2149	0.561707198619843
2150	0.56134033203125
2151	0.560616970062256
2152	0.559975206851959
2153	0.55980658531189
2154	0.559340715408325
2155	0.558775782585144
2156	0.558129847049713
2157	0.557540893554688
2158	0.556735098361969
2159	0.556098163127899
2160	0.55563873052597
2161	0.555029213428497
2162	0.554396569728851
2163	0.553757071495056
2164	0.553071618080139
2165	0.552338600158691
2166	0.551392912864685
2167	0.550804734230042
2168	0.55012983083725
2169	0.54928731918335
2170	0.548607349395752
2171	0.548003256320953
2172	0.547408699989319
2173	0.546956062316895
2174	0.546319186687469
2175	0.545611023902893
2176	0.544870913028717
2177	0.544046103954315
2178	0.543229401111603
2179	0.542373716831207
2180	0.541568577289581
2181	0.540657758712769
2182	0.539869785308838
2183	0.539360821247101
2184	0.538609087467194
2185	0.537744224071503
2186	0.536865890026093
2187	0.536073923110962
2188	0.53518158197403
2189	0.534077644348145
2190	0.533282458782196
2191	0.532478630542755
2192	0.531568944454193
2193	0.530661225318909
2194	0.529952764511108
2195	0.529156446456909
2196	0.528270125389099
2197	0.527362525463104
2198	0.52640426158905
2199	0.525607228279114
2200	0.524855196475983
2201	0.523957967758179
2202	0.523031771183014
2203	0.522333264350891
2204	0.521575689315796
2205	0.520897924900055
2206	0.520411670207977
2207	0.520036160945892
2208	0.51974219083786
2209	0.519533276557922
2210	0.519645273685455
2211	0.520255029201508
2212	0.520644664764404
2213	0.521107792854309
2214	0.521554529666901
2215	0.522076666355133
2216	0.522456109523773
2217	0.522804021835327
2218	0.523120284080505
2219	0.523228943347931
2220	0.523598730564117
2221	0.524253368377686
2222	0.52455085515976
2223	0.52458930015564
2224	0.524947583675385
2225	0.52530562877655
2226	0.525700032711029
2227	0.526068150997162
2228	0.526470065116882
2229	0.52643620967865
2230	0.52634209394455
2231	0.526768028736115
2232	0.527109444141388
2233	0.527320921421051
2234	0.527500152587891
2235	0.527689814567566
2236	0.527834415435791
2237	0.52786386013031
2238	0.527926564216614
2239	0.527876198291779
2240	0.527475357055664
2241	0.527373254299164
2242	0.527367174625397
2243	0.52739280462265
2244	0.527596116065979
2245	0.527754545211792
2246	0.528071641921997
2247	0.528127193450928
2248	0.52796858549118
2249	0.527803301811218
2250	0.528013348579407
2251	0.528308272361755
2252	0.528388381004334
2253	0.528501808643341
2254	0.528498530387878
2255	0.528234839439392
2256	0.528353691101074
2257	0.528964817523956
2258	0.5292848944664
2259	0.529566287994385
2260	0.529769062995911
2261	0.529888212680817
2262	0.530122101306915
2263	0.530338525772095
2264	0.530540645122528
2265	0.530874609947205
2266	0.531063556671143
2267	0.531163334846497
2268	0.531198799610138
2269	0.531102001667023
2270	0.531127035617828
2271	0.530936658382416
2272	0.531060218811035
2273	0.531351685523987
2274	0.531955003738403
2275	0.532491147518158
2276	0.532872438430786
2277	0.532848596572876
2278	0.532641410827637
2279	0.532460749149323
2280	0.532311260700226
2281	0.532585084438324
2282	0.532795369625092
2283	0.532604098320007
2284	0.532222867012024
2285	0.532030165195465
2286	0.531381964683533
2287	0.531289219856262
2288	0.531844258308411
2289	0.531848907470703
2290	0.531733334064484
2291	0.531643152236938
2292	0.531218945980072
2293	0.531151652336121
2294	0.531408786773682
2295	0.531471192836761
2296	0.531615078449249
2297	0.531579673290253
2298	0.531225681304932
2299	0.531178832054138
2300	0.531400561332703
2301	0.531377255916595
2302	0.531406700611115
2303	0.531252384185791
2304	0.530968189239502
2305	0.530902147293091
2306	0.531137764453888
2307	0.531121850013733
2308	0.531147599220276
2309	0.531438827514648
2310	0.531542837619781
2311	0.531404197216034
2312	0.531174838542938
2313	0.530979812145233
2314	0.531235039234161
2315	0.531397104263306
2316	0.531226336956024
2317	0.530741095542908
2318	0.530773997306824
2319	0.53080826997757
2320	0.530792057514191
2321	0.531115531921387
2322	0.531312704086304
2323	0.531305968761444
2324	0.531174600124359
2325	0.531226933002472
2326	0.531216025352478
2327	0.530634999275208
2328	0.530545353889465
2329	0.530997157096863
2330	0.531069874763489
2331	0.531132996082306
2332	0.531073093414307
2333	0.530508637428284
2334	0.530579805374146
2335	0.531020760536194
2336	0.531386315822601
2337	0.531345725059509
2338	0.531512916088104
2339	0.531492352485657
2340	0.531248331069946
2341	0.531387269496918
2342	0.531509459018707
2343	0.531706690788269
2344	0.531682431697845
2345	0.530928909778595
2346	0.530632197856903
2347	0.530567526817322
2348	0.530223608016968
2349	0.530702948570251
2350	0.530959784984589
2351	0.529936194419861
2352	0.529272556304932
2353	0.529544830322266
2354	0.529924809932709
2355	0.530249714851379
2356	0.530381381511688
2357	0.530531406402588
2358	0.530784010887146
2359	0.530737996101379
2360	0.530704081058502
2361	0.530827045440674
2362	0.530554890632629
2363	0.530538380146027
2364	0.531177580356598
2365	0.531248211860657
2366	0.530734598636627
2367	0.530668139457703
2368	0.530769944190979
2369	0.53086519241333
2370	0.531352043151855
2371	0.53098851442337
2372	0.529652297496796
2373	0.529660284519196
2374	0.530022740364075
2375	0.530213892459869
2376	0.530383586883545
2377	0.530331909656525
2378	0.529811561107636
2379	0.529399037361145
2380	0.529683649539948
2381	0.529435336589813
2382	0.528340518474579
2383	0.52808004617691
2384	0.528663337230682
2385	0.528814494609833
2386	0.528496205806732
2387	0.528078496456146
2388	0.52774852514267
2389	0.527753472328186
2390	0.527998089790344
2391	0.528426170349121
2392	0.52781468629837
2393	0.527061522006989
2394	0.527545750141144
2395	0.527354538440704
2396	0.527367293834686
2397	0.527948379516602
2398	0.527467906475067
2399	0.527228116989136
2400	0.527100920677185
2401	0.526998341083527
2402	0.528101980686188
2403	0.52838397026062
2404	0.526919543743134
2405	0.525828242301941
2406	0.525030314922333
2407	0.523975670337677
2408	0.524210929870605
2409	0.525386214256287
2410	0.525834321975708
2411	0.524965882301331
2412	0.523989498615265
2413	0.524346828460693
2414	0.523938536643982
2415	0.522478997707367
2416	0.522125661373138
2417	0.521382033824921
2418	0.520212590694427
2419	0.521097481250763
2420	0.52233749628067
2421	0.521649777889252
2422	0.520652234554291
2423	0.520878553390503
2424	0.520917952060699
2425	0.519922375679016
2426	0.519227266311646
2427	0.518396139144897
2428	0.517461776733398
2429	0.517182528972626
2430	0.517228424549103
2431	0.516977488994598
2432	0.515499174594879
2433	0.514548063278198
2434	0.513634979724884
2435	0.51344233751297
2436	0.514463484287262
2437	0.51405280828476
2438	0.51267808675766
2439	0.512287616729736
2440	0.511608004570007
2441	0.510713577270508
2442	0.510849475860596
2443	0.510863900184631
2444	0.509655952453613
2445	0.509474575519562
2446	0.511116862297058
2447	0.510418176651001
2448	0.508319020271301
2449	0.506877243518829
2450	0.503918170928955
2451	0.503861367702484
2452	0.506378889083862
2453	0.506421089172363
2454	0.506487011909485
2455	0.506750226020813
2456	0.505747199058533
2457	0.505454301834106
2458	0.506946206092834
2459	0.506763219833374
2460	0.504011034965515
2461	0.503465592861176
2462	0.504768252372742
2463	0.504240989685059
2464	0.502717256546021
2465	0.503182470798492
2466	0.504236876964569
2467	0.504032611846924
2468	0.505273640155792
2469	0.505563259124756
2470	0.503018140792847
2471	0.501848518848419
2472	0.502259433269501
2473	0.501861691474915
2474	0.501320660114288
2475	0.499826222658157
2476	0.497958183288574
2477	0.495316505432129
2478	0.4886654317379
2479	0.487476587295532
2480	0.490630805492401
2481	0.490660846233368
2482	0.492600411176682
2483	0.494679003953934
2484	0.494198471307755
2485	0.49424996972084
2486	0.497455716133118
2487	0.498500198125839
2488	0.495027273893356
2489	0.495736092329025
2490	0.501173198223114
2491	0.501903057098389
2492	0.501591384410858
2493	0.500465989112854
2494	0.493013769388199
2495	0.492395043373108
2496	0.498769253492355
2497	0.498193293809891
2498	0.493905574083328
2499	0.496481984853745
2500	0.501653075218201
