350	0.10502365231514
351	0.108377702534199
352	0.106006316840649
353	0.1073884293437
354	0.11006124317646
355	0.106048062443733
356	0.105415120720863
357	0.107007749378681
358	0.107470564544201
359	0.10823430866003
360	0.108835004270077
361	0.108994118869305
362	0.109607614576817
363	0.108710072934628
364	0.106600686907768
365	0.106882505118847
366	0.109182797372341
367	0.111645452678204
368	0.111217796802521
369	0.110676653683186
370	0.111376196146011
371	0.113395839929581
372	0.109600238502026
373	0.107627287507057
374	0.111817859113216
375	0.111707501113415
376	0.111497916281223
377	0.112661600112915
378	0.112589441239834
379	0.113448478281498
380	0.115138664841652
381	0.116381883621216
382	0.115539871156216
383	0.114215165376663
384	0.11449921131134
385	0.115022636950016
386	0.115951247513294
387	0.117291063070297
388	0.118109434843063
389	0.119112387299538
390	0.120140358805656
391	0.119563840329647
392	0.11996778845787
393	0.120871193706989
394	0.120212122797966
395	0.120341189205647
396	0.121290408074856
397	0.122380591928959
398	0.122155904769897
399	0.122079618275166
400	0.123048558831215
401	0.123752072453499
402	0.124279394745827
403	0.124692313373089
404	0.124999642372131
405	0.125204652547836
406	0.125418052077293
407	0.125810503959656
408	0.126519396901131
409	0.127248078584671
410	0.127669364213943
411	0.127934038639069
412	0.12834395468235
413	0.128993928432465
414	0.129404157400131
415	0.129921227693558
416	0.130556523799896
417	0.130852207541466
418	0.131252020597458
419	0.13175331056118
420	0.132149890065193
421	0.132605686783791
422	0.133112505078316
423	0.133660033345222
424	0.134537860751152
425	0.135366186499596
426	0.135918632149696
427	0.136499851942062
428	0.137192055583
429	0.137946859002113
430	0.138516962528229
431	0.139141425490379
432	0.13987785577774
433	0.140700489282608
434	0.14142931997776
435	0.142217889428139
436	0.143196687102318
437	0.143813267350197
438	0.144399017095566
439	0.145201623439789
440	0.146061047911644
441	0.146844267845154
442	0.147535845637321
443	0.148251697421074
444	0.149006694555283
445	0.149797603487968
446	0.150595590472221
447	0.151298776268959
448	0.152020141482353
449	0.152858793735504
450	0.153520330786705
451	0.154141053557396
452	0.154832422733307
453	0.155583471059799
454	0.156216487288475
455	0.156711369752884
456	0.15722444653511
457	0.157773733139038
458	0.15839758515358
459	0.159126251935959
460	0.159762069582939
461	0.160351887345314
462	0.160978347063065
463	0.161587134003639
464	0.162118807435036
465	0.162600487470627
466	0.163293212652206
467	0.16382323205471
468	0.164212718605995
469	0.164894461631775
470	0.165411487221718
471	0.165843039751053
472	0.16645348072052
473	0.166988655924797
474	0.167447254061699
475	0.167901441454887
476	0.168565064668655
477	0.169165343046188
478	0.169590264558792
479	0.170077741146088
480	0.170606046915054
481	0.171158045530319
482	0.171715274453163
483	0.172149538993835
484	0.172617718577385
485	0.173338800668716
486	0.17394046485424
487	0.174547106027603
488	0.175281941890717
489	0.175972878932953
490	0.176590666174889
491	0.17716646194458
492	0.177821695804596
493	0.178518354892731
494	0.179205060005188
495	0.179803356528282
496	0.180340796709061
497	0.180915385484695
498	0.181625962257385
499	0.182395771145821
500	0.183167919516563
501	0.183910295367241
502	0.184665620326996
503	0.185396805405617
504	0.186099022626877
505	0.186822652816772
506	0.187482014298439
507	0.188152715563774
508	0.18899492919445
509	0.189788714051247
510	0.190530523657799
511	0.19127357006073
512	0.192077144980431
513	0.192793324589729
514	0.193400025367737
515	0.194244310259819
516	0.19502829015255
517	0.195699989795685
518	0.196461334824562
519	0.197258189320564
520	0.198061987757683
521	0.198844447731972
522	0.199631735682487
523	0.200432687997818
524	0.201252803206444
525	0.202111437916756
526	0.202932551503181
527	0.203694194555283
528	0.204486176371574
529	0.205330178141594
530	0.206216871738434
531	0.207111671566963
532	0.207985162734985
533	0.208844423294067
534	0.209716469049454
535	0.210635706782341
536	0.211578920483589
537	0.212522104382515
538	0.213456690311432
539	0.214407563209534
540	0.215394556522369
541	0.216434121131897
542	0.217449501156807
543	0.218443423509598
544	0.219464018940926
545	0.220557659864426
546	0.221690401434898
547	0.222810134291649
548	0.223911270499229
549	0.225084483623505
550	0.226367682218552
551	0.227655723690987
552	0.228980824351311
553	0.230376332998276
554	0.231898695230484
555	0.2333914488554
556	0.234846323728561
557	0.236316323280334
558	0.237724810838699
559	0.239086255431175
560	0.240443050861359
561	0.241856768727303
562	0.243235811591148
563	0.244555205106735
564	0.24591851234436
565	0.247245818376541
566	0.248550787568092
567	0.249900296330452
568	0.251221150159836
569	0.252526789903641
570	0.253842443227768
571	0.255073994398117
572	0.2562635242939
573	0.257464528083801
574	0.258706271648407
575	0.260005682706833
576	0.261329859495163
577	0.262588262557983
578	0.263782262802124
579	0.264939814805985
580	0.266118735074997
581	0.267280340194702
582	0.268401712179184
583	0.26947009563446
584	0.270475625991821
585	0.271458178758621
586	0.272453486919403
587	0.273485064506531
588	0.274461895227432
589	0.275383561849594
590	0.276319742202759
591	0.277181953191757
592	0.277969598770142
593	0.278708547353745
594	0.279386758804321
595	0.280022084712982
596	0.280655205249786
597	0.281407624483109
598	0.282245576381683
599	0.283106476068497
600	0.283906847238541
601	0.284708738327026
602	0.285502970218658
603	0.286261558532715
604	0.287004172801971
605	0.287742435932159
606	0.288476884365082
607	0.289149582386017
608	0.28981602191925
609	0.290499091148376
610	0.291157454252243
611	0.291805446147919
612	0.292447954416275
613	0.293083339929581
614	0.293672263622284
615	0.294261604547501
616	0.294900625944138
617	0.295517206192017
618	0.296120911836624
619	0.296714007854462
620	0.297264009714127
621	0.297810345888138
622	0.298367232084274
623	0.298931002616882
624	0.299482822418213
625	0.300003468990326
626	0.300485551357269
627	0.301011681556702
628	0.301552832126617
629	0.302076935768127
630	0.30259245634079
631	0.303091675043106
632	0.303586959838867
633	0.30412232875824
634	0.304632931947708
635	0.305113285779953
636	0.305584281682968
637	0.306071728467941
638	0.306572526693344
639	0.30707374215126
640	0.307566910982132
641	0.308046519756317
642	0.308512002229691
643	0.308971852064133
644	0.309457123279572
645	0.309953153133392
646	0.310416132211685
647	0.310907632112503
648	0.311389625072479
649	0.311823278665543
650	0.312305778264999
651	0.312793344259262
652	0.31325626373291
653	0.31371858716011
654	0.31417652964592
655	0.314649850130081
656	0.315178573131561
657	0.315611958503723
658	0.316011041402817
659	0.316487401723862
660	0.316979974508286
661	0.317442417144775
662	0.317865699529648
663	0.318347245454788
664	0.318830728530884
665	0.319290220737457
666	0.319728285074234
667	0.320182591676712
668	0.32065024971962
669	0.321116060018539
670	0.321601927280426
671	0.322097599506378
672	0.32258614897728
673	0.323037326335907
674	0.32348507642746
675	0.323949366807938
676	0.324435889720917
677	0.324892789125443
678	0.32533261179924
679	0.325791597366333
680	0.326236307621002
681	0.326691627502441
682	0.327175259590149
683	0.327656984329224
684	0.328120619058609
685	0.328569859266281
686	0.329043447971344
687	0.329516887664795
688	0.329988420009613
689	0.33046680688858
690	0.330947518348694
691	0.331417471170425
692	0.331874459981918
693	0.332362085580826
694	0.33283069729805
695	0.333271056413651
696	0.333740711212158
697	0.334191054105759
698	0.33463716506958
699	0.33511957526207
700	0.335562437772751
701	0.33600702881813
702	0.336493462324142
703	0.336958765983582
704	0.337400734424591
705	0.337828189134598
706	0.338264644145966
707	0.338722705841064
708	0.339193850755692
709	0.339657813310623
710	0.340135723352432
711	0.34059464931488
712	0.341013491153717
713	0.341462969779968
714	0.341909766197205
715	0.342341929674149
716	0.34278929233551
717	0.343244731426239
718	0.343691229820251
719	0.344105154275894
720	0.344535350799561
721	0.344988644123077
722	0.345451861619949
723	0.345875561237335
724	0.346308499574661
725	0.346763402223587
726	0.347192347049713
727	0.347614228725433
728	0.348038166761398
729	0.348473221063614
730	0.348908752202988
731	0.349338620901108
732	0.349762111902237
733	0.350183755159378
734	0.35059642791748
735	0.351003259420395
736	0.351418644189835
737	0.351845502853394
738	0.352279126644135
739	0.35270944237709
740	0.353122383356094
741	0.353530377149582
742	0.353943467140198
743	0.354343265295029
744	0.354757189750671
745	0.355183303356171
746	0.355580151081085
747	0.355998814105988
748	0.356424301862717
749	0.356822371482849
750	0.357243329286575
751	0.357660114765167
752	0.358053892850876
753	0.358460962772369
754	0.358864396810532
755	0.359256416559219
756	0.359637141227722
757	0.360049605369568
758	0.360472351312637
759	0.360864251852036
760	0.361245542764664
761	0.361631751060486
762	0.36202535033226
763	0.362401366233826
764	0.362778186798096
765	0.363146960735321
766	0.363476067781448
767	0.363840937614441
768	0.364230394363403
769	0.364609897136688
770	0.364972949028015
771	0.365335375070572
772	0.36570405960083
773	0.366060763597488
774	0.366419404745102
775	0.366780877113342
776	0.367137461900711
777	0.367472469806671
778	0.367804408073425
779	0.36815419793129
780	0.368528306484222
781	0.368885964155197
782	0.369212090969086
783	0.36953404545784
784	0.369876891374588
785	0.370217353105545
786	0.370513796806335
787	0.370815485715866
788	0.371113926172256
789	0.371400743722916
790	0.371695160865784
791	0.371990710496902
792	0.372289389371872
793	0.372599959373474
794	0.37290146946907
795	0.373191505670547
796	0.37347337603569
797	0.373750329017639
798	0.374013483524323
799	0.374263048171997
800	0.374523252248764
801	0.374783486127853
802	0.375040411949158
803	0.375296264886856
804	0.37555855512619
805	0.375825047492981
806	0.376092791557312
807	0.376370370388031
808	0.376622527837753
809	0.376840114593506
810	0.37705060839653
811	0.377286493778229
812	0.377533942461014
813	0.377758145332336
814	0.377983689308167
815	0.378205597400665
816	0.378416538238525
817	0.378609895706177
818	0.378825277090073
819	0.379052489995956
820	0.379236817359924
821	0.379432111978531
822	0.379626989364624
823	0.379803508520126
824	0.380001962184906
825	0.380193829536438
826	0.380369335412979
827	0.380557805299759
828	0.380739152431488
829	0.380917817354202
830	0.38110613822937
831	0.381273537874222
832	0.381436705589294
833	0.381609290838242
834	0.381771266460419
835	0.381936430931091
836	0.382106214761734
837	0.382271111011505
838	0.382410109043121
839	0.382558166980743
840	0.38275083899498
841	0.382930934429169
842	0.383075714111328
843	0.383190482854843
844	0.383323609828949
845	0.383460015058517
846	0.38360458612442
847	0.383765190839767
848	0.383903980255127
849	0.384025812149048
850	0.384146749973297
851	0.384299099445343
852	0.384427756071091
853	0.384534955024719
854	0.38467264175415
855	0.384833782911301
856	0.384992182254791
857	0.385125756263733
858	0.385264664888382
859	0.385393470525742
860	0.385513305664063
861	0.385654181241989
862	0.38576665520668
863	0.385861933231354
864	0.385979771614075
865	0.386176913976669
866	0.386365592479706
867	0.386492252349854
868	0.386613935232162
869	0.386716276407242
870	0.386817574501038
871	0.386955171823502
872	0.387110084295273
873	0.387267410755157
874	0.387421101331711
875	0.387594223022461
876	0.387758821249008
877	0.387902736663818
878	0.388029932975769
879	0.388174891471863
880	0.388339072465897
881	0.38850399851799
882	0.388609766960144
883	0.388732969760895
884	0.388903379440308
885	0.389066934585571
886	0.389236479997635
887	0.389398783445358
888	0.389540940523148
889	0.389724403619766
890	0.389918059110641
891	0.390096068382263
892	0.390263706445694
893	0.390452206134796
894	0.390652000904083
895	0.390827983617783
896	0.390981614589691
897	0.391128957271576
898	0.391290217638016
899	0.391495585441589
900	0.39168655872345
901	0.391855180263519
902	0.392037451267242
903	0.392217755317688
904	0.392401933670044
905	0.392595529556274
906	0.392779946327209
907	0.392995297908783
908	0.39322629570961
909	0.393388390541077
910	0.39353609085083
911	0.393713384866714
912	0.393941700458527
913	0.394132971763611
914	0.394319981336594
915	0.394516140222549
916	0.394690871238709
917	0.394916027784348
918	0.395167887210846
919	0.395388633012772
920	0.395576357841492
921	0.395794421434402
922	0.396061927080154
923	0.396304607391357
924	0.396479725837708
925	0.396642774343491
926	0.39688640832901
927	0.397108525037766
928	0.39730641245842
929	0.397508352994919
930	0.397798091173172
931	0.398050248622894
932	0.398251891136169
933	0.398461371660233
934	0.398741453886032
935	0.398996293544769
936	0.3991739153862
937	0.399418085813522
938	0.399638384580612
939	0.399838417768478
940	0.400080919265747
941	0.400312155485153
942	0.400528132915497
943	0.40073749423027
944	0.400962054729462
945	0.401182383298874
946	0.401416629552841
947	0.401709794998169
948	0.401963204145432
949	0.402191191911697
950	0.402424663305283
951	0.402655929327011
952	0.40288907289505
953	0.403126299381256
954	0.40336486697197
955	0.40357917547226
956	0.403816729784012
957	0.404098957777023
958	0.404295802116394
959	0.404481500387192
960	0.404695987701416
961	0.404945492744446
962	0.405191957950592
963	0.405427157878876
964	0.405649334192276
965	0.405833661556244
966	0.406090795993805
967	0.406402200460434
968	0.406624019145966
969	0.406857997179031
970	0.407114803791046
971	0.407380253076553
972	0.407633036375046
973	0.407858282327652
974	0.408082783222198
975	0.408371120691299
976	0.408656179904938
977	0.408894866704941
978	0.409075528383255
979	0.409263759851456
980	0.40949934720993
981	0.409771531820297
982	0.410021156072617
983	0.410211652517319
984	0.410432577133179
985	0.410737812519073
986	0.410953909158707
987	0.411201179027557
988	0.411468893289566
989	0.411647975444794
990	0.411915332078934
991	0.412198781967163
992	0.412408858537674
993	0.412545889616013
994	0.412761628627777
995	0.413059234619141
996	0.413322001695633
997	0.413441240787506
998	0.413568913936615
999	0.413824826478958
1000	0.41412216424942
1001	0.413322269916534
1002	0.413482457399368
1003	0.413668125867844
1004	0.413806319236755
1005	0.413999974727631
1006	0.414271324872971
1007	0.414536595344543
1008	0.414781540632248
1009	0.415055215358734
1010	0.415465354919434
1011	0.41571980714798
1012	0.415946573019028
1013	0.416084200143814
1014	0.416003495454788
1015	0.416034579277039
1016	0.416167467832565
1017	0.416279196739197
1018	0.4165278673172
1019	0.417041838169098
1020	0.417309403419495
1021	0.417624086141586
1022	0.417726248502731
1023	0.417449533939362
1024	0.417523175477982
1025	0.417632609605789
1026	0.417789280414581
1027	0.418216943740845
1028	0.418581485748291
1029	0.418823748826981
1030	0.418979048728943
1031	0.419100999832153
1032	0.419061601161957
1033	0.419241517782211
1034	0.419526934623718
1035	0.419689953327179
1036	0.419943481683731
1037	0.420116424560547
1038	0.420037120580673
1039	0.420167058706284
1040	0.420496314764023
1041	0.420730173587799
1042	0.420866191387177
1043	0.420978099107742
1044	0.421124786138535
1045	0.421155631542206
1046	0.421283364295959
1047	0.421573489904404
1048	0.421711057424545
1049	0.421665906906128
1050	0.421810448169708
1051	0.422083884477615
1052	0.422248840332031
1053	0.422504633665085
1054	0.422663360834122
1055	0.422680586576462
1056	0.422640115022659
1057	0.422738134860992
1058	0.4228855073452
1059	0.423027276992798
1060	0.423223704099655
1061	0.423398911952972
1062	0.42362505197525
1063	0.423737436532974
1064	0.423744052648544
1065	0.423878043889999
1066	0.423977464437485
1067	0.424106150865555
1068	0.424379914999008
1069	0.424603193998337
1070	0.424747169017792
1071	0.424792259931564
1072	0.424921214580536
1073	0.425033658742905
1074	0.425198405981064
1075	0.425466179847717
1076	0.425604850053787
1077	0.425641268491745
1078	0.425779223442078
1079	0.425917953252792
1080	0.426053434610367
1081	0.42625504732132
1082	0.426478058099747
1083	0.426522463560104
1084	0.426585257053375
1085	0.426753669977188
1086	0.426980346441269
1087	0.427139639854431
1088	0.427372455596924
1089	0.427532464265823
1090	0.427554994821548
1091	0.427710384130478
1092	0.427996724843979
1093	0.428165197372437
1094	0.428266406059265
1095	0.428421467542648
1096	0.428551703691483
1097	0.428688257932663
1098	0.428798079490662
1099	0.429040014743805
1100	0.429216474294662
1101	0.429353505373001
1102	0.429474174976349
1103	0.429598987102509
1104	0.429739147424698
1105	0.429844379425049
1106	0.429963916540146
1107	0.430107235908508
1108	0.430267065763474
1109	0.430426061153412
1110	0.430607080459595
1111	0.4307581782341
1112	0.430832743644714
1113	0.430941998958588
1114	0.431098699569702
1115	0.431239604949951
1116	0.431441366672516
1117	0.43161278963089
1118	0.431746393442154
1119	0.431890666484833
1120	0.432069063186646
1121	0.432204514741898
1122	0.43229940533638
1123	0.432416349649429
1124	0.432505875825882
1125	0.432656705379486
1126	0.432815939188004
1127	0.43288254737854
1128	0.432984322309494
1129	0.433151304721832
1130	0.433288067579269
1131	0.433436840772629
1132	0.43358126282692
1133	0.433720469474792
1134	0.433852136135101
1135	0.433986335992813
1136	0.434129029512405
1137	0.434306234121323
1138	0.434400171041489
1139	0.434412568807602
1140	0.434483379125595
1141	0.434644848108292
1142	0.434816300868988
1143	0.435025572776794
1144	0.435221016407013
1145	0.435382217168808
1146	0.435457944869995
1147	0.435580909252167
1148	0.435726970434189
1149	0.435849845409393
1150	0.435956209897995
1151	0.436068147420883
1152	0.436176121234894
1153	0.436292260885239
1154	0.436422556638718
1155	0.436477482318878
1156	0.436567515134811
1157	0.436778753995895
1158	0.436952233314514
1159	0.437107264995575
1160	0.437264025211334
1161	0.437372714281082
1162	0.437516391277313
1163	0.437708020210266
1164	0.437840074300766
1165	0.437896311283112
1166	0.438063621520996
1167	0.438314497470856
1168	0.438478410243988
1169	0.438633412122726
1170	0.438835352659225
1171	0.439001500606537
1172	0.439078152179718
1173	0.439237266778946
1174	0.439424246549606
1175	0.439574390649796
1176	0.439739882946014
1177	0.439872354269028
1178	0.440006494522095
1179	0.44014909863472
1180	0.440238565206528
1181	0.440389424562454
1182	0.44063013792038
1183	0.44078403711319
1184	0.44088876247406
1185	0.441054314374924
1186	0.441204518079758
1187	0.441321521997452
1188	0.441506713628769
1189	0.441700756549835
1190	0.441814601421356
1191	0.441925644874573
1192	0.442101657390594
1193	0.442277550697327
1194	0.442431062459946
1195	0.442614853382111
1196	0.442767828702927
1197	0.442874610424042
1198	0.442994773387909
1199	0.443107157945633
1200	0.443242639303207
1201	0.443401634693146
1202	0.443533480167389
1203	0.443667948246002
1204	0.443846136331558
1205	0.443964093923569
1206	0.444046020507813
1207	0.444195926189423
1208	0.444360792636871
1209	0.444515913724899
1210	0.444674104452133
1211	0.444837212562561
1212	0.445037394762039
1213	0.445186525583267
1214	0.445327520370483
1215	0.445448011159897
1216	0.44552281498909
1217	0.445601880550385
1218	0.445758402347565
1219	0.445981234312058
1220	0.446147471666336
1221	0.446279585361481
1222	0.446436107158661
1223	0.446578919887543
1224	0.44673028588295
1225	0.446903467178345
1226	0.447049617767334
1227	0.447190403938293
1228	0.447368383407593
1229	0.447529375553131
1230	0.447680234909058
1231	0.447792917490005
1232	0.447931259870529
1233	0.448088496923447
1234	0.448220252990723
1235	0.448335021734238
1236	0.448431760072708
1237	0.448559045791626
1238	0.448740541934967
1239	0.448890030384064
1240	0.449037790298462
1241	0.449217021465302
1242	0.44937938451767
1243	0.449580520391464
1244	0.44977405667305
1245	0.449912995100021
1246	0.450063765048981
1247	0.450213223695755
1248	0.450352609157562
1249	0.450479298830032
1250	0.450590342283249
1251	0.450696349143982
1252	0.450864285230637
1253	0.451029062271118
1254	0.451163411140442
1255	0.4513318836689
1256	0.451456665992737
1257	0.45156791806221
1258	0.451773256063461
1259	0.451970487833023
1260	0.452096104621887
1261	0.452219486236572
1262	0.452435851097107
1263	0.452669322490692
1264	0.452794909477234
1265	0.452848106622696
1266	0.45299044251442
1267	0.453127235174179
1268	0.453253924846649
1269	0.453423231840134
1270	0.453622728586197
1271	0.453781843185425
1272	0.453892409801483
1273	0.453999996185303
1274	0.454131484031677
1275	0.454307019710541
1276	0.454421401023865
1277	0.454489380121231
1278	0.454649537801743
1279	0.454859286546707
1280	0.45500260591507
1281	0.455137431621552
1282	0.455283015966415
1283	0.455422818660736
1284	0.455592334270477
1285	0.455712765455246
1286	0.455805480480194
1287	0.45596507191658
1288	0.456141442060471
1289	0.45624166727066
1290	0.456298381090164
1291	0.456449508666992
1292	0.456591665744781
1293	0.456670224666595
1294	0.456819951534271
1295	0.457030117511749
1296	0.45716980099678
1297	0.457204550504684
1298	0.457282543182373
1299	0.457422643899918
1300	0.457531899213791
1301	0.457664847373962
1302	0.45783007144928
1303	0.458017796278
1304	0.45813837647438
1305	0.458187460899353
1306	0.458311229944229
1307	0.458476305007935
1308	0.458600491285324
1309	0.458683490753174
1310	0.458846807479858
1311	0.458989709615707
1312	0.459083795547485
1313	0.459214389324188
1314	0.459378808736801
1315	0.459520608186722
1316	0.459609866142273
1317	0.459749817848206
1318	0.459975063800812
1319	0.460157334804535
1320	0.460275053977966
1321	0.460382610559464
1322	0.460522383451462
1323	0.46069461107254
1324	0.460862338542938
1325	0.461030900478363
1326	0.461187213659287
1327	0.461265832185745
1328	0.461359649896622
1329	0.461449325084686
1330	0.461614072322845
1331	0.461774975061417
1332	0.461903184652328
1333	0.462041199207306
1334	0.462209463119507
1335	0.462399780750275
1336	0.46255823969841
1337	0.462683379650116
1338	0.462833523750305
1339	0.463000327348709
1340	0.463158249855042
1341	0.463297814130783
1342	0.463397175073624
1343	0.463457524776459
1344	0.46351769566536
1345	0.4636150598526
1346	0.463718920946121
1347	0.46384871006012
1348	0.464032769203186
1349	0.464147120714188
1350	0.464244365692139
1351	0.464356988668442
1352	0.46449938416481
1353	0.464566290378571
1354	0.464653044939041
1355	0.464804589748383
1356	0.464931219816208
1357	0.465011179447174
1358	0.465075463056564
1359	0.465167820453644
1360	0.465272605419159
1361	0.465358167886734
1362	0.465469717979431
1363	0.465573191642761
1364	0.465598464012146
1365	0.465673923492432
1366	0.465813130140305
1367	0.465843200683594
1368	0.465866088867188
1369	0.465958327054977
1370	0.465985417366028
1371	0.46594774723053
1372	0.465953379869461
1373	0.465997278690338
1374	0.465952813625336
1375	0.46584564447403
1376	0.465795010328293
1377	0.465752243995667
1378	0.465633094310761
1379	0.465509831905365
1380	0.465384364128113
1381	0.465208053588867
1382	0.464993923902512
1383	0.464793413877487
1384	0.46463081240654
1385	0.464414894580841
1386	0.464128881692886
1387	0.463847368955612
1388	0.463576555252075
1389	0.463257879018784
1390	0.462878316640854
1391	0.462479531764984
1392	0.462101131677628
1393	0.461746513843536
1394	0.461341857910156
1395	0.460941255092621
1396	0.460555702447891
1397	0.460103511810303
1398	0.459597259759903
1399	0.459128201007843
1400	0.458653837442398
1401	0.458125621080399
1402	0.457635164260864
1403	0.457152605056763
1404	0.456651508808136
1405	0.456120371818542
1406	0.455602735280991
1407	0.455165416002274
1408	0.454785168170929
1409	0.454421132802963
1410	0.454079389572144
1411	0.453767716884613
1412	0.453586608171463
1413	0.453536838293076
1414	0.4535813331604
1415	0.453826606273651
1416	0.454236060380936
1417	0.454765111207962
1418	0.455362260341644
1419	0.455958396196365
1420	0.456565469503403
1421	0.457126945257187
1422	0.457686603069305
1423	0.458269387483597
1424	0.45885643362999
1425	0.459437310695648
1426	0.459977924823761
1427	0.460523545742035
1428	0.461031645536423
1429	0.461494535207748
1430	0.461964130401611
1431	0.46244090795517
1432	0.462947338819504
1433	0.463468164205551
1434	0.463934421539307
1435	0.464357525110245
1436	0.464768469333649
1437	0.465161144733429
1438	0.465536624193192
1439	0.465910851955414
1440	0.466273725032806
1441	0.466590255498886
1442	0.466901510953903
1443	0.467205673456192
1444	0.467492520809174
1445	0.467826306819916
1446	0.468148320913315
1447	0.468409448862076
1448	0.46867972612381
1449	0.468956798315048
1450	0.469191700220108
1451	0.469436228275299
1452	0.469736069440842
1453	0.469985097646713
1454	0.470187723636627
1455	0.470390141010284
1456	0.470562011003494
1457	0.470752060413361
1458	0.470947682857513
1459	0.471129328012466
1460	0.47128164768219
1461	0.471461743116379
1462	0.471608281135559
1463	0.471741944551468
1464	0.471933990716934
1465	0.472126543521881
1466	0.472293943166733
1467	0.472487896680832
1468	0.472695678472519
1469	0.472870528697968
1470	0.473069459199905
1471	0.473344951868057
1472	0.473608404397964
1473	0.473844736814499
1474	0.474068850278854
1475	0.474260836839676
1476	0.474486619234085
1477	0.474725276231766
1478	0.474934488534927
1479	0.475132048130035
1480	0.47531121969223
1481	0.475520074367523
1482	0.475725382566452
1483	0.475973129272461
1484	0.476182848215103
1485	0.476361185312271
1486	0.476559430360794
1487	0.476776152849197
1488	0.476969659328461
1489	0.477147787809372
1490	0.477317303419113
1491	0.477476865053177
1492	0.477642327547073
1493	0.477808892726898
1494	0.477962702512741
1495	0.478124171495438
1496	0.478282809257507
1497	0.478448241949081
1498	0.478630155324936
1499	0.47879222035408
1500	0.478945523500443
1501	0.479092866182327
1502	0.479236155748367
1503	0.47940856218338
1504	0.479579627513886
1505	0.479730129241943
1506	0.479883253574371
1507	0.480060398578644
1508	0.480230927467346
1509	0.480349063873291
1510	0.480483949184418
1511	0.480680137872696
1512	0.480832785367966
1513	0.480937629938126
1514	0.481093406677246
1515	0.481230646371841
1516	0.481362372636795
1517	0.481597870588303
1518	0.481768280267715
1519	0.48183274269104
1520	0.481965094804764
1521	0.482098758220673
1522	0.482243627309799
1523	0.482357770204544
1524	0.482471019029617
1525	0.482610195875168
1526	0.482733756303787
1527	0.48285898566246
1528	0.483029365539551
1529	0.483161181211472
1530	0.483240723609924
1531	0.483363389968872
1532	0.483527660369873
1533	0.483661323785782
1534	0.483773499727249
1535	0.483879923820496
1536	0.48403325676918
1537	0.484189033508301
1538	0.484308362007141
1539	0.48443877696991
1540	0.484554767608643
1541	0.484634697437286
1542	0.48470401763916
1543	0.484778493642807
1544	0.484924525022507
1545	0.485083758831024
1546	0.485210686922073
1547	0.485392421483994
1548	0.485547125339508
1549	0.48561242222786
1550	0.4856898188591
1551	0.485818177461624
1552	0.485941708087921
1553	0.486036211252213
1554	0.48615637421608
1555	0.486299335956573
1556	0.486401379108429
1557	0.486493349075317
1558	0.486641973257065
1559	0.486760079860687
1560	0.486818879842758
1561	0.486930072307587
1562	0.487018942832947
1563	0.487076669931412
1564	0.487220764160156
1565	0.487352877855301
1566	0.487432450056076
1567	0.487549215555191
1568	0.487669557332993
1569	0.487744301557541
1570	0.487839818000793
1571	0.487952888011932
1572	0.488032847642899
1573	0.488153755664825
1574	0.488296985626221
1575	0.488404989242554
1576	0.48852464556694
1577	0.48864221572876
1578	0.488777220249176
1579	0.488941878080368
1580	0.489055514335632
1581	0.489146292209625
1582	0.48923322558403
1583	0.489260584115982
1584	0.489384740591049
1585	0.48958557844162
1586	0.489699274301529
1587	0.489813029766083
1588	0.489951580762863
1589	0.49004915356636
1590	0.490150451660156
1591	0.490301072597504
1592	0.490412026643753
1593	0.490451872348785
1594	0.490549802780151
1595	0.490720987319946
1596	0.490857869386673
1597	0.490975469350815
1598	0.491148114204407
1599	0.491294920444489
1600	0.491371631622314
1601	0.491444915533066
1602	0.491508394479752
1603	0.491616755723953
1604	0.491762816905975
1605	0.49185585975647
1606	0.491940826177597
1607	0.492032170295715
1608	0.492148816585541
1609	0.492286652326584
1610	0.492377012968063
1611	0.492484003305435
1612	0.492581367492676
1613	0.492674171924591
1614	0.492870330810547
1615	0.493012309074402
1616	0.493034780025482
1617	0.493085652589798
1618	0.493188261985779
1619	0.493300080299377
1620	0.493404358625412
1621	0.493511170148849
1622	0.493605524301529
1623	0.493690848350525
1624	0.493789285421371
1625	0.493890821933746
1626	0.493979722261429
1627	0.494020760059357
1628	0.494091182947159
1629	0.494237869977951
1630	0.494347780942917
1631	0.494430154561996
1632	0.49456775188446
1633	0.494699865579605
1634	0.494793504476547
1635	0.494926542043686
1636	0.495083659887314
1637	0.495172649621964
1638	0.495228946208954
1639	0.49535870552063
1640	0.495480686426163
1641	0.495576918125153
1642	0.49569508433342
1643	0.495770484209061
1644	0.495848566293716
1645	0.495939940214157
1646	0.49601212143898
1647	0.496097594499588
1648	0.496217876672745
1649	0.496343195438385
1650	0.496475875377655
1651	0.496626198291779
1652	0.496692448854446
1653	0.496721923351288
1654	0.496826350688934
1655	0.496936231851578
1656	0.497011750936508
1657	0.497115135192871
1658	0.49728998541832
1659	0.497420996427536
1660	0.497467875480652
1661	0.497511297464371
1662	0.497525930404663
1663	0.497556775808334
1664	0.497655063867569
1665	0.497798174619675
1666	0.497926086187363
1667	0.498033046722412
1668	0.4981629550457
1669	0.498292177915573
1670	0.498405158519745
1671	0.498452931642532
1672	0.498511761426926
1673	0.498642653226852
1674	0.498702198266983
1675	0.498737454414368
1676	0.498829692602158
1677	0.498880475759506
1678	0.498914152383804
1679	0.499014556407928
1680	0.499141007661819
1681	0.499221235513687
1682	0.499299317598343
1683	0.499398946762085
1684	0.499488592147827
1685	0.499596357345581
1686	0.499674469232559
1687	0.499738484621048
1688	0.499818086624146
1689	0.499862104654312
1690	0.499960333108902
1691	0.500138223171234
1692	0.50023627281189
1693	0.500268578529358
1694	0.500337421894073
1695	0.500362038612366
1696	0.500365316867828
1697	0.500436246395111
1698	0.500511050224304
1699	0.500586926937103
1700	0.500693202018738
1701	0.500796437263489
1702	0.500899791717529
1703	0.500989973545074
1704	0.501058995723724
1705	0.501134634017944
1706	0.501204669475555
1707	0.501291453838348
1708	0.50141441822052
1709	0.501518070697784
1710	0.501601755619049
1711	0.501656651496887
1712	0.501711785793304
1713	0.501827597618103
1714	0.501934349536896
1715	0.501989901065826
1716	0.502044081687927
1717	0.502084732055664
1718	0.502062320709229
1719	0.502098739147186
1720	0.5021932721138
1721	0.502218067646027
1722	0.502296507358551
1723	0.502436637878418
1724	0.502495050430298
1725	0.502546429634094
1726	0.502600729465485
1727	0.502557754516602
1728	0.502565681934357
1729	0.502646148204803
1730	0.502648532390594
1731	0.502692580223084
1732	0.502779006958008
1733	0.502761781215668
1734	0.50278228521347
1735	0.502863943576813
1736	0.502849459648132
1737	0.502847969532013
1738	0.502890586853027
1739	0.502883851528168
1740	0.502896666526794
1741	0.502933979034424
1742	0.502937495708466
1743	0.50295889377594
1744	0.503039658069611
1745	0.503107011318207
1746	0.503186464309692
1747	0.503311395645142
1748	0.503360986709595
1749	0.503352344036102
1750	0.503346264362335
1751	0.503324866294861
1752	0.503378808498383
1753	0.503452003002167
1754	0.503422677516937
1755	0.503427088260651
1756	0.5033820271492
1757	0.5034259557724
1758	0.503565907478333
1759	0.503637194633484
1760	0.503729581832886
1761	0.503755867481232
1762	0.503688037395477
1763	0.503714263439178
1764	0.50376307964325
1765	0.503787696361542
1766	0.503914415836334
1767	0.504037797451019
1768	0.504046976566315
1769	0.504070639610291
1770	0.504118084907532
1771	0.504121899604797
1772	0.504152655601501
1773	0.504265069961548
1774	0.504300177097321
1775	0.504251718521118
1776	0.504332363605499
1777	0.504449725151062
1778	0.504489004611969
1779	0.504541754722595
1780	0.504599750041962
1781	0.504627704620361
1782	0.504655182361603
1783	0.50475150346756
1784	0.50492000579834
1785	0.505025386810303
1786	0.505115687847137
1787	0.505258917808533
1788	0.505313754081726
1789	0.505292177200317
1790	0.505363643169403
1791	0.505523860454559
1792	0.505582213401794
1793	0.505606412887573
1794	0.505732536315918
1795	0.505787372589111
1796	0.505787253379822
1797	0.505899012088776
1798	0.506007015705109
1799	0.506034314632416
1800	0.506069123744965
1801	0.5056272149086
1802	0.505950033664703
1803	0.506040990352631
1804	0.506056189537048
1805	0.506122291088104
1806	0.506354033946991
1807	0.506456911563873
1808	0.506548285484314
1809	0.506866931915283
1810	0.507057130336761
1811	0.506986916065216
1812	0.507092773914337
1813	0.50735741853714
1814	0.507587850093842
1815	0.507627427577972
1816	0.507624268531799
1817	0.507648169994354
1818	0.507800757884979
1819	0.507881700992584
1820	0.508002042770386
1821	0.508110880851746
1822	0.508238852024078
1823	0.508159816265106
1824	0.508218944072723
1825	0.508433282375336
1826	0.508522927761078
1827	0.508652985095978
1828	0.508823573589325
1829	0.509092748165131
1830	0.509208619594574
1831	0.509274244308472
1832	0.509362757205963
1833	0.509466946125031
1834	0.509405970573425
1835	0.509415566921234
1836	0.509558141231537
1837	0.509642422199249
1838	0.509679317474365
1839	0.509739518165588
1840	0.509804844856262
1841	0.50988906621933
1842	0.510132968425751
1843	0.510169506072998
1844	0.510082185268402
1845	0.510204493999481
1846	0.510351896286011
1847	0.51048082113266
1848	0.510514378547668
1849	0.510621130466461
1850	0.510763585567474
1851	0.510707259178162
1852	0.510630011558533
1853	0.510774075984955
1854	0.510918915271759
1855	0.510902643203735
1856	0.510593235492706
1857	0.510581433773041
1858	0.51068913936615
1859	0.510786473751068
1860	0.510776817798615
1861	0.510568618774414
1862	0.510425448417664
1863	0.510372459888458
1864	0.510166645050049
1865	0.509954452514648
1866	0.509827613830566
1867	0.50970596075058
1868	0.509443342685699
1869	0.509249269962311
1870	0.509154140949249
1871	0.509111762046814
1872	0.508916616439819
1873	0.508458733558655
1874	0.508034229278564
1875	0.507634520530701
1876	0.507220387458801
1877	0.50657069683075
1878	0.505885601043701
1879	0.505311608314514
1880	0.504653632640839
1881	0.50382673740387
1882	0.503021359443665
1883	0.502219557762146
1884	0.501239538192749
1885	0.500127792358398
1886	0.498800307512283
1887	0.49742579460144
1888	0.49581640958786
1889	0.494096547365189
1890	0.492524832487106
1891	0.49077633023262
1892	0.488771736621857
1893	0.486491471529007
1894	0.484176307916641
1895	0.481885582208633
1896	0.479538142681122
1897	0.477037727832794
1898	0.47467452287674
1899	0.472407966852188
1900	0.469950556755066
1901	0.467775523662567
1902	0.465941876173019
1903	0.46407613158226
1904	0.462453454732895
1905	0.460941523313522
1906	0.459847629070282
1907	0.45890337228775
1908	0.458118975162506
1909	0.457726776599884
1910	0.457449525594711
1911	0.45709964632988
1912	0.457085222005844
1913	0.457406550645828
1914	0.457750082015991
1915	0.458200693130493
1916	0.458945602178574
1917	0.459828108549118
1918	0.460624575614929
1919	0.461614668369293
1920	0.462705880403519
1921	0.463662832975388
1922	0.464657723903656
1923	0.465600997209549
1924	0.466491043567657
1925	0.467447072267532
1926	0.46854367852211
1927	0.469381093978882
1928	0.470171600580215
1929	0.471346199512482
1930	0.472373485565186
1931	0.473141819238663
1932	0.474034070968628
1933	0.474889308214188
1934	0.475608795881271
1935	0.476296275854111
1936	0.47701707482338
1937	0.477701008319855
1938	0.478394091129303
1939	0.479038625955582
1940	0.479712665081024
1941	0.480530649423599
1942	0.481165915727615
1943	0.481497764587402
1944	0.481920838356018
1945	0.482609868049622
1946	0.483227789402008
1947	0.483699262142181
1948	0.484224885702133
1949	0.484731376171112
1950	0.485108911991119
1951	0.485624313354492
1952	0.48616886138916
1953	0.486688286066055
1954	0.487285554409027
1955	0.487731218338013
1956	0.488177895545959
1957	0.488756746053696
1958	0.489289224147797
1959	0.489772498607636
1960	0.490135073661804
1961	0.490471750497818
1962	0.490684539079666
1963	0.491030126810074
1964	0.491545379161835
1965	0.492090225219727
1966	0.492674857378006
1967	0.493132710456848
1968	0.493388444185257
1969	0.49372187256813
1970	0.493976503610611
1971	0.494421869516373
1972	0.494870096445084
1973	0.495344996452332
1974	0.495700806379318
1975	0.496045500040054
1976	0.496639877557755
1977	0.497264474630356
1978	0.497727930545807
1979	0.498152583837509
1980	0.498646080493927
1981	0.499123752117157
1982	0.499403774738312
1983	0.499728798866272
1984	0.500171661376953
1985	0.500481605529785
1986	0.50089293718338
1987	0.501522481441498
1988	0.502159714698792
1989	0.502732217311859
1990	0.503328442573547
1991	0.503834128379822
1992	0.50423002243042
1993	0.5046346783638
1994	0.505020499229431
1995	0.505385041236877
1996	0.505564153194427
1997	0.505954682826996
1998	0.506637513637543
1999	0.507148683071136
2000	0.507576823234558
2001	0.508167207241058
2002	0.50865364074707
2003	0.508834004402161
2004	0.509284019470215
2005	0.509939908981323
2006	0.510535538196564
2007	0.510930716991425
2008	0.511278092861176
2009	0.5116947889328
2010	0.512163877487183
2011	0.512630701065063
2012	0.513168036937714
2013	0.513597667217255
2014	0.513749122619629
2015	0.514141499996185
2016	0.514724552631378
2017	0.515227496623993
2018	0.51580137014389
2019	0.516304075717926
2020	0.51673424243927
2021	0.517010748386383
2022	0.517225623130798
2023	0.517521679401398
2024	0.518007755279541
2025	0.518467426300049
2026	0.518837034702301
2027	0.519201278686523
2028	0.51966118812561
2029	0.520018219947815
2030	0.520437300205231
2031	0.521025002002716
2032	0.521607518196106
2033	0.521853983402252
2034	0.521974265575409
2035	0.522341907024384
2036	0.52275276184082
2037	0.523018419742584
2038	0.523388504981995
2039	0.523686707019806
2040	0.523687243461609
2041	0.52393764257431
2042	0.524435102939606
2043	0.524746835231781
2044	0.525000274181366
2045	0.52533346414566
2046	0.525598227977753
2047	0.525840282440186
2048	0.526078343391418
2049	0.526372373104095
2050	0.526772141456604
2051	0.52729070186615
2052	0.527581036090851
2053	0.527840614318848
2054	0.52815580368042
2055	0.528304934501648
2056	0.528536260128021
2057	0.528947472572327
2058	0.529327034950256
2059	0.529469192028046
2060	0.529570162296295
2061	0.529838562011719
2062	0.530012667179108
2063	0.530011415481567
2064	0.530215740203857
2065	0.530458509922028
2066	0.530747950077057
2067	0.530929267406464
2068	0.531200766563416
2069	0.531459450721741
2070	0.531601190567017
2071	0.531723737716675
2072	0.532201886177063
2073	0.532445132732391
2074	0.532390594482422
2075	0.532744646072388
2076	0.533220827579498
2077	0.533262193202972
2078	0.533370792865753
2079	0.533462285995483
2080	0.533693790435791
2081	0.533914566040039
2082	0.534055888652802
2083	0.534323990345001
2084	0.534522891044617
2085	0.534537017345428
2086	0.534521877765656
2087	0.534939348697662
2088	0.535203635692596
2089	0.535147964954376
2090	0.535366296768188
2091	0.535615563392639
2092	0.535876333713531
2093	0.536060214042664
2094	0.536362707614899
2095	0.536583662033081
2096	0.536687612533569
2097	0.536783039569855
2098	0.536745727062225
2099	0.536971151828766
2100	0.537346422672272
2101	0.537628769874573
2102	0.537804186344147
2103	0.538069009780884
2104	0.538194477558136
2105	0.538255512714386
2106	0.538557231426239
2107	0.539294302463531
2108	0.539537012577057
2109	0.539515018463135
2110	0.539777398109436
2111	0.540109097957611
2112	0.540256679058075
2113	0.540304005146027
2114	0.540560185909271
2115	0.54067462682724
2116	0.540994226932526
2117	0.541494250297546
2118	0.541967928409576
2119	0.542417585849762
2120	0.542573928833008
2121	0.54277628660202
2122	0.543063640594482
2123	0.543343305587769
2124	0.543492257595062
2125	0.543635845184326
2126	0.543825805187225
2127	0.54397839307785
2128	0.543984115123749
2129	0.544081747531891
2130	0.544359445571899
2131	0.544486284255981
2132	0.544420123100281
2133	0.544549882411957
2134	0.544793307781219
2135	0.544846773147583
2136	0.544923722743988
2137	0.544981956481934
2138	0.544999361038208
2139	0.544905066490173
2140	0.544819593429565
2141	0.544766485691071
2142	0.544640600681305
2143	0.544439077377319
2144	0.544164478778839
2145	0.543871581554413
2146	0.543535947799683
2147	0.542977511882782
2148	0.542584300041199
2149	0.542277693748474
2150	0.54199343919754
2151	0.541566967964172
2152	0.54133552312851
2153	0.541102290153503
2154	0.540482103824615
2155	0.539837896823883
2156	0.539005041122437
2157	0.538419544696808
2158	0.537721037864685
2159	0.53718090057373
2160	0.537047445774078
2161	0.536567687988281
2162	0.535843074321747
2163	0.535235822200775
2164	0.534633457660675
2165	0.533962726593018
2166	0.533145666122437
2167	0.532648622989655
2168	0.532072901725769
2169	0.53117573261261
2170	0.530596315860748
2171	0.53010481595993
2172	0.529414355754852
2173	0.528576076030731
2174	0.528035044670105
2175	0.527669072151184
2176	0.526980757713318
2177	0.526302695274353
2178	0.525610148906708
2179	0.524607002735138
2180	0.523724555969238
2181	0.523104906082153
2182	0.522335171699524
2183	0.521173119544983
2184	0.520350277423859
2185	0.519728541374207
2186	0.519262909889221
2187	0.518446505069733
2188	0.517458379268646
2189	0.516489803791046
2190	0.51542341709137
2191	0.514367401599884
2192	0.513450920581818
2193	0.512594640254974
2194	0.511549353599548
2195	0.510732114315033
2196	0.510335683822632
2197	0.509599506855011
2198	0.508587539196014
2199	0.507832825183868
2200	0.50726056098938
2201	0.506531894207001
2202	0.505620539188385
2203	0.505023896694183
2204	0.504652738571167
2205	0.50402843952179
2206	0.503109097480774
2207	0.502812087535858
2208	0.502595007419586
2209	0.502093851566315
2210	0.50207656621933
2211	0.502783536911011
2212	0.503116130828857
2213	0.503279805183411
2214	0.503594636917114
2215	0.504159092903137
2216	0.504501342773438
2217	0.50466400384903
2218	0.505010485649109
2219	0.505437195301056
2220	0.505746304988861
2221	0.506065011024475
2222	0.506428241729736
2223	0.506811380386353
2224	0.507028341293335
2225	0.507097780704498
2226	0.507356703281403
2227	0.507670640945435
2228	0.507942140102386
2229	0.50797164440155
2230	0.508015215396881
2231	0.508314192295074
2232	0.508478820323944
2233	0.508655667304993
2234	0.509232342243195
2235	0.509534120559692
2236	0.509413063526154
2237	0.509482622146606
2238	0.509747564792633
2239	0.509935736656189
2240	0.510161578655243
2241	0.510151982307434
2242	0.509946227073669
2243	0.509916603565216
2244	0.50968724489212
2245	0.509626805782318
2246	0.509866297245026
2247	0.510006248950958
2248	0.509929358959198
2249	0.510201454162598
2250	0.510584354400635
2251	0.510825753211975
2252	0.510836601257324
2253	0.510627686977386
2254	0.510712444782257
2255	0.51123183965683
2256	0.511419534683228
2257	0.511768460273743
2258	0.512030780315399
2259	0.512078404426575
2260	0.512120842933655
2261	0.512222945690155
2262	0.512628614902496
2263	0.513031482696533
2264	0.513209939002991
2265	0.513747811317444
2266	0.513934195041656
2267	0.513338506221771
2268	0.51352721452713
2269	0.514429748058319
2270	0.514690935611725
2271	0.514775454998016
2272	0.515076279640198
2273	0.51532655954361
2274	0.515147686004639
2275	0.515474855899811
2276	0.515991270542145
2277	0.515763401985168
2278	0.515522599220276
2279	0.515611886978149
2280	0.515371680259705
2281	0.515144467353821
2282	0.515450179576874
2283	0.515459299087524
2284	0.515359044075012
2285	0.515188813209534
2286	0.514924645423889
2287	0.514862239360809
2288	0.514758110046387
2289	0.514705359935761
2290	0.514946222305298
2291	0.514909744262695
2292	0.514642298221588
2293	0.514541208744049
2294	0.514462113380432
2295	0.514389753341675
2296	0.514346122741699
2297	0.514315903186798
2298	0.51421982049942
2299	0.514233469963074
2300	0.514506995677948
2301	0.51449066400528
2302	0.514326453208923
2303	0.514304161071777
2304	0.514239490032196
2305	0.51380467414856
2306	0.513936340808868
2307	0.514175176620483
2308	0.513538181781769
2309	0.513363480567932
2310	0.51367175579071
2311	0.513359665870667
2312	0.513338685035706
2313	0.513858556747437
2314	0.513889670372009
2315	0.513732552528381
2316	0.513758838176727
2317	0.514036595821381
2318	0.513980329036713
2319	0.513699352741241
2320	0.513693153858185
2321	0.51372092962265
2322	0.513588130474091
2323	0.513440072536469
2324	0.513553202152252
2325	0.513732969760895
2326	0.513757050037384
2327	0.514029800891876
2328	0.514012038707733
2329	0.513443529605865
2330	0.513333439826965
2331	0.513618767261505
2332	0.5135657787323
2333	0.513408243656158
2334	0.513392686843872
2335	0.513457298278809
2336	0.51314389705658
2337	0.512592673301697
2338	0.512333869934082
2339	0.51250684261322
2340	0.51252543926239
2341	0.512522339820862
2342	0.512517094612122
2343	0.511923789978027
2344	0.511243283748627
2345	0.510936558246613
2346	0.51087886095047
2347	0.51082718372345
2348	0.510864913463593
2349	0.51130473613739
2350	0.511824786663055
2351	0.511876225471497
2352	0.511473953723907
2353	0.511498212814331
2354	0.511447072029114
2355	0.511125326156616
2356	0.511199474334717
2357	0.511184275150299
2358	0.511095523834229
2359	0.510978639125824
2360	0.511264562606812
2361	0.511341333389282
2362	0.510934770107269
2363	0.5108442902565
2364	0.51113897562027
2365	0.511018872261047
2366	0.510829985141754
2367	0.510914742946625
2368	0.510919988155365
2369	0.51072108745575
2370	0.510463416576386
2371	0.510283410549164
2372	0.509980738162994
2373	0.509958982467651
2374	0.510309159755707
2375	0.51040917634964
2376	0.50996333360672
2377	0.509320616722107
2378	0.509260594844818
2379	0.509240984916687
2380	0.509064197540283
2381	0.509041786193848
2382	0.50858473777771
2383	0.508315145969391
2384	0.508627414703369
2385	0.508254587650299
2386	0.507829785346985
2387	0.507699728012085
2388	0.507721543312073
2389	0.508077502250671
2390	0.507871866226196
2391	0.507571637630463
2392	0.507241904735565
2393	0.506940305233002
2394	0.507105886936188
2395	0.507054090499878
2396	0.507003545761108
2397	0.506795585155487
2398	0.505885422229767
2399	0.505302488803864
2400	0.505208432674408
2401	0.505108654499054
2402	0.505189657211304
2403	0.505083620548248
2404	0.504952788352966
2405	0.504801094532013
2406	0.504832029342651
2407	0.505546629428864
2408	0.505232036113739
2409	0.504276990890503
2410	0.504791080951691
2411	0.505074143409729
2412	0.503721475601196
2413	0.502276301383972
2414	0.502058923244476
2415	0.501936912536621
2416	0.501612186431885
2417	0.502158343791962
2418	0.501758873462677
2419	0.499425649642944
2420	0.498083204030991
2421	0.49914613366127
2422	0.499542891979218
2423	0.499064356088638
2424	0.49958148598671
2425	0.4991115629673
2426	0.497546255588531
2427	0.497513890266418
2428	0.498751074075699
2429	0.498633593320847
2430	0.497000247240067
2431	0.496601492166519
2432	0.496411561965942
2433	0.495759755373001
2434	0.495705217123032
2435	0.495209753513336
2436	0.493470966815948
2437	0.492661237716675
2438	0.492483139038086
2439	0.491794675588608
2440	0.490993082523346
2441	0.490864157676697
2442	0.490961015224457
2443	0.490322947502136
2444	0.490026354789734
2445	0.489281475543976
2446	0.48711758852005
2447	0.486319541931152
2448	0.486557424068451
2449	0.486423522233963
2450	0.486750066280365
2451	0.486546546220779
2452	0.485987991094589
2453	0.485249370336533
2454	0.483810126781464
2455	0.483318328857422
2456	0.483361840248108
2457	0.48320484161377
2458	0.484166294336319
2459	0.483535349369049
2460	0.480583697557449
2461	0.480215340852737
2462	0.4810890853405
2463	0.480389446020126
2464	0.480942487716675
2465	0.480660825967789
2466	0.477489918470383
2467	0.477155596017838
2468	0.479158997535706
2469	0.47890317440033
2470	0.477848380804062
2471	0.478449881076813
2472	0.480895757675171
2473	0.479690790176392
2474	0.475966185331345
2475	0.475614458322525
2476	0.47418600320816
2477	0.472109258174896
2478	0.473251044750214
2479	0.474462002515793
2480	0.472760587930679
2481	0.472146302461624
2482	0.475503355264664
2483	0.476967006921768
2484	0.476458251476288
2485	0.474917590618134
2486	0.471895694732666
2487	0.472470909357071
2488	0.473201394081116
2489	0.472911268472672
2490	0.477964818477631
2491	0.478213608264923
2492	0.470818340778351
2493	0.468484342098236
2494	0.467449069023132
2495	0.468251049518585
2496	0.475591003894806
2497	0.473689079284668
2498	0.464230179786682
2499	0.463583618402481
2500	0.462192326784134
