350	0.1019220948219299
351	0.1044023893773555
352	0.101845856755972
353	0.1025386303663255
354	0.10492330044508
355	0.102788656949997
356	0.1012973859906195
357	0.10134457051754
358	0.102539598941803
359	0.1030681766569615
360	0.1026147939264775
361	0.1017027236521243
362	0.1028744280338285
363	0.103614181280136
364	0.103148479014635
365	0.10308326035738
366	0.103466022759676
367	0.1039274036884305
368	0.1037582755088805
369	0.104326240718365
370	0.105283539742231
371	0.1058379858732225
372	0.1053576357662675
373	0.1055489182472225
374	0.107214871793985
375	0.1077910102903845
376	0.107966788113117
377	0.108034338802099
378	0.1074540093541145
379	0.1084204390645025
380	0.1101021207869055
381	0.109927408397198
382	0.1097660325467585
383	0.110118091106415
384	0.111016385257244
385	0.111661083996296
386	0.1119966246187685
387	0.1122285537421705
388	0.1130955703556535
389	0.1137605123221875
390	0.113992791622877
391	0.114320732653141
392	0.114892765879631
393	0.115440014749765
394	0.1154267676174645
395	0.1156639494001865
396	0.1161855347454545
397	0.116780776530504
398	0.1169649474322795
399	0.1172776557505135
400	0.1180045418441295
401	0.1184742338955405
402	0.1190784499049185
403	0.1198509372770785
404	0.120372537523508
405	0.1206321753561495
406	0.120861053466797
407	0.121441688388586
408	0.1218400411307815
409	0.122240986675024
410	0.122896037995815
411	0.123340167105198
412	0.1236862875521185
413	0.124088056385517
414	0.1246408447623255
415	0.125391963869333
416	0.126145303249359
417	0.126274112612009
418	0.1266075409948825
419	0.127278108149767
420	0.128088913857937
421	0.1286064237356185
422	0.128931760787964
423	0.1293072402477265
424	0.1298893392086025
425	0.1305451020598415
426	0.13117765635252
427	0.1318791136145595
428	0.1325728073716165
429	0.1332235783338545
430	0.133820369839668
431	0.134541638195515
432	0.135341353714466
433	0.1360557302832605
434	0.136813275516033
435	0.1375952139496805
436	0.1383552998304365
437	0.1391262859106065
438	0.1398320645093915
439	0.140484556555748
440	0.14138226211071
441	0.142209842801094
442	0.1429113149642945
443	0.143753699958324
444	0.144489713013172
445	0.1451600193977355
446	0.145930625498295
447	0.146568723022938
448	0.1472247764468195
449	0.1480656787753105
450	0.148834943771362
451	0.149520680308342
452	0.1501706913113595
453	0.150948151946068
454	0.1516614854335785
455	0.1523047015070915
456	0.153109446167946
457	0.153716780245304
458	0.154163107275963
459	0.1546675339341165
460	0.1551771089434625
461	0.1557405963540075
462	0.156392462551594
463	0.1570039615035055
464	0.1576033011078835
465	0.1582010611891745
466	0.1587320044636725
467	0.159258954226971
468	0.1598079055547715
469	0.1603722721338275
470	0.1608806848526005
471	0.1613999381661415
472	0.1620373725891115
473	0.1625859811902045
474	0.163083918392658
475	0.163607358932495
476	0.164200954139233
477	0.164763145148754
478	0.165269948542118
479	0.1658807322382925
480	0.1664350405335425
481	0.1669474467635155
482	0.1675846427679065
483	0.1681292206048965
484	0.168628327548504
485	0.169212155044079
486	0.1698077991604805
487	0.170468643307686
488	0.1712159886956215
489	0.1718788519501685
490	0.172546900808811
491	0.1732413917779925
492	0.173832297325134
493	0.174466595053673
494	0.175172559916973
495	0.1759004294872285
496	0.176586605608463
497	0.177238307893276
498	0.1778894141316415
499	0.1785846427083015
500	0.179315835237503
501	0.1800619512796405
502	0.180794104933739
503	0.181539587676525
504	0.18230751901865
505	0.1830975562334065
506	0.1838016360998155
507	0.1844825223088265
508	0.1852969601750375
509	0.186059221625328
510	0.1867906898260115
511	0.187554232776165
512	0.1883450746536255
513	0.1890981346368785
514	0.189808428287506
515	0.190642215311527
516	0.1914171427488325
517	0.192116670310497
518	0.192899487912655
519	0.1937158703804015
520	0.1945325583219525
521	0.1953162997961045
522	0.1961114034056665
523	0.1969187036156655
524	0.1977371871471405
525	0.1986102908849715
526	0.1994459331035615
527	0.200218379497528
528	0.2010487392544745
529	0.20190766453743
530	0.202778242528439
531	0.2036510556936265
532	0.204534746706486
533	0.2054210156202315
534	0.206302188336849
535	0.207206301391125
536	0.208134390413761
537	0.209082566201687
538	0.210040107369423
539	0.2109860479831695
540	0.2119305059313775
541	0.2129295617341995
542	0.213945209980011
543	0.214971266686916
544	0.216013640165329
545	0.217072494328022
546	0.2181641161441805
547	0.219295084476471
548	0.220394529402256
549	0.221531376242638
550	0.2227496057748795
551	0.224002957344055
552	0.225325830280781
553	0.2267286852002145
554	0.2282093316316605
555	0.2296828478574755
556	0.231110006570816
557	0.2324810698628425
558	0.2338406518101695
559	0.2351816073060035
560	0.2365092262625695
561	0.2379015907645225
562	0.2392792999744415
563	0.240603022277355
564	0.2419099882245065
565	0.243178479373455
566	0.2444456964731215
567	0.245782449841499
568	0.2470665499567985
569	0.248334974050522
570	0.2496524229645725
571	0.250884547829628
572	0.25205335021019
573	0.253209739923477
574	0.2544293403625491
575	0.2556852400302885
576	0.256938189268112
577	0.258138611912727
578	0.259314313530922
579	0.2604720890522005
580	0.2616210132837295
581	0.26275759935379
582	0.2638510018587115
583	0.2648813277482985
584	0.2658801227808
585	0.2668683230876925
586	0.267860636115074
587	0.2688533812761305
588	0.269827216863632
589	0.270777955651283
590	0.2717125564813615
591	0.2725755721330645
592	0.273350387811661
593	0.2740432620048525
594	0.274708807468414
595	0.275350958108902
596	0.275989681482315
597	0.276744171977043
598	0.277576118707657
599	0.278425619006157
600	0.2792221903800965
601	0.2800188511610035
602	0.2808129638433455
603	0.2815880924463275
604	0.282338261604309
605	0.2830770164728165
606	0.283814638853073
607	0.284516915678978
608	0.2851904481649395
609	0.2858504205942155
610	0.2865249663591385
611	0.287179633975029
612	0.2878212332725525
613	0.2884795963764195
614	0.2891301214694975
615	0.2897454351186755
616	0.2903124690055845
617	0.290933057665825
618	0.291562184691429
619	0.2921587973833085
620	0.2927294373512265
621	0.2932961732149125
622	0.2938621044158935
623	0.294415235519409
624	0.294980004429817
625	0.2955455780029295
626	0.296090453863144
627	0.296611487865448
628	0.2971172779798505
629	0.2976255267858505
630	0.29817034304142
631	0.2987153679132465
632	0.2992417961359025
633	0.2997490167617795
634	0.3002602756023405
635	0.300771340727806
636	0.301263153553009
637	0.3017819821834565
638	0.302312418818474
639	0.302827820181847
640	0.303322196006775
641	0.303824320435524
642	0.304339677095413
643	0.3048342913389205
644	0.3053093254566195
645	0.30577889084816
646	0.30627016723156
647	0.306757688522339
648	0.307231217622757
649	0.30769245326519
650	0.3081725239753725
651	0.3086526244878765
652	0.309124231338501
653	0.309610769152641
654	0.310089036822319
655	0.3105635046958925
656	0.3110606521368025
657	0.3115042746067045
658	0.311925411224365
659	0.3123817294836045
660	0.312857761979103
661	0.3133302927017215
662	0.313782960176468
663	0.314224198460579
664	0.3146853595972065
665	0.315157637000084
666	0.3155869394540785
667	0.3160358965396885
668	0.3164981007575985
669	0.3169459849596025
670	0.3173931390047075
671	0.3178582340478895
672	0.318344697356224
673	0.3188030272722245
674	0.3192434757947925
675	0.319688394665718
676	0.320181742310524
677	0.320630818605423
678	0.3210634738206865
679	0.3215510100126265
680	0.322019949555397
681	0.3224744498729705
682	0.3229292780160905
683	0.323393136262894
684	0.323874205350876
685	0.3243612349033355
686	0.324816316366196
687	0.325279429554939
688	0.3257596641778945
689	0.3262533992528915
690	0.3267423212528225
691	0.327230989933014
692	0.327725753188133
693	0.328213781118393
694	0.3286824524402615
695	0.3291358053684235
696	0.32959845662117
697	0.330071970820427
698	0.3305511176586155
699	0.331022992730141
700	0.331484377384186
701	0.3319524228572845
702	0.332436203956604
703	0.3328948467969895
704	0.3333630561828615
705	0.333845257759094
706	0.3342883586883545
707	0.3347406089305875
708	0.335205212235451
709	0.3356642723083495
710	0.3361174166202545
711	0.336565688252449
712	0.337014615535736
713	0.33748234808445
714	0.3379297852516175
715	0.3383568376302715
716	0.338840618729591
717	0.3392883241176605
718	0.3397079706192015
719	0.3401558846235275
720	0.340578660368919
721	0.341002970933914
722	0.3414552807807925
723	0.3418979197740555
724	0.3423458635807035
725	0.3427979201078415
726	0.343222826719284
727	0.343664988875389
728	0.3441234976053235
729	0.3445770889520645
730	0.345014452934265
731	0.345438525080681
732	0.3458616137504575
733	0.346308499574661
734	0.3467351645231245
735	0.3471395522356035
736	0.347582995891571
737	0.348023861646652
738	0.3484587669372555
739	0.3488979786634445
740	0.349313050508499
741	0.3497275561094285
742	0.35016031563282
743	0.3505821228027345
744	0.35100194811821
745	0.3514172285795215
746	0.351807713508606
747	0.3522452116012575
748	0.352703869342804
749	0.3531239330768585
750	0.3535570204257965
751	0.353968635201454
752	0.3543444573879245
753	0.3547608107328415
754	0.3551926165819165
755	0.355624243617058
756	0.3560486286878585
757	0.356476619839668
758	0.3568955659866335
759	0.3572875857353215
760	0.3576695770025255
761	0.358055606484413
762	0.3584531247615815
763	0.3588626086711885
764	0.359264522790909
765	0.35964959859848
766	0.360017657279968
767	0.36040523648262
768	0.3608089089393615
769	0.3612073957920075
770	0.361547753214836
771	0.361910194158554
772	0.362323597073555
773	0.3626869469881055
774	0.3630501925945285
775	0.363423302769661
776	0.363793030381203
777	0.364121571183205
778	0.364437609910965
779	0.364777609705925
780	0.365147948265076
781	0.3655159175395965
782	0.36586332321167
783	0.366195872426033
784	0.3665551692247395
785	0.3669260889291765
786	0.3672682791948315
787	0.3675895929336545
788	0.3678927570581435
789	0.368188962340355
790	0.3685152530670165
791	0.36882820725441
792	0.3691273480653765
793	0.369457766413689
794	0.3697487711906435
795	0.37002232670784
796	0.37032388150692
797	0.370631068944931
798	0.370924547314644
799	0.371195390820503
800	0.371450990438461
801	0.3717434257268905
802	0.372052758932114
803	0.3723096698522566
804	0.3725789338350295
805	0.372847333550453
806	0.373095154762268
807	0.3733529597520825
808	0.373613491654396
809	0.3738610595464705
810	0.3740617036819455
811	0.3742917776107785
812	0.374552100896835
813	0.3748066425323485
814	0.375027686357498
815	0.3752515763044355
816	0.375495791435242
817	0.375691190361977
818	0.375914826989174
819	0.3761570006608965
820	0.376331016421318
821	0.3765389174222945
822	0.376752778887749
823	0.3769254535436635
824	0.3771016001701355
825	0.3772814869880675
826	0.3774670362472535
827	0.3776709735393525
828	0.3778467178344725
829	0.3780101239681245
830	0.378203988075256
831	0.378385975956917
832	0.378566101193428
833	0.378748595714569
834	0.3788913190364835
835	0.3790405243635175
836	0.3792055994272235
837	0.379361405968666
838	0.379505276679993
839	0.3796493411064145
840	0.3798093646764755
841	0.3799910545349125
842	0.380153104662895
843	0.380284622311592
844	0.380432590842247
845	0.380566984415054
846	0.380697771906853
847	0.380849704146385
848	0.381002053618431
849	0.381139263510704
850	0.3812571316957475
851	0.3813792020082475
852	0.381512895226479
853	0.3816589564085004
854	0.3818111419677735
855	0.381949529051781
856	0.382079228758812
857	0.3822127133607865
858	0.382363349199295
859	0.3824820071458815
860	0.382574036717415
861	0.3827322423458095
862	0.3828751295804975
863	0.382985159754753
864	0.3830780982971195
865	0.3832398653030395
866	0.383417099714279
867	0.3835635632276535
868	0.383680820465088
869	0.383798122406006
870	0.383917883038521
871	0.384028494358063
872	0.384184151887894
873	0.3843530118465425
874	0.384502738714218
875	0.384661331772804
876	0.384815067052841
877	0.3849606662988665
878	0.3851054459810255
879	0.385255947709084
880	0.3854034394025805
881	0.3855392783880235
882	0.385683208703995
883	0.3858486860990525
884	0.386027559638023
885	0.386177331209183
886	0.3863373398780825
887	0.386495739221573
888	0.386630445718765
889	0.3868088126182555
890	0.386992320418358
891	0.387155279517174
892	0.387325868010521
893	0.387506052851677
894	0.3876938521862035
895	0.3878816962242125
896	0.3880426585674285
897	0.3882068693637845
898	0.388395741581917
899	0.388574689626694
900	0.3887508660554885
901	0.3889291882514955
902	0.389113172888756
903	0.389296844601631
904	0.389488384127617
905	0.3896923661231995
906	0.389883100986481
907	0.3900837153196335
908	0.390301316976547
909	0.3905224949121475
910	0.3907105326652525
911	0.3908930569887165
912	0.391103059053421
913	0.391268774867058
914	0.391474351286888
915	0.391732633113861
916	0.391930729150772
917	0.39214588701725
918	0.392377495765686
919	0.392599359154701
920	0.3928137868642805
921	0.393015965819359
922	0.393217697739601
923	0.3934711813926695
924	0.393687516450882
925	0.393894478678703
926	0.3941630721092225
927	0.3944116979837415
928	0.3946429044008255
929	0.394869938492775
930	0.3951046764850615
931	0.3953708708286285
932	0.3956411629915235
933	0.395862713456154
934	0.396088853478432
935	0.396327391266823
936	0.396577626466751
937	0.396840661764145
938	0.397060588002205
939	0.3972742408514025
940	0.397575244307518
941	0.397823601961136
942	0.398037448525429
943	0.3982622027397155
944	0.3985376060009005
945	0.398784264922142
946	0.3989910781383515
947	0.3992073237895965
948	0.3995000571012495
949	0.3997913897037505
950	0.400009736418724
951	0.4002099931240085
952	0.400484472513199
953	0.4008112102746965
954	0.401064157485962
955	0.4012820422649385
956	0.401486396789551
957	0.4016982316970825
958	0.401942119002342
959	0.4022183567285535
960	0.402494594454765
961	0.4027135372161865
962	0.40296770632267
963	0.4032364338636395
964	0.4034830033779145
965	0.4037116765975955
966	0.403965711593628
967	0.4042418599128725
968	0.404490798711777
969	0.4047463983297345
970	0.4050106555223465
971	0.4052818715572355
972	0.405578479170799
973	0.405866354703903
974	0.4061312526464465
975	0.406380757689476
976	0.406636536121368
977	0.4069001227617265
978	0.4071603268384935
979	0.407372862100601
980	0.407610610127449
981	0.407892718911171
982	0.408185005187988
983	0.4084422290325165
984	0.408686876296997
985	0.4089467376470565
986	0.4092048704624175
987	0.409507468342781
988	0.409809172153473
989	0.409997910261154
990	0.410207822918892
991	0.4104798883199695
992	0.410796716809273
993	0.411025211215019
994	0.4111957401037215
995	0.411385208368301
996	0.411692202091217
997	0.4119559824466705
998	0.4121742993593215
999	0.4123729020357135
1000	0.4125648438930515
1001	0.411705896258354
1002	0.412012204527855
1003	0.412227839231491
1004	0.4123301804065705
1005	0.4124840795993805
1006	0.4125685393810275
1007	0.4127257019281385
1008	0.412919119000435
1009	0.413101986050606
1010	0.413297280669212
1011	0.4135026335716245
1012	0.4137292206287385
1013	0.413932651281357
1014	0.4141268879175185
1015	0.414351060986519
1016	0.4145216941833495
1017	0.414642751216888
1018	0.4148123413324355
1019	0.414984241127968
1020	0.4151532351970675
1021	0.4153539836406705
1022	0.4155203849077225
1023	0.415616258978844
1024	0.415796861052513
1025	0.416068196296692
1026	0.416248142719269
1027	0.416368409991264
1028	0.416584625840187
1029	0.416751265525818
1030	0.4168674647808075
1031	0.4169764071702955
1032	0.417067140340805
1033	0.417236611247063
1034	0.4174220860004425
1035	0.4175706952810285
1036	0.417757585644722
1037	0.4179614037275315
1038	0.4181555658578875
1039	0.41830013692379
1040	0.4184394627809525
1041	0.4186462461948395
1042	0.418763756752014
1043	0.418732389807701
1044	0.4188862442970275
1045	0.4191379100084305
1046	0.419323205947876
1047	0.4195684492588045
1048	0.419751152396202
1049	0.4198585599660875
1050	0.4200084954500199
1051	0.4201673418283465
1052	0.4203210324048995
1053	0.420491576194763
1054	0.4206425696611406
1055	0.420739710330963
1056	0.4209066331386565
1057	0.421069487929344
1058	0.421256467700005
1059	0.4214040338993075
1060	0.421554043889046
1061	0.4216950237751005
1062	0.421783477067947
1063	0.421907901763916
1064	0.4220755100250245
1065	0.422223061323166
1066	0.4223434925079345
1067	0.422499164938927
1068	0.422752872109413
1069	0.4228299260139465
1070	0.4229668229818345
1071	0.4231036603450775
1072	0.423264220356941
1073	0.4234168827533725
1074	0.423585206270218
1075	0.4238023906946185
1076	0.42396005988121
1077	0.424096092581749
1078	0.424209326505661
1079	0.424266457557678
1080	0.424378275871277
1081	0.4244789928197865
1082	0.4245994091033935
1083	0.4248530715703965
1084	0.4250768274068835
1085	0.4252329170703885
1086	0.4253917038440705
1087	0.4255058020353315
1088	0.425478681921959
1089	0.4256230741739275
1090	0.425853729248047
1091	0.4260535389184955
1092	0.4263559579849245
1093	0.426539212465286
1094	0.426618069410324
1095	0.4267581552267075
1096	0.426863104104996
1097	0.427032053470612
1098	0.4272156059741975
1099	0.427340120077133
1100	0.4274726063013075
1101	0.4275682866573335
1102	0.4276980012655255
1103	0.427841126918793
1104	0.427989944815636
1105	0.4281439930200575
1106	0.428285986185074
1107	0.4284516870975495
1108	0.428591027855873
1109	0.428674817085266
1110	0.4288399815559385
1111	0.429031804203987
1112	0.429078474640846
1113	0.4292223900556565
1114	0.4293865263462065
1115	0.429527059197426
1116	0.429680302739143
1117	0.4298480898141865
1118	0.429980605840683
1119	0.4301290810108185
1120	0.430323451757431
1121	0.430470585823059
1122	0.430597200989723
1123	0.4307485818862915
1124	0.430928587913513
1125	0.431002989411354
1126	0.431108355522156
1127	0.43133120238781
1128	0.43148373067379
1129	0.431562468409538
1130	0.431717574596405
1131	0.4318971931934355
1132	0.4320221543312075
1133	0.432175666093826
1134	0.432328626513481
1135	0.432409852743149
1136	0.432523563504219
1137	0.4327097833156585
1138	0.432836160063744
1139	0.4328977167606355
1140	0.4329979419708255
1141	0.4332016557455065
1142	0.433349251747131
1143	0.43345645070076
1144	0.4336553066968915
1145	0.4338061809539795
1146	0.433873027563095
1147	0.4339918494224545
1148	0.4341679066419605
1149	0.434315890073776
1150	0.434456452727318
1151	0.434589520096779
1152	0.43474218249321
1153	0.4348277002573015
1154	0.4349204450845715
1155	0.4350650906562805
1156	0.4352596551179885
1157	0.435447081923485
1158	0.43560154736042
1159	0.4357865899801255
1160	0.435931533575058
1161	0.4360506534576415
1162	0.4362072944641116
1163	0.436391681432724
1164	0.4365343153476715
1165	0.4366809129714965
1166	0.4368398785591125
1167	0.436980202794075
1168	0.4371274411678315
1169	0.43729592859745
1170	0.4374302178621295
1171	0.4375738352537155
1172	0.437749817967415
1173	0.4379594027996065
1174	0.4381192028522495
1175	0.4382628798484805
1176	0.4384880661964415
1177	0.4386528432369235
1178	0.438742250204086
1179	0.4388812780380245
1180	0.4390167593955995
1181	0.4391493052244185
1182	0.4392942190170285
1183	0.4394765943288805
1184	0.439717084169388
1185	0.4398232251405715
1186	0.439952909946442
1187	0.440181091427803
1188	0.4403768479824065
1189	0.44052591919899
1190	0.4406617879867555
1191	0.4407860636711125
1192	0.440916553139687
1193	0.441060706973076
1194	0.441195473074913
1195	0.4413719177246095
1196	0.441525161266327
1197	0.441616877913475
1198	0.441763013601303
1199	0.4419715255498885
1200	0.442131116986275
1201	0.44223316013813
1202	0.442397877573967
1203	0.4425587356090545
1204	0.442722752690315
1205	0.4429407566785815
1206	0.4431253373622895
1207	0.443236544728279
1208	0.443368196487427
1209	0.4435633867979045
1210	0.4437304735183715
1211	0.4438621997833255
1212	0.444032832980156
1213	0.4441903680562975
1214	0.4442680478096005
1215	0.444396764039993
1216	0.444576382637024
1217	0.444766625761986
1218	0.4448925852775575
1219	0.4450424313545225
1220	0.4452530443668365
1221	0.4454280883073805
1222	0.445548862218857
1223	0.4457114785909655
1224	0.445928081870079
1225	0.4461106657981875
1226	0.4462462812662125
1227	0.4464330077171325
1228	0.446604713797569
1229	0.446696951985359
1230	0.4468321353197095
1231	0.447046101093292
1232	0.447187930345535
1233	0.44727024435997
1234	0.44740654528141
1235	0.4475615471601485
1236	0.4476681351661685
1237	0.4478131532669065
1238	0.447983846068382
1239	0.448096990585327
1240	0.4482268095016475
1241	0.448428377509117
1242	0.448628097772598
1243	0.4487994611263275
1244	0.4489677995443345
1245	0.4491479247808455
1246	0.4493035674095155
1247	0.4494521915912625
1248	0.449615105986595
1249	0.449773848056793
1250	0.4499080181121825
1251	0.4500367045402525
1252	0.450167939066887
1253	0.4503358453512195
1254	0.4505269080400465
1255	0.450671970844269
1256	0.450835034251213
1257	0.4510033875703815
1258	0.451113164424896
1259	0.4512322545051575
1260	0.451402589678764
1261	0.451560035347939
1262	0.4516889005899425
1263	0.451866775751114
1264	0.452035665512085
1265	0.452161446213722
1266	0.4523217380046845
1267	0.452526763081551
1268	0.4526901096105575
1269	0.452827274799347
1270	0.4530077874660495
1271	0.4531777054071425
1272	0.4533267170190815
1273	0.4534738808870315
1274	0.45361103117466
1275	0.453740417957306
1276	0.453858181834221
1277	0.4540101289749145
1278	0.45417882502079
1279	0.454347625374794
1280	0.4545355290174485
1281	0.454685941338539
1282	0.454818904399872
1283	0.4549573212862015
1284	0.455092757940292
1285	0.4552637338638305
1286	0.455423787236214
1287	0.4555682837963105
1288	0.4557026624679565
1289	0.4558721482753755
1290	0.456028237938881
1291	0.4561202377080915
1292	0.4562189131975175
1293	0.456357970833778
1294	0.4564900696277615
1295	0.456614464521408
1296	0.456740826368332
1297	0.456871718168259
1298	0.457009017467499
1299	0.457131400704384
1300	0.4572732746601105
1301	0.457466050982475
1302	0.4576145708560945
1303	0.4577601104974745
1304	0.457972273230553
1305	0.458127498626709
1306	0.4582863450050355
1307	0.4584047496318815
1308	0.4585624635219575
1309	0.4587087780237195
1310	0.4588697105646135
1311	0.4589899480342865
1312	0.459085315465927
1313	0.4592263400554655
1314	0.4593538790941235
1315	0.459489092230797
1316	0.4596738964319225
1317	0.459841564297676
1318	0.4599706828594205
1319	0.46009224653244
1320	0.460249200463295
1321	0.4604254961013795
1322	0.4605966806411745
1323	0.460788458585739
1324	0.460974931716919
1325	0.4611160904169085
1326	0.461240127682686
1327	0.4613444358110425
1328	0.4614926278591155
1329	0.4616370350122455
1330	0.461755961179733
1331	0.4619046598672865
1332	0.4620421081781385
1333	0.4621236622333525
1334	0.4622199833393095
1335	0.4623777866363525
1336	0.4625483751296995
1337	0.4627047032117845
1338	0.462884157896042
1339	0.463044792413712
1340	0.463164836168289
1341	0.4632982313632965
1342	0.46343757212162
1343	0.463550195097923
1344	0.463655471801758
1345	0.4637750685214995
1346	0.4639143645763395
1347	0.464052230119705
1348	0.464176133275032
1349	0.464309871196747
1350	0.4644430726766585
1351	0.464549362659454
1352	0.4646552950143815
1353	0.464768946170807
1354	0.464885741472244
1355	0.4650188237428665
1356	0.465111777186394
1357	0.4652068614959715
1358	0.4653671830892565
1359	0.4654672145843505
1360	0.465491518378258
1361	0.465594783425331
1362	0.4657208621501925
1363	0.4657839089632035
1364	0.465899735689163
1365	0.4660624861717225
1366	0.4661356210708615
1367	0.4661539942026135
1368	0.466226175427437
1369	0.4663068801164625
1370	0.4663345366716385
1371	0.4663183391094205
1372	0.4663230925798415
1373	0.466314420104027
1374	0.4662830382585525
1375	0.466245129704475
1376	0.4662111848592755
1377	0.4661487638950345
1378	0.466060221195221
1379	0.465986013412476
1380	0.465895101428032
1381	0.4657390117645265
1382	0.465588390827179
1383	0.465437322854996
1384	0.4652363806962965
1385	0.465058982372284
1386	0.464871272444725
1387	0.4646278619766235
1388	0.464413210749626
1389	0.464190199971199
1390	0.463881492614746
1391	0.4635378420352935
1392	0.463218420743942
1393	0.462861716747284
1394	0.4624613374471665
1395	0.462080016732216
1396	0.4617160558700565
1397	0.4612886756658555
1398	0.460820645093918
1399	0.460387960076332
1400	0.4599394351243975
1401	0.459473565220833
1402	0.4590520411729815
1403	0.458669379353523
1404	0.4582938551902775
1405	0.457857206463814
1406	0.457393541932106
1407	0.457020789384842
1408	0.4566650837659835
1409	0.456263422966003
1410	0.455949619412422
1411	0.4557044208049775
1412	0.4555162638425825
1413	0.4554391652345655
1414	0.4555450528860095
1415	0.4558640867471695
1416	0.4562452137470245
1417	0.456763207912445
1418	0.457390770316124
1419	0.4579823911190035
1420	0.4585724025964735
1421	0.4591520875692365
1422	0.459751784801483
1423	0.460381463170052
1424	0.4609420597553255
1425	0.461484521627426
1426	0.462030082941055
1427	0.4625500440597535
1428	0.4630254954099655
1429	0.463517025113106
1430	0.46400573849678
1431	0.46445769071579
1432	0.4648918807506565
1433	0.4653276354074475
1434	0.465760812163353
1435	0.4661731719970705
1436	0.466570571064949
1437	0.4669772535562515
1438	0.467401534318924
1439	0.4678196758031845
1440	0.4681927263736725
1441	0.4685368835926055
1442	0.468875512480736
1443	0.4691879600286485
1444	0.4695111215114595
1445	0.469835609197617
1446	0.4701372385025025
1447	0.4704656153917315
1448	0.470771074295044
1449	0.471024587750435
1450	0.471227884292603
1451	0.4714540243148805
1452	0.471650779247284
1453	0.471842810511589
1454	0.4720340073108675
1455	0.472228080034256
1456	0.472412884235382
1457	0.4725854098796845
1458	0.4727497696876525
1459	0.4729529321193695
1460	0.4731511771678925
1461	0.4733124375343325
1462	0.473465174436569
1463	0.473626121878624
1464	0.473799675703049
1465	0.473964124917984
1466	0.4741495102643965
1467	0.4743436127901075
1468	0.474504217505455
1469	0.474682375788689
1470	0.4749156534671785
1471	0.4751828759908675
1472	0.475439518690109
1473	0.475658640265465
1474	0.4758743196725845
1475	0.4760994762182235
1476	0.4762977808713915
1477	0.4765014350414275
1478	0.4767494797706605
1479	0.476991802453995
1480	0.4771833419799805
1481	0.477371647953987
1482	0.477586805820465
1483	0.4777986109256745
1484	0.477980688214302
1485	0.478163614869118
1486	0.478375792503357
1487	0.4785790145397185
1488	0.4787722826004025
1489	0.478999882936478
1490	0.47921621799469
1491	0.4794040024280545
1492	0.4795770347118375
1493	0.479759842157364
1494	0.479932114481926
1495	0.4800592213869095
1496	0.4801657646894455
1497	0.480323538184166
1498	0.480507269501686
1499	0.4806536883115765
1500	0.4808182418346405
1501	0.480980485677719
1502	0.481115490198135
1503	0.4812719821929935
1504	0.481428861618042
1505	0.4815654903650285
1506	0.4816868007183075
1507	0.4818114191293715
1508	0.481983110308647
1509	0.482178807258606
1510	0.4823615103960035
1511	0.482541635632515
1512	0.4827124923467635
1513	0.482863187789917
1514	0.483009055256844
1515	0.48316590487957
1516	0.4833083897829055
1517	0.483423411846161
1518	0.4835259914398195
1519	0.4836396723985675
1520	0.483773499727249
1521	0.483916699886322
1522	0.48407943546772
1523	0.4842240512371065
1524	0.4843763709068295
1525	0.484517931938171
1526	0.484624400734901
1527	0.4847606271505355
1528	0.4849323332309725
1529	0.485069066286087
1530	0.4851987808942795
1531	0.4853327423334125
1532	0.4854470640420915
1533	0.485555037856102
1534	0.4856552481651305
1535	0.485785409808159
1536	0.4858985394239425
1537	0.486010268330574
1538	0.486158162355423
1539	0.486291527748108
1540	0.4863894283771515
1541	0.48650161921978
1542	0.486615791916847
1543	0.486689895391464
1544	0.4867912977933885
1545	0.4869662672281265
1546	0.4871343076229095
1547	0.487229362130165
1548	0.4873232543468475
1549	0.487466543912888
1550	0.487572029232979
1551	0.4876904338598255
1552	0.4878714084625245
1553	0.487998306751251
1554	0.4881079643964765
1555	0.488278642296791
1556	0.4884323477745055
1557	0.4885217994451525
1558	0.4886100590229035
1559	0.4887244552373885
1560	0.4888309240341185
1561	0.4889394342899325
1562	0.4890405386686325
1563	0.489109694957733
1564	0.4892140328884125
1565	0.489331215620041
1566	0.4893935918807985
1567	0.489530056715012
1568	0.4897134900093075
1569	0.489796906709671
1570	0.4898952245712285
1571	0.4900241941213605
1572	0.4900862723588945
1573	0.4901786744594575
1574	0.4903248101472855
1575	0.490436643362045
1576	0.490566805005074
1577	0.490709111094475
1578	0.490854173898697
1579	0.4910168796777725
1580	0.491149589419365
1581	0.49126261472702
1582	0.491373211145401
1583	0.4914710372686385
1584	0.491585001349449
1585	0.491688996553421
1586	0.4918022751808165
1587	0.49194972217083
1588	0.4920699149370195
1589	0.492163270711899
1590	0.492280274629593
1591	0.4924076646566395
1592	0.492501512169838
1593	0.4925744384527205
1594	0.4926961958408355
1595	0.492818430066109
1596	0.4929368048906325
1597	0.493072137236595
1598	0.493218198418617
1599	0.4933406561613085
1600	0.4934258460998535
1601	0.493529662489891
1602	0.493658781051636
1603	0.493771865963936
1604	0.493859142065048
1605	0.493928611278534
1606	0.4940264225006105
1607	0.4941436797380445
1608	0.4942478686571125
1609	0.494394212961197
1610	0.4945331215858461
1611	0.4946357160806655
1612	0.4947632551193235
1613	0.494879275560379
1614	0.4949849247932435
1615	0.495104715228081
1616	0.49521641433239
1617	0.4953162372112275
1618	0.495410054922104
1619	0.495507210493088
1620	0.4956091791391375
1621	0.495710715651512
1622	0.495814740657806
1623	0.4959163814783095
1624	0.4960272312164305
1625	0.496149942278862
1626	0.4962411522865295
1627	0.496337965130806
1628	0.496481314301491
1629	0.496603637933731
1630	0.496696919202805
1631	0.496816262602806
1632	0.496950179338455
1633	0.497076004743576
1634	0.497215524315834
1635	0.497357204556465
1636	0.497445955872536
1637	0.497494027018547
1638	0.4975595027208325
1639	0.4976521879434585
1640	0.4977561980485915
1641	0.4978613555431365
1642	0.4979684352874755
1643	0.498062700033188
1644	0.498109057545662
1645	0.498158261179924
1646	0.4982764422893525
1647	0.4983898252248765
1648	0.4984778463840485
1649	0.498590663075447
1650	0.4986913353204725
1651	0.4987864941358565
1652	0.4989067912101744
1653	0.4990023970603945
1654	0.499088317155838
1655	0.4991974383592604
1656	0.499290645122528
1657	0.4993977844715115
1658	0.4995210021734235
1659	0.4996166378259655
1660	0.499694675207138
1661	0.499762699007988
1662	0.499840900301933
1663	0.499937042593956
1664	0.500064417719841
1665	0.500244006514549
1666	0.5004123002290725
1667	0.500538229942322
1668	0.500617951154709
1669	0.5006593465805055
1670	0.5007339119911195
1671	0.5008246302604675
1672	0.50094810128212
1673	0.5010887384414675
1674	0.50114406645298
1675	0.5012132823467255
1676	0.50133940577507
1677	0.501390799880028
1678	0.5014341175556181
1679	0.5015179812908175
1680	0.501569598913193
1681	0.5016413033008575
1682	0.501735001802444
1683	0.501833662390709
1684	0.5019373148679735
1685	0.5020194947719575
1686	0.5021385103464124
1687	0.502297356724739
1688	0.502414271235466
1689	0.5024804025888445
1690	0.50255361199379
1691	0.502652123570442
1692	0.5027381479740145
1693	0.5028062015771865
1694	0.502894550561905
1695	0.502992898225784
1696	0.5030528157949445
1697	0.5031177550554276
1698	0.5032123625278471
1699	0.5032907128334045
1700	0.5033533871173855
1701	0.5034117698669429
1702	0.5034842193126675
1703	0.5035620778799055
1704	0.5036479234695435
1705	0.503771424293518
1706	0.503903314471245
1707	0.5040094554424285
1708	0.504095956683159
1709	0.5041772425174715
1710	0.5043034255504605
1711	0.504436120390892
1712	0.5044965147972105
1713	0.5045830458402629
1714	0.5046716928482056
1715	0.504666268825531
1716	0.5046879798173904
1717	0.5047842860221865
1718	0.5048679262399675
1719	0.504923313856125
1720	0.5049830079078675
1721	0.505033731460571
1722	0.5050801783800125
1723	0.5051645040512085
1724	0.5052336156368256
1725	0.50525376200676
1726	0.5052915662527084
1727	0.5053473860025405
1728	0.505384370684624
1729	0.5054227858781815
1730	0.5054404735565184
1731	0.5054434090852735
1732	0.5055431723594666
1733	0.50566303730011
1734	0.5057134181261065
1735	0.5057996064424515
1736	0.50590480864048
1737	0.5059712678194045
1738	0.506002560257912
1739	0.506040126085281
1740	0.5060969442129135
1741	0.5061080306768415
1742	0.5061237066984176
1743	0.5061497539281845
1744	0.5061526447534564
1745	0.506187066435814
1746	0.506238430738449
1747	0.506294846534729
1748	0.5063163340091705
1749	0.5063053518533704
1750	0.506378665566444
1751	0.5064629912376405
1752	0.506453111767769
1753	0.5064707696437836
1754	0.5065871626138685
1755	0.5066055804491045
1756	0.506573140621185
1757	0.5066418647766116
1758	0.506714582443237
1759	0.5067354291677475
1760	0.5068442970514295
1761	0.5069259107112885
1762	0.506882563233376
1763	0.506898924708366
1764	0.5069912075996396
1765	0.5069980025291445
1766	0.5070476830005646
1767	0.5071014165878295
1768	0.5071537643671035
1769	0.507208734750748
1770	0.5072481483221055
1771	0.507314458489418
1772	0.5073836296796795
1773	0.5074360221624375
1774	0.507498621940613
1775	0.507561847567558
1776	0.507636085152626
1777	0.507716327905655
1778	0.5077939033508301
1779	0.507849752902985
1780	0.507866531610489
1781	0.5078401863574981
1782	0.5078437030315399
1783	0.5079623758792875
1784	0.5080790817737579
1785	0.5081373751163485
1786	0.5082092583179475
1787	0.508258610963821
1788	0.5082836747169495
1789	0.5083597302436831
1790	0.5084567070007324
1791	0.508527487516403
1792	0.508621543645859
1793	0.5087290704250335
1794	0.508812516927719
1795	0.5088857710361481
1796	0.5089200735092165
1797	0.5090030729770665
1798	0.5091211497783661
1799	0.5091042220592501
1800	0.5091228187084196
1801	0.5080937892198565
1802	0.5087185800075535
1803	0.509084075689316
1804	0.5095563530921935
1805	0.5098185539245605
1806	0.5099708437919614
1807	0.510180801153183
1808	0.51046422123909
1809	0.510781466960907
1810	0.5110063552856445
1811	0.5111646950244906
1812	0.5113025605678555
1813	0.511352092027664
1814	0.511434853076935
1815	0.5116977989673615
1816	0.5119302570819855
1817	0.511874258518219
1818	0.5119436979293825
1819	0.51211029291153
1820	0.51229140162468
1821	0.5123183727264405
1822	0.51234433054924
1823	0.5125367045402525
1824	0.512583136558533
1825	0.5126526057720184
1826	0.512876600027084
1827	0.51300847530365
1828	0.5131518542766571
1829	0.513179451227188
1830	0.5133251249790189
1831	0.5135806500911715
1832	0.5137846171855924
1833	0.513889819383621
1834	0.5140073001384735
1835	0.5141415894031525
1836	0.5142984986305235
1837	0.5144591927528379
1838	0.5147131979465485
1839	0.5148281157016754
1840	0.5147972106933595
1841	0.514938801527023
1842	0.5151385366916655
1843	0.5152202546596525
1844	0.515296310186386
1845	0.5154531300067899
1846	0.5155532956123355
1847	0.515526294708252
1848	0.515607565641403
1849	0.515792012214661
1850	0.515907496213913
1851	0.5158852636814115
1852	0.5159189701080324
1853	0.5160259902477264
1854	0.51606085896492
1855	0.5160585939884185
1856	0.5160885453224185
1857	0.5161069333553315
1858	0.516059726476669
1859	0.515981197357178
1860	0.516015291213989
1861	0.5159618854522705
1862	0.515937089920044
1863	0.5159526765346525
1864	0.5158729553222655
1865	0.515823185443878
1866	0.515732377767563
1867	0.515620082616806
1868	0.5153754949569704
1869	0.515210002660751
1870	0.515094190835953
1871	0.514852613210678
1872	0.514580935239792
1873	0.514301747083664
1874	0.5139822065830231
1875	0.5135882794857025
1876	0.5131624341011045
1877	0.5126954317092896
1878	0.5122271776199345
1879	0.511679708957672
1880	0.5110636651515961
1881	0.510385900735855
1882	0.509628266096115
1883	0.508801311254501
1884	0.5078780949115755
1885	0.5068731606006625
1886	0.5059113204479215
1887	0.504829168319702
1888	0.5034286081790924
1889	0.502030447125435
1890	0.500573232769966
1891	0.4987764209508895
1892	0.496921584010124
1893	0.494988277554512
1894	0.4927620589733125
1895	0.4905916303396225
1896	0.488352492451668
1897	0.4861684888601305
1898	0.483897745609283
1899	0.4817114770412445
1900	0.4795898348093035
1901	0.477577641606331
1902	0.475783288478851
1903	0.4741151332855225
1904	0.4726314544677735
1905	0.4713036715984345
1906	0.470210388302803
1907	0.469419851899147
1908	0.468835100531578
1909	0.4683980643749235
1910	0.4682276248931885
1911	0.4682346284389495
1912	0.4683277755975725
1913	0.46857325732708
1914	0.4690565317869185
1915	0.4696207344532015
1916	0.4702492356300355
1917	0.470932930707932
1918	0.4717962741851805
1919	0.4726830571889875
1920	0.47355979681015
1921	0.4746281057596205
1922	0.475703328847885
1923	0.4766552150249485
1924	0.477604031562805
1925	0.478515550494194
1926	0.479322850704193
1927	0.4802089482545855
1928	0.4811886250972745
1929	0.482063502073288
1930	0.4828928709030155
1931	0.4836775511503215
1932	0.4844506680965425
1933	0.4852268546819685
1934	0.4859045296907425
1935	0.4866115897893905
1936	0.487336739897728
1937	0.488070622086525
1938	0.488727241754532
1939	0.4893391877412795
1940	0.4898579120635985
1941	0.4903417825698855
1942	0.490900844335556
1943	0.4914835542440415
1944	0.4920189529657365
1945	0.4925180673599245
1946	0.492986857891083
1947	0.4934438318014145
1948	0.4938608258962635
1949	0.494358912110329
1950	0.494892939925194
1951	0.495349332690239
1952	0.495757430791855
1953	0.496230661869049
1954	0.4966963082551955
1955	0.4970436692237855
1956	0.497459813952446
1957	0.497953727841377
1958	0.498406246304512
1959	0.498827263712883
1960	0.499258533120155
1961	0.499820351600647
1962	0.500315472483635
1963	0.5007166266441345
1964	0.5010932832956315
1965	0.5014464557170866
1966	0.5018599033355715
1967	0.502279430627823
1968	0.502791181206703
1969	0.5032923966646194
1970	0.503854602575302
1971	0.5042187869548795
1972	0.5045249462127686
1973	0.5049797892570496
1974	0.505472809076309
1975	0.505824208259583
1976	0.506181538105011
1977	0.506636828184128
1978	0.507047861814499
1979	0.5073010921478269
1980	0.5077540278434756
1981	0.508415848016739
1982	0.5088518857955935
1983	0.5092177093029024
1984	0.509650707244873
1985	0.5100215673446655
1986	0.5104421675205231
1987	0.510851502418518
1988	0.5111994445323945
1989	0.5116540193557739
1990	0.5121592581272125
1991	0.5125700831413269
1992	0.5129832327365875
1993	0.513466447591782
1994	0.513937085866928
1995	0.5142880380153655
1996	0.5147599279880525
1997	0.515249490737915
1998	0.5156889855861659
1999	0.51616358757019
2000	0.5165695548057561
2001	0.517012238502502
2002	0.5174664556980135
2003	0.517863422632217
2004	0.5182404220104215
2005	0.518657863140106
2006	0.519044131040573
2007	0.5194260478019714
2008	0.519909203052521
2009	0.5203347206115725
2010	0.520820677280426
2011	0.5213950574398041
2012	0.5218516588211055
2013	0.5222463011741635
2014	0.522634118795395
2015	0.5230880081653595
2016	0.5234305560588834
2017	0.523797869682312
2018	0.524276703596115
2019	0.524752289056778
2020	0.5249990224838259
2021	0.5253576040267944
2022	0.5257394909858706
2023	0.5260817408561704
2024	0.5265313982963564
2025	0.52696692943573
2026	0.5273899734020235
2027	0.5279090106487274
2028	0.5282524824142455
2029	0.528359353542328
2030	0.528716295957565
2031	0.5290868878364561
2032	0.529548943042755
2033	0.5301325023174286
2034	0.5306107699871065
2035	0.5308085381984711
2036	0.5309621393680575
2037	0.5312881767749784
2038	0.531534403562546
2039	0.5318344831466675
2040	0.532286494970322
2041	0.5326446294784545
2042	0.5329787731170654
2043	0.5332529842853545
2044	0.533535420894623
2045	0.533626049757004
2046	0.533818334341049
2047	0.534184992313385
2048	0.5344908833503725
2049	0.534730792045593
2050	0.5350638628005979
2051	0.535406798124313
2052	0.535648435354233
2053	0.5359324216842649
2054	0.5362226963043215
2055	0.5363793075084685
2056	0.5365369915962219
2057	0.536648213863373
2058	0.5370336174964905
2059	0.537374794483185
2060	0.5374698638916016
2061	0.5375931859016414
2062	0.5377272963523865
2063	0.5378137528896335
2064	0.5381133854389191
2065	0.538305848836899
2066	0.538569301366806
2067	0.538780301809311
2068	0.5389117896556854
2069	0.5390638113021851
2070	0.5392186343669895
2071	0.5394999980926515
2072	0.5396831333637235
2073	0.539754658937454
2074	0.540008097887039
2075	0.5402615964412689
2076	0.5403992533683775
2077	0.5405890345573425
2078	0.540856659412384
2079	0.541202485561371
2080	0.5414284467697146
2081	0.541678726673126
2082	0.5419053733348845
2083	0.5419400930404661
2084	0.5420957505702975
2085	0.5423522293567655
2086	0.542679250240326
2087	0.5428422391414645
2088	0.5430465936660764
2089	0.5432687997817995
2090	0.543517142534256
2091	0.5436622500419614
2092	0.543727517127991
2093	0.543897122144699
2094	0.5440583825111389
2095	0.544186145067215
2096	0.5444001257419591
2097	0.5445698797702785
2098	0.5445685088634491
2099	0.5447168648242955
2100	0.5449784696102145
2101	0.5452453196048734
2102	0.5454073548316956
2103	0.545657128095627
2104	0.5458744764328005
2105	0.5459902286529541
2106	0.546215683221817
2107	0.5465134084224705
2108	0.5467982292175295
2109	0.547118604183197
2110	0.5474531054496765
2111	0.5478774905204775
2112	0.548162579536438
2113	0.5483804643154144
2114	0.548571974039078
2115	0.548615425825119
2116	0.548772692680359
2117	0.5490673780441285
2118	0.5493356883525845
2119	0.549674719572067
2120	0.550063759088516
2121	0.5503278374671935
2122	0.5504603087902065
2123	0.5507370829582214
2124	0.5511147081851959
2125	0.551287889480591
2126	0.551336646080017
2127	0.551566123962402
2128	0.5517911911010744
2129	0.5519110858440399
2130	0.5521689355373385
2131	0.552365720272064
2132	0.552369177341461
2133	0.552403032779694
2134	0.5526750087738035
2135	0.552697479724884
2136	0.5526814758777621
2137	0.5526573061943054
2138	0.5525698363780975
2139	0.5523524880409241
2140	0.552341192960739
2141	0.5525256097316745
2142	0.55235230922699
2143	0.5520860254764555
2144	0.5518503189086915
2145	0.5513106286525724
2146	0.5509279668331151
2147	0.5507667660713196
2148	0.550493896007538
2149	0.5500753223896024
2150	0.5498042702674866
2151	0.549570471048355
2152	0.549053400754929
2153	0.548569619655609
2154	0.5481091439723971
2155	0.547609746456146
2156	0.5471128225326535
2157	0.546596139669418
2158	0.546061307191849
2159	0.5454346835613255
2160	0.5447292327880855
2161	0.544097363948822
2162	0.543388158082962
2163	0.5427485108375549
2164	0.5423480868339541
2165	0.541663706302643
2166	0.5407494902610774
2167	0.5399462282657626
2168	0.5392299890518185
2169	0.5384699106216435
2170	0.5377761423587795
2171	0.537254333496094
2172	0.5366731882095335
2173	0.5359995067119595
2174	0.535350501537323
2175	0.5348765850067141
2176	0.5342002213001256
2177	0.5333049893379215
2178	0.5325845777988429
2179	0.5320127904415131
2180	0.5311667025089265
2181	0.530080080032349
2182	0.529273360967636
2183	0.5284469127655029
2184	0.52759113907814
2185	0.5268251299858095
2186	0.5263773798942565
2187	0.525476813316345
2188	0.5243719816207885
2189	0.523653745651245
2190	0.522767961025238
2191	0.5217960476875305
2192	0.5207147896289825
2193	0.5199160575866695
2194	0.5191256403923035
2195	0.518254399299622
2196	0.517638981342316
2197	0.5168745517730711
2198	0.5157786905765535
2199	0.5149305462837219
2200	0.514329195022583
2201	0.5135769844055175
2202	0.5126684010028835
2203	0.5119969546794896
2204	0.51158732175827
2205	0.5108235478401185
2206	0.5101336538791654
2207	0.509907811880112
2208	0.5096434652805325
2209	0.5093035101890565
2210	0.5092452764511111
2211	0.5094096958637235
2212	0.5097059905529024
2213	0.5102340281009675
2214	0.5106501281261445
2215	0.511259078979492
2216	0.511683791875839
2217	0.5119421184062956
2218	0.512310177087784
2219	0.512676179409027
2220	0.513077586889267
2221	0.5135641992092135
2222	0.5139626860618589
2223	0.5144400000572205
2224	0.514734447002411
2225	0.5147430598735809
2226	0.5149564743041996
2227	0.5153601169586179
2228	0.515672653913498
2229	0.5158883631229401
2230	0.5160210132598875
2231	0.5161885023117065
2232	0.5164095163345335
2233	0.516525059938431
2234	0.516807049512863
2235	0.5170197784900665
2236	0.5169810354709625
2237	0.517062783241272
2238	0.517445653676987
2239	0.5175497829914095
2240	0.5172550678253176
2241	0.517355680465698
2242	0.5177706778049469
2243	0.5177903771400455
2244	0.5176992118358614
2245	0.5178188979625704
2246	0.5177609026432035
2247	0.5177273750305175
2248	0.517874747514725
2249	0.5181151628494265
2250	0.5180183947086335
2251	0.518158257007599
2252	0.518421769142151
2253	0.5184620320796964
2254	0.518565058708191
2255	0.518754720687866
2256	0.5189124643802645
2257	0.51908814907074
2258	0.519371837377548
2259	0.5197847187519076
2260	0.519964933395386
2261	0.520024359226227
2262	0.5203556716442105
2263	0.5206442177295685
2264	0.520954817533493
2265	0.521702736616135
2266	0.522010952234268
2267	0.5217717289924619
2268	0.5220043659210205
2269	0.5225567817687985
2270	0.522755712270737
2271	0.5227942764759066
2272	0.5230789482593534
2273	0.52327236533165
2274	0.5235522091388705
2275	0.523824483156204
2276	0.523985594511032
2277	0.523812234401703
2278	0.5236248075962071
2279	0.5238344669342041
2280	0.524172782897949
2281	0.5240123569965365
2282	0.5237023234367371
2283	0.5235788524150845
2284	0.5232550203800199
2285	0.5231205224990845
2286	0.523241251707077
2287	0.5232313573360445
2288	0.523208051919937
2289	0.5231096446514125
2290	0.522962182760239
2291	0.5229694247245791
2292	0.5229582488536835
2293	0.5228198170661931
2294	0.5228509902954099
2295	0.522790849208832
2296	0.5223843455314635
2297	0.522264361381531
2298	0.5222771763801575
2299	0.5223261415958405
2300	0.5226585566997526
2301	0.5227854549884795
2302	0.5229435563087466
2303	0.522868126630783
2304	0.522895246744156
2305	0.5226663649082185
2306	0.522474378347397
2307	0.5226889252662661
2308	0.522764205932617
2309	0.522463321685791
2310	0.52210333943367
2311	0.5221705138683319
2312	0.522288352251053
2313	0.5220450162887575
2314	0.522098660469055
2315	0.5223495066165925
2316	0.5223709344863895
2317	0.522249072790146
2318	0.5223053097724915
2319	0.522354334592819
2320	0.522334516048431
2321	0.5224834680557251
2322	0.5223980247974396
2323	0.5218658447265625
2324	0.5218989849090575
2325	0.522397994995117
2326	0.5224167108535764
2327	0.5224710702896116
2328	0.522405594587326
2329	0.5217944979667666
2330	0.5214546918869021
2331	0.5215077698230746
2332	0.521494388580322
2333	0.521063357591629
2334	0.5210773050785065
2335	0.5216287672519685
2336	0.521749347448349
2337	0.521285653114319
2338	0.5213620960712431
2339	0.521420508623123
2340	0.5212577283382416
2341	0.521180272102356
2342	0.521083503961563
2343	0.520810931921005
2344	0.5202631652355195
2345	0.520220786333084
2346	0.5209437906742095
2347	0.5209882259368895
2348	0.5205376148223875
2349	0.520771712064743
2350	0.5207268297672275
2351	0.520284950733185
2352	0.5205438137054439
2353	0.520890325307846
2354	0.5208364129066465
2355	0.520820736885071
2356	0.520914822816849
2357	0.5205993950366975
2358	0.5199323892593385
2359	0.5199922919273375
2360	0.520492881536484
2361	0.520606309175491
2362	0.5208607614040375
2363	0.5209783911705019
2364	0.5206573009490965
2365	0.5205723345279689
2366	0.5207300782203674
2367	0.520810753107071
2368	0.5206824839115145
2369	0.5206932425498965
2370	0.5211993753910065
2371	0.5211260616779325
2372	0.5205451250076295
2373	0.5203023850917815
2374	0.5198957324028015
2375	0.519619256258011
2376	0.5195780098438261
2377	0.5198925137519841
2378	0.5201956033706665
2379	0.519554495811462
2380	0.5191350877285006
2381	0.519741594791412
2382	0.519743949174881
2383	0.519090861082077
2384	0.518574982881546
2385	0.5178722739219666
2386	0.5177172720432279
2387	0.5183097422122955
2388	0.5183217823505405
2389	0.5182070434093475
2390	0.518344968557358
2391	0.5181296467781065
2392	0.517997860908508
2393	0.5179668366909025
2394	0.517650306224823
2395	0.5169980823993685
2396	0.516529440879822
2397	0.5164363384246825
2398	0.516380131244659
2399	0.5163403153419495
2400	0.5163697004318235
2401	0.51650208234787
2402	0.516400873661041
2403	0.5161676406860355
2404	0.516008585691452
2405	0.515836000442505
2406	0.515830934047699
2407	0.515539288520813
2408	0.5150468051433565
2409	0.514924317598343
2410	0.514575868844986
2411	0.5142523944377899
2412	0.514599710702896
2413	0.5145580768585205
2414	0.513577491044998
2415	0.5128596127033229
2416	0.5127061903476715
2417	0.512385070323944
2418	0.5122817158699036
2419	0.5120601654052734
2420	0.5112400650978091
2421	0.510903120040894
2422	0.5111376941204075
2423	0.5110654532909396
2424	0.5104756951332095
2425	0.509763181209564
2426	0.509205937385559
2427	0.5086343586444855
2428	0.5076552927494049
2429	0.5072517395019536
2430	0.5073151588439945
2431	0.5068952441215515
2432	0.5071521103382111
2433	0.507187604904175
2434	0.5071137249469755
2435	0.5064941048622129
2436	0.505350649356842
2437	0.5047484040260315
2438	0.5040270388126376
2439	0.5031296610832214
2440	0.502609819173813
2441	0.5023856759071355
2442	0.501936584711075
2443	0.5013543516397475
2444	0.5008582472801211
2445	0.5008913576602936
2446	0.501348540186882
2447	0.501043677330017
2448	0.500976487994194
2449	0.5007320940494535
2450	0.4991308748722075
2451	0.49894891679287
2452	0.500525921583176
2453	0.5000911802053449
2454	0.498651698231697
2455	0.498020172119141
2456	0.496280014514923
2457	0.4959907680749895
2458	0.4979512989521025
2459	0.49782769382
2460	0.4967587739229205
2461	0.4966278821229935
2462	0.4956503361463545
2463	0.495089039206505
2464	0.496123790740967
2465	0.4961060881614685
2466	0.4948235750198365
2467	0.4944621473550795
2468	0.49480277299881
2469	0.494108080863953
2470	0.492013841867447
2471	0.492981776595116
2472	0.4966380298137665
2473	0.496628612279892
2474	0.496643617749214
2475	0.4968699961900715
2476	0.493804559111595
2477	0.4917526841163635
2478	0.4912778437137605
2479	0.4908809661865235
2480	0.489173173904419
2481	0.4887641072273255
2482	0.491120457649231
2483	0.492015838623047
2484	0.492125302553177
2485	0.4917293787002565
2486	0.49088591337204
2487	0.4907607883214955
2488	0.490531161427498
2489	0.4894015043973925
2490	0.4877441823482515
2491	0.4875248968601225
2492	0.486710116267204
2493	0.486708953976631
2494	0.49019230902195
2495	0.4906480610370635
2496	0.488483026623726
2497	0.487879365682602
2498	0.486115485429764
2499	0.4865198731422425
2500	0.490529775619507
