350	0.102514982223511
351	0.100907571613789
352	0.0955261662602425
353	0.0951855480670929
354	0.0982464179396629
355	0.0976551398634911
356	0.0974434092640877
357	0.0973544865846634
358	0.0965736582875252
359	0.0970770418643951
360	0.0968927666544914
361	0.0953102111816406
362	0.0963745787739754
363	0.0984906554222107
364	0.100260071456432
365	0.100379474461079
366	0.0993413329124451
367	0.0978638827800751
368	0.0969869494438171
369	0.0987864807248116
370	0.101203262805939
371	0.10155488550663
372	0.101904921233654
373	0.102994024753571
374	0.104619406163692
375	0.104181870818138
376	0.10358302295208
377	0.103685408830643
378	0.10390804708004
379	0.1047328338027
380	0.105679236352444
381	0.105729907751083
382	0.106141306459904
383	0.107548631727695
384	0.109905801713467
385	0.109771750867367
386	0.108718112111092
387	0.108442232012749
388	0.109750337898731
389	0.110029272735119
390	0.109209336340427
391	0.110917903482914
392	0.111953891813755
393	0.112101793289185
394	0.112547889351845
395	0.113013930618763
396	0.113468199968338
397	0.113901451230049
398	0.114243797957897
399	0.114510588347912
400	0.11479065567255
401	0.115351840853691
402	0.1160983517766
403	0.11686135083437
404	0.117295667529106
405	0.117975942790508
406	0.118803322315216
407	0.119343847036362
408	0.119375355541706
409	0.119265407323837
410	0.119502246379852
411	0.120363488793373
412	0.121140621602535
413	0.121468089520931
414	0.122010506689548
415	0.12302665412426
416	0.124145679175854
417	0.123985484242439
418	0.124077506363392
419	0.124728441238403
420	0.125690817832947
421	0.126458525657654
422	0.12684029340744
423	0.126864805817604
424	0.127238020300865
425	0.127749145030975
426	0.128256678581238
427	0.129129469394684
428	0.129905879497528
429	0.130468800663948
430	0.131106734275818
431	0.131875947117805
432	0.132692888379097
433	0.133385688066483
434	0.13421043753624
435	0.134992450475693
436	0.135541304945946
437	0.136263623833656
438	0.136953487992287
439	0.137531921267509
440	0.138449370861053
441	0.139260649681091
442	0.139934509992599
443	0.140998989343643
444	0.141756519675255
445	0.142288237810135
446	0.143039882183075
447	0.143582314252853
448	0.144143030047417
449	0.144999489188194
450	0.145845860242844
451	0.14659520983696
452	0.147242471575737
453	0.147921398282051
454	0.148678436875343
455	0.149470895528793
456	0.150140479207039
457	0.150782451033592
458	0.151366576552391
459	0.151817202568054
460	0.152156487107277
461	0.15260736644268
462	0.153338864445686
463	0.154034927487373
464	0.154652491211891
465	0.155187845230103
466	0.155645802617073
467	0.156189903616905
468	0.156797975301743
469	0.157239735126495
470	0.157778739929199
471	0.158437266945839
472	0.159126922488213
473	0.15961267054081
474	0.160072013735771
475	0.160668388009071
476	0.16113555431366
477	0.161581099033356
478	0.162100628018379
479	0.162768259644508
480	0.163349121809006
481	0.163860440254211
482	0.164540678262711
483	0.165159001946449
484	0.16568686068058
485	0.166176185011864
486	0.166742205619812
487	0.167386636137962
488	0.168077766895294
489	0.168733984231949
490	0.169416531920433
491	0.170118674635887
492	0.170677170157433
493	0.171309813857079
494	0.172058016061783
495	0.172848656773567
496	0.173643827438354
497	0.174332857131958
498	0.174837321043015
499	0.175474181771278
500	0.176215499639511
501	0.176987171173096
502	0.17773050069809
503	0.178473129868507
504	0.179236024618149
505	0.180050402879715
506	0.180777609348297
507	0.1814846098423
508	0.182346433401108
509	0.183051988482475
510	0.183711767196655
511	0.184498533606529
512	0.18530660867691
513	0.18609856069088
514	0.186847552657127
515	0.187506049871445
516	0.188248991966248
517	0.189096450805664
518	0.189901739358902
519	0.190701127052307
520	0.191503703594208
521	0.192311584949493
522	0.193117573857307
523	0.193919911980629
524	0.194724187254906
525	0.195565983653069
526	0.196415185928345
527	0.197250783443451
528	0.198081701993942
529	0.198914304375648
530	0.19976644217968
531	0.200673177838326
532	0.201571404933929
533	0.202461928129196
534	0.203367695212364
535	0.204278960824013
536	0.205222338438034
537	0.206200540065765
538	0.207103952765465
539	0.20803502202034
540	0.209029734134674
541	0.210008293390274
542	0.211039334535599
543	0.21209342777729
544	0.213083490729332
545	0.214098036289215
546	0.215183347463608
547	0.216342106461525
548	0.21737714111805
549	0.218473389744759
550	0.219737067818642
551	0.220998272299767
552	0.222281783819199
553	0.223631411790848
554	0.225135162472725
555	0.226622939109802
556	0.228027760982513
557	0.229338303208351
558	0.230674266815186
559	0.231988430023193
560	0.233255684375763
561	0.234667107462883
562	0.236054450273514
563	0.237338289618492
564	0.238622039556503
565	0.239870980381966
566	0.241113990545273
567	0.242412850260735
568	0.243667080998421
569	0.244895324110985
570	0.246144622564316
571	0.247367054224014
572	0.248532131314278
573	0.249649152159691
574	0.250841557979584
575	0.252075284719467
576	0.253301620483398
577	0.25445219874382
578	0.255615621805191
579	0.256784051656723
580	0.257912695407867
581	0.259020417928696
582	0.260087192058563
583	0.261097371578217
584	0.262061208486557
585	0.263026028871536
586	0.264017790555954
587	0.265007972717285
588	0.265989005565643
589	0.266955226659775
590	0.2679044008255
591	0.268743127584457
592	0.269480735063553
593	0.270167380571365
594	0.270853847265244
595	0.271480768918991
596	0.272044271230698
597	0.272792875766754
598	0.273636549711227
599	0.27448982000351
600	0.275288134813309
601	0.276101976633072
602	0.276938199996948
603	0.277779340744019
604	0.278514891862869
605	0.279233127832413
606	0.280017495155334
607	0.280752003192902
608	0.281475901603699
609	0.282211601734161
610	0.282945930957794
611	0.283622056245804
612	0.284279614686966
613	0.285020262002945
614	0.285711139440537
615	0.286339461803436
616	0.286937326192856
617	0.287627041339874
618	0.288305878639221
619	0.28891196846962
620	0.28953692317009
621	0.290189653635025
622	0.290849089622498
623	0.291462510824203
624	0.292099297046661
625	0.29272323846817
626	0.293275386095047
627	0.2938631772995
628	0.294451236724854
629	0.295017778873444
630	0.295657157897949
631	0.296291708946228
632	0.296891063451767
633	0.297488182783127
634	0.298070579767227
635	0.29864838719368
636	0.299237251281738
637	0.299823731184006
638	0.3004330098629
639	0.301072180271149
640	0.30164635181427
641	0.30223485827446
642	0.302852690219879
643	0.303379505872726
644	0.303908795118332
645	0.304470390081406
646	0.305060565471649
647	0.305596143007278
648	0.306134223937988
649	0.306744903326035
650	0.307321280241013
651	0.307856172323227
652	0.308380514383316
653	0.308999717235565
654	0.309600949287415
655	0.310144871473312
656	0.310644567012787
657	0.311176061630249
658	0.311742633581162
659	0.312313705682755
660	0.31282976269722
661	0.313360989093781
662	0.313938587903976
663	0.314452171325684
664	0.314971685409546
665	0.315521836280823
666	0.316085487604141
667	0.316624313592911
668	0.31714990735054
669	0.317694038152695
670	0.318245947360992
671	0.318801760673523
672	0.319366842508316
673	0.319980770349503
674	0.320527255535126
675	0.321022301912308
676	0.321667432785034
677	0.32220584154129
678	0.32269674539566
679	0.323315650224686
680	0.323909640312195
681	0.324476331472397
682	0.325035661458969
683	0.325597047805786
684	0.326191514730453
685	0.3268161714077
686	0.32742577791214
687	0.328020125627518
688	0.328619480133057
689	0.329255998134613
690	0.329869776964188
691	0.330476939678192
692	0.331100851297379
693	0.331724435091019
694	0.332317888736725
695	0.332889407873154
696	0.333505153656006
697	0.334119439125061
698	0.334728807210922
699	0.335344433784485
700	0.335938930511475
701	0.336534202098846
702	0.337145358324051
703	0.337716519832611
704	0.338302403688431
705	0.338916659355164
706	0.339502990245819
707	0.340050935745239
708	0.34058952331543
709	0.341171264648438
710	0.341710895299912
711	0.342242568731308
712	0.342816799879074
713	0.343445152044296
714	0.344017595052719
715	0.344524800777435
716	0.345150113105774
717	0.345693230628967
718	0.346187949180603
719	0.346779018640518
720	0.347292333841324
721	0.347798585891724
722	0.348376870155334
723	0.34892749786377
724	0.349490791559219
725	0.350067347288132
726	0.350580334663391
727	0.351127505302429
728	0.351707965135574
729	0.35227569937706
730	0.352832913398743
731	0.353358268737793
732	0.353848278522491
733	0.354366093873978
734	0.354870617389679
735	0.355362147092819
736	0.355909556150436
737	0.35642072558403
738	0.356923818588257
739	0.357495218515396
740	0.358046501874924
741	0.358582675457001
742	0.35911825299263
743	0.359641820192337
744	0.360160559415817
745	0.360676109790802
746	0.361185103654861
747	0.361713260412216
748	0.362255454063416
749	0.362794697284698
750	0.363326281309128
751	0.36383381485939
752	0.364317506551743
753	0.364822000265121
754	0.365329384803772
755	0.365838825702667
756	0.36636745929718
757	0.366914361715317
758	0.36745411157608
759	0.367954045534134
760	0.368419140577316
761	0.368889987468719
762	0.36939325928688
763	0.369924992322922
764	0.37042510509491
765	0.370878130197525
766	0.371308118104935
767	0.371788710355759
768	0.372308164834976
769	0.372819095849991
770	0.373233199119568
771	0.373691082000732
772	0.374239802360535
773	0.374688804149628
774	0.375151365995407
775	0.375649333000183
776	0.376149237155914
777	0.376557260751724
778	0.376945286989212
779	0.377397269010544
780	0.377876490354538
781	0.378346621990204
782	0.378791838884354
783	0.379227697849274
784	0.379703223705292
785	0.380189448595047
786	0.380622267723084
787	0.381005853414536
788	0.381382942199707
789	0.381792813539505
790	0.382245302200317
791	0.382662892341614
792	0.383045464754105
793	0.383476585149765
794	0.383838653564453
795	0.384180307388306
796	0.384589821100235
797	0.385015696287155
798	0.385414838790894
799	0.385773777961731
800	0.386133402585983
801	0.386565178632736
802	0.387023717164993
803	0.387381851673126
804	0.387758910655975
805	0.388120472431183
806	0.388427376747131
807	0.388773947954178
808	0.389140963554382
809	0.389494478702545
810	0.389772802591324
811	0.390102744102478
812	0.390478610992432
813	0.390834093093872
814	0.391154646873474
815	0.391484349966049
816	0.391836881637573
817	0.392103254795074
818	0.392421334981918
819	0.392781555652618
820	0.393043249845505
821	0.393363177776337
822	0.393690168857574
823	0.393941521644592
824	0.394173562526703
825	0.394427716732025
826	0.394722640514374
827	0.395045667886734
828	0.395327717065811
829	0.395586162805557
830	0.395877927541733
831	0.396143436431885
832	0.396410524845123
833	0.396692276000977
834	0.39690950512886
835	0.39714515209198
836	0.397407501935959
837	0.39763417840004
838	0.397882521152496
839	0.398136913776398
840	0.398376524448395
841	0.398673534393311
842	0.398941278457642
843	0.399154245853424
844	0.39941269159317
845	0.399646162986755
846	0.399859607219696
847	0.400091856718063
848	0.400368750095367
849	0.400626182556152
850	0.400819838047028
851	0.400996863842011
852	0.401196897029877
853	0.401433140039444
854	0.401693224906921
855	0.401912599802017
856	0.402114361524582
857	0.402339637279511
858	0.402597963809967
859	0.40277886390686
860	0.402900457382202
861	0.403186053037643
862	0.403445333242416
863	0.403650790452957
864	0.403840571641922
865	0.404064834117889
866	0.404317706823349
867	0.404571950435638
868	0.40475657582283
869	0.404949843883514
870	0.405157536268234
871	0.405344635248184
872	0.405573517084122
873	0.405823439359665
874	0.406072825193405
875	0.406364887952805
876	0.406598061323166
877	0.406777948141098
878	0.407024145126343
879	0.407239675521851
880	0.407426476478577
881	0.407616794109344
882	0.407842695713043
883	0.408133149147034
884	0.408465504646301
885	0.408737510442734
886	0.408983558416367
887	0.409213215112686
888	0.409436374902725
889	0.409702718257904
890	0.4099460542202
891	0.410142987966537
892	0.41039177775383
893	0.410681962966919
894	0.410979330539703
895	0.411229878664017
896	0.411415666341782
897	0.41164231300354
898	0.411964684724808
899	0.412221640348434
900	0.412443935871124
901	0.412673115730286
902	0.412960946559906
903	0.413227945566177
904	0.413482129573822
905	0.413749188184738
906	0.414038181304932
907	0.414297878742218
908	0.414535462856293
909	0.414830058813095
910	0.41509810090065
911	0.415372014045715
912	0.415685623884201
913	0.415861159563065
914	0.41610398888588
915	0.416483849287033
916	0.416834056377411
917	0.417085647583008
918	0.41732582449913
919	0.417682826519012
920	0.418010711669922
921	0.418265461921692
922	0.41847026348114
923	0.418761789798737
924	0.419062554836273
925	0.419369727373123
926	0.419704467058182
927	0.420038729906082
928	0.420372635126114
929	0.420702517032623
930	0.421001583337784
931	0.421360403299332
932	0.421731948852539
933	0.421996891498566
934	0.422244608402252
935	0.422524392604828
936	0.422859579324722
937	0.423234224319458
938	0.423535317182541
939	0.423801869153976
940	0.424171328544617
941	0.424461334943771
942	0.424743682146072
943	0.42508664727211
944	0.425405770540237
945	0.425664514303207
946	0.425897836685181
947	0.42620187997818
948	0.426571995019913
949	0.426928669214249
950	0.427212834358215
951	0.427483588457108
952	0.427837580442429
953	0.428253889083862
954	0.428603023290634
955	0.428891450166702
956	0.429176688194275
957	0.429489254951477
958	0.429693788290024
959	0.429998725652695
960	0.430422931909561
961	0.430802464485168
962	0.431088894605637
963	0.431325286626816
964	0.431576937437058
965	0.431859910488129
966	0.432247519493103
967	0.43266972899437
968	0.432922601699829
969	0.433230072259903
970	0.433648407459259
971	0.434130847454071
972	0.434411287307739
973	0.434697210788727
974	0.4350725710392
975	0.435491293668747
976	0.435777604579926
977	0.436033338308334
978	0.436379134654999
979	0.436732828617096
980	0.437071293592453
981	0.437382191419601
982	0.437667638063431
983	0.438060969114304
984	0.438490748405457
985	0.438851445913315
986	0.43908417224884
987	0.439398914575577
988	0.4398133456707
989	0.440178960561752
990	0.440425604581833
991	0.440680354833603
992	0.441041976213455
993	0.441388249397278
994	0.441645592451096
995	0.441868960857391
996	0.442203044891357
997	0.442573875188828
998	0.442924439907074
999	0.443226605653763
1000	0.443524718284607
1001	0.442633301019669
1002	0.442662686109543
1003	0.442837595939636
1004	0.443038880825043
1005	0.443280220031738
1006	0.443632632493973
1007	0.443907976150513
1008	0.44420138001442
1009	0.444436132907867
1010	0.444642335176468
1011	0.444819897413254
1012	0.44492968916893
1013	0.445068001747131
1014	0.445130050182343
1015	0.445292949676514
1016	0.445516318082809
1017	0.445779740810394
1018	0.446080952882767
1019	0.446552991867065
1020	0.446825444698334
1021	0.447073429822922
1022	0.447239905595779
1023	0.447145640850067
1024	0.447303265333176
1025	0.447656065225601
1026	0.447828352451324
1027	0.448084563016891
1028	0.448190063238144
1029	0.448355227708817
1030	0.448310136795044
1031	0.448529958724976
1032	0.448963731527328
1033	0.449250340461731
1034	0.449600368738174
1035	0.449813812971115
1036	0.449894219636917
1037	0.450040578842163
1038	0.450132578611374
1039	0.450267940759659
1040	0.450426399707794
1041	0.450631856918335
1042	0.450810194015503
1043	0.450984984636307
1044	0.451151430606842
1045	0.45132577419281
1046	0.451481819152832
1047	0.451564013957977
1048	0.451774746179581
1049	0.452150404453278
1050	0.452325910329819
1051	0.45243301987648
1052	0.452587783336639
1053	0.452600806951523
1054	0.452684462070465
1055	0.452840924263
1056	0.453084200620651
1057	0.453249484300613
1058	0.453363031148911
1059	0.453526556491852
1060	0.453722327947617
1061	0.453892290592194
1062	0.454066753387451
1063	0.454226672649384
1064	0.454345047473907
1065	0.454501897096634
1066	0.45464763045311
1067	0.454842031002045
1068	0.455096811056137
1069	0.455371201038361
1070	0.455518215894699
1071	0.455589294433594
1072	0.455758899450302
1073	0.45585823059082
1074	0.456055283546448
1075	0.456484019756317
1076	0.456648468971252
1077	0.456610053777695
1078	0.456716328859329
1079	0.456763237714767
1080	0.456893295049667
1081	0.457148104906082
1082	0.45742928981781
1083	0.457627445459366
1084	0.457641303539276
1085	0.457808166742325
1086	0.45800057053566
1087	0.458156913518906
1088	0.458366692066193
1089	0.458548247814178
1090	0.458645313978195
1091	0.458785861730576
1092	0.458985775709152
1093	0.459145218133926
1094	0.459281861782074
1095	0.459441542625427
1096	0.459677845239639
1097	0.459734916687012
1098	0.459869772195816
1099	0.46002659201622
1100	0.460157573223114
1101	0.460286796092987
1102	0.46043586730957
1103	0.46056866645813
1104	0.460696786642075
1105	0.460828632116318
1106	0.46098405122757
1107	0.461161136627197
1108	0.461302101612091
1109	0.461449950933456
1110	0.461598515510559
1111	0.461608499288559
1112	0.461683869361877
1113	0.461926966905594
1114	0.462121546268463
1115	0.462263494729996
1116	0.462451279163361
1117	0.462610721588135
1118	0.46262788772583
1119	0.462748259305954
1120	0.463028818368912
1121	0.463160336017609
1122	0.46311742067337
1123	0.463271468877792
1124	0.463547974824905
1125	0.463681280612946
1126	0.463780403137207
1127	0.464032649993896
1128	0.464178025722504
1129	0.464266806840897
1130	0.46440464258194
1131	0.464628517627716
1132	0.464804291725159
1133	0.464956134557724
1134	0.465093374252319
1135	0.465270459651947
1136	0.465410351753235
1137	0.46542888879776
1138	0.465544909238815
1139	0.465741366147995
1140	0.465881079435349
1141	0.466050833463669
1142	0.466179311275482
1143	0.466221362352371
1144	0.466421902179718
1145	0.466546058654785
1146	0.466627866029739
1147	0.466763615608215
1148	0.466948449611664
1149	0.467040121555328
1150	0.467115819454193
1151	0.467253178358078
1152	0.467392534017563
1153	0.467415004968643
1154	0.467664062976837
1155	0.467860370874405
1156	0.467904895544052
1157	0.468086898326874
1158	0.468307584524155
1159	0.468472719192505
1160	0.468586176633835
1161	0.46871080994606
1162	0.468868494033813
1163	0.468945235013962
1164	0.469068706035614
1165	0.46932265162468
1166	0.469496935606003
1167	0.469557255506516
1168	0.469712346792221
1169	0.469925373792648
1170	0.470136076211929
1171	0.470309108495712
1172	0.470468550920486
1173	0.470651835203171
1174	0.470763951539993
1175	0.470927357673645
1176	0.471160441637039
1177	0.47127377986908
1178	0.471363455057144
1179	0.471499621868134
1180	0.471609503030777
1181	0.471766322851181
1182	0.472002536058426
1183	0.472174257040024
1184	0.472331196069717
1185	0.47246265411377
1186	0.472600728273392
1187	0.472812175750732
1188	0.472958117723465
1189	0.47303381562233
1190	0.473202735185623
1191	0.473381191492081
1192	0.473493188619614
1193	0.473695665597916
1194	0.473896443843842
1195	0.474057853221893
1196	0.474195301532745
1197	0.474385052919388
1198	0.474536448717117
1199	0.474605321884155
1200	0.474716752767563
1201	0.47493651509285
1202	0.475113123655319
1203	0.475185602903366
1204	0.475315451622009
1205	0.475488781929016
1206	0.475637584924698
1207	0.47582334280014
1208	0.476017594337463
1209	0.476169317960739
1210	0.476304471492767
1211	0.476455748081207
1212	0.47660705447197
1213	0.476775765419006
1214	0.476949989795685
1215	0.477096050977707
1216	0.477240294218063
1217	0.477413058280945
1218	0.477602541446686
1219	0.477719664573669
1220	0.477841526269913
1221	0.478019833564758
1222	0.47819846868515
1223	0.478405177593231
1224	0.478621989488602
1225	0.478750318288803
1226	0.478821903467178
1227	0.478967100381851
1228	0.479167520999908
1229	0.479371398687363
1230	0.479556709527969
1231	0.479737341403961
1232	0.479863107204437
1233	0.479943811893463
1234	0.480045050382614
1235	0.480148375034332
1236	0.480288833379745
1237	0.480462312698364
1238	0.480647206306458
1239	0.480820924043655
1240	0.480952531099319
1241	0.481081426143646
1242	0.481271296739578
1243	0.481462836265564
1244	0.481629401445389
1245	0.481830477714539
1246	0.482001602649689
1247	0.48211881518364
1248	0.482276737689972
1249	0.482405096292496
1250	0.482502847909927
1251	0.482524365186691
1252	0.482626378536224
1253	0.482860088348389
1254	0.483065664768219
1255	0.483213931322098
1256	0.483414769172668
1257	0.483613014221191
1258	0.483748376369476
1259	0.48387736082077
1260	0.484017729759216
1261	0.484129220247269
1262	0.484208673238754
1263	0.484352588653564
1264	0.484550982713699
1265	0.484686255455017
1266	0.484859138727188
1267	0.485101014375687
1268	0.485264271497726
1269	0.485409379005432
1270	0.485525965690613
1271	0.485675752162933
1272	0.485789716243744
1273	0.485963970422745
1274	0.486120998859406
1275	0.486186355352402
1276	0.486298799514771
1277	0.4864621758461
1278	0.486637562513351
1279	0.486802279949188
1280	0.486923962831497
1281	0.487025439739227
1282	0.487144649028778
1283	0.487330049276352
1284	0.487533628940582
1285	0.4876828789711
1286	0.487837553024292
1287	0.488017618656158
1288	0.48820024728775
1289	0.488345712423325
1290	0.488490790128708
1291	0.488605797290802
1292	0.488650470972061
1293	0.488700240850449
1294	0.488799721002579
1295	0.488956183195114
1296	0.489053875207901
1297	0.489088982343674
1298	0.489230543375015
1299	0.489400953054428
1300	0.489532053470612
1301	0.48973336815834
1302	0.489956051111221
1303	0.490052312612534
1304	0.49014949798584
1305	0.490363389253616
1306	0.490530401468277
1307	0.490633368492126
1308	0.490768164396286
1309	0.49099200963974
1310	0.491097509860992
1311	0.49115726351738
1312	0.491306692361832
1313	0.491486102342606
1314	0.491609334945679
1315	0.491706550121307
1316	0.491829305887222
1317	0.491948664188385
1318	0.492047041654587
1319	0.492182284593582
1320	0.492363065481186
1321	0.492528080940247
1322	0.492685675621033
1323	0.492836803197861
1324	0.493012368679047
1325	0.4932020008564
1326	0.493329048156738
1327	0.493423670530319
1328	0.493597954511642
1329	0.493800193071365
1330	0.493868380784988
1331	0.493961542844772
1332	0.494070529937744
1333	0.494170188903809
1334	0.494315057992935
1335	0.494448959827423
1336	0.494603872299194
1337	0.494737148284912
1338	0.494841396808624
1339	0.495016783475876
1340	0.495212703943253
1341	0.495326787233353
1342	0.495380073785782
1343	0.49542772769928
1344	0.49550387263298
1345	0.495623052120209
1346	0.495725095272064
1347	0.495832771062851
1348	0.49601674079895
1349	0.496175229549408
1350	0.496342957019806
1351	0.496451437473297
1352	0.496560782194138
1353	0.49666291475296
1354	0.496739894151688
1355	0.496886551380157
1356	0.497071802616119
1357	0.497222810983658
1358	0.497332841157913
1359	0.497410655021667
1360	0.497487515211105
1361	0.497519135475159
1362	0.497570425271988
1363	0.497679263353348
1364	0.497767984867096
1365	0.497860282659531
1366	0.497950106859207
1367	0.498031079769135
1368	0.498096287250519
1369	0.498151302337646
1370	0.498167037963867
1371	0.498126924037933
1372	0.498085469007492
1373	0.498042464256287
1374	0.497984528541565
1375	0.497912913560867
1376	0.497812002897263
1377	0.497730612754822
1378	0.497629553079605
1379	0.497493207454681
1380	0.497342079877853
1381	0.497189700603485
1382	0.497005224227905
1383	0.496793389320374
1384	0.496597617864609
1385	0.496401011943817
1386	0.496190458536148
1387	0.495940446853638
1388	0.495665788650513
1389	0.4953852891922
1390	0.495067417621613
1391	0.494739949703217
1392	0.494469195604324
1393	0.49419105052948
1394	0.493835180997849
1395	0.493452519178391
1396	0.493010282516479
1397	0.49258691072464
1398	0.492151349782944
1399	0.491701066493988
1400	0.491221785545349
1401	0.490821838378906
1402	0.490397930145264
1403	0.4898961186409
1404	0.489423424005508
1405	0.488932430744171
1406	0.488410651683807
1407	0.487907737493515
1408	0.487437218427658
1409	0.486989438533783
1410	0.486587285995483
1411	0.486268252134323
1412	0.486048817634583
1413	0.485898017883301
1414	0.485968500375748
1415	0.486300826072693
1416	0.486674010753632
1417	0.48719647526741
1418	0.487832635641098
1419	0.488406330347061
1420	0.489016681909561
1421	0.489699572324753
1422	0.490346610546112
1423	0.490932822227478
1424	0.491514503955841
1425	0.492161601781845
1426	0.492719799280167
1427	0.493200063705444
1428	0.493673622608185
1429	0.494192332029343
1430	0.494652152061462
1431	0.495062977075577
1432	0.495495706796646
1433	0.495944708585739
1434	0.496344476938248
1435	0.496717989444733
1436	0.49719962477684
1437	0.497675359249115
1438	0.498043537139893
1439	0.4984190762043
1440	0.49880912899971
1441	0.499200493097305
1442	0.49957412481308
1443	0.499920457601547
1444	0.500286817550659
1445	0.500596523284912
1446	0.50085461139679
1447	0.501174628734589
1448	0.501488447189331
1449	0.501761078834534
1450	0.50199556350708
1451	0.502215683460236
1452	0.502389013767242
1453	0.502586424350739
1454	0.502787053585052
1455	0.502945005893707
1456	0.503087103366852
1457	0.503266930580139
1458	0.503439962863922
1459	0.503571331501007
1460	0.503733098506927
1461	0.503897786140442
1462	0.504026889801025
1463	0.504184663295746
1464	0.504394710063934
1465	0.50457489490509
1466	0.504756093025208
1467	0.504964470863342
1468	0.505116820335388
1469	0.505311548709869
1470	0.505596220493317
1471	0.505858421325684
1472	0.506095767021179
1473	0.506336688995361
1474	0.506540536880493
1475	0.5067218542099
1476	0.506957411766052
1477	0.507250130176544
1478	0.507551789283752
1479	0.507793009281158
1480	0.507986962795258
1481	0.508199632167816
1482	0.508399784564972
1483	0.508537948131561
1484	0.50872814655304
1485	0.508948683738709
1486	0.50917649269104
1487	0.509438276290894
1488	0.509658873081207
1489	0.509903192520142
1490	0.510097920894623
1491	0.510223925113678
1492	0.510343432426453
1493	0.51044088602066
1494	0.510545969009399
1495	0.510630190372467
1496	0.51080197095871
1497	0.51098644733429
1498	0.511100232601166
1499	0.511261940002441
1500	0.511437654495239
1501	0.511588871479034
1502	0.511773765087128
1503	0.511940121650696
1504	0.512076735496521
1505	0.512251138687134
1506	0.512402057647705
1507	0.512510716915131
1508	0.512680470943451
1509	0.512854278087616
1510	0.513031661510468
1511	0.513244390487671
1512	0.513403475284576
1513	0.513526022434235
1514	0.513683676719666
1515	0.513857364654541
1516	0.513975024223328
1517	0.51409524679184
1518	0.514244198799133
1519	0.514357447624207
1520	0.514485895633698
1521	0.514627933502197
1522	0.514757454395294
1523	0.514927923679352
1524	0.515169739723206
1525	0.515349328517914
1526	0.515522658824921
1527	0.515677332878113
1528	0.515801668167114
1529	0.515895903110504
1530	0.515964806079865
1531	0.516069352626801
1532	0.516146302223206
1533	0.516229629516602
1534	0.516339302062988
1535	0.516448140144348
1536	0.516561508178711
1537	0.516669034957886
1538	0.516754925251007
1539	0.516902089118958
1540	0.517057716846466
1541	0.517191708087921
1542	0.51731926202774
1543	0.517419755458832
1544	0.51752108335495
1545	0.517646372318268
1546	0.517784953117371
1547	0.517892599105835
1548	0.517986297607422
1549	0.518098592758179
1550	0.518196642398834
1551	0.518335580825806
1552	0.518545627593994
1553	0.518728256225586
1554	0.518873155117035
1555	0.519068241119385
1556	0.519261479377747
1557	0.519362926483154
1558	0.519464015960693
1559	0.519598424434662
1560	0.519683063030243
1561	0.519720673561096
1562	0.519783616065979
1563	0.519872725009918
1564	0.519959807395935
1565	0.520058333873749
1566	0.520156443119049
1567	0.520316481590271
1568	0.520472645759583
1569	0.520516037940979
1570	0.520595967769623
1571	0.52071624994278
1572	0.520781755447388
1573	0.520853579044342
1574	0.520924866199493
1575	0.520988881587982
1576	0.521117448806763
1577	0.521313905715942
1578	0.521469354629517
1579	0.521673917770386
1580	0.521829068660736
1581	0.521926164627075
1582	0.522029936313629
1583	0.522117733955383
1584	0.522220253944397
1585	0.522326827049255
1586	0.522428274154663
1587	0.522535741329193
1588	0.522671282291412
1589	0.522807002067566
1590	0.522911131381989
1591	0.523035049438477
1592	0.523141443729401
1593	0.523195266723633
1594	0.523302555084229
1595	0.523445010185242
1596	0.523559987545013
1597	0.523633420467377
1598	0.523688435554504
1599	0.523755252361298
1600	0.523848414421082
1601	0.52398294210434
1602	0.52411949634552
1603	0.524233162403107
1604	0.524349808692932
1605	0.524445414543152
1606	0.524484097957611
1607	0.524560749530792
1608	0.524675667285919
1609	0.524773001670837
1610	0.524911820888519
1611	0.525020718574524
1612	0.525080740451813
1613	0.525197565555573
1614	0.525333642959595
1615	0.525426626205444
1616	0.525523126125336
1617	0.525629162788391
1618	0.525738477706909
1619	0.525880873203278
1620	0.526035666465759
1621	0.526184558868408
1622	0.52633148431778
1623	0.52644670009613
1624	0.526528060436249
1625	0.526620328426361
1626	0.526702523231506
1627	0.526742935180664
1628	0.526815414428711
1629	0.526976108551025
1630	0.527109444141388
1631	0.527159154415131
1632	0.527256309986115
1633	0.527361512184143
1634	0.527405142784119
1635	0.527505457401276
1636	0.527615487575531
1637	0.527662217617035
1638	0.527716159820557
1639	0.527854800224304
1640	0.528027713298798
1641	0.528111219406128
1642	0.528190135955811
1643	0.528280794620514
1644	0.528311729431152
1645	0.528355598449707
1646	0.528412342071533
1647	0.528470158576965
1648	0.528566420078278
1649	0.528699636459351
1650	0.528840839862823
1651	0.528939604759216
1652	0.529057264328003
1653	0.52921849489212
1654	0.529354989528656
1655	0.529444456100464
1656	0.529483199119568
1657	0.529550909996033
1658	0.529617547988892
1659	0.529663324356079
1660	0.529821574687958
1661	0.530000865459442
1662	0.530084669589996
1663	0.530181229114532
1664	0.530336737632751
1665	0.530462861061096
1666	0.530597627162933
1667	0.5307776927948
1668	0.530892550945282
1669	0.530949711799622
1670	0.530993640422821
1671	0.531042575836182
1672	0.531099498271942
1673	0.53119033575058
1674	0.531335055828094
1675	0.531424880027771
1676	0.531494677066803
1677	0.531566262245178
1678	0.531581282615662
1679	0.531583845615387
1680	0.531597375869751
1681	0.531640291213989
1682	0.531696975231171
1683	0.531818091869354
1684	0.531988382339478
1685	0.53207004070282
1686	0.532136976718903
1687	0.532272577285767
1688	0.532380640506744
1689	0.532434463500977
1690	0.53250789642334
1691	0.532573878765106
1692	0.532638072967529
1693	0.532755672931671
1694	0.532822787761688
1695	0.532854914665222
1696	0.532932102680206
1697	0.533020079135895
1698	0.533107340335846
1699	0.533184230327606
1700	0.53326141834259
1701	0.533323585987091
1702	0.533415734767914
1703	0.533543944358826
1704	0.533635675907135
1705	0.53376042842865
1706	0.533892154693604
1707	0.533975422382355
1708	0.534067034721375
1709	0.534132897853851
1710	0.534191906452179
1711	0.53427529335022
1712	0.534358382225037
1713	0.534454464912415
1714	0.534559547901154
1715	0.534668147563934
1716	0.53470915555954
1717	0.534668326377869
1718	0.534671604633331
1719	0.534738123416901
1720	0.534768104553223
1721	0.534763038158417
1722	0.534748136997223
1723	0.534688889980316
1724	0.534707725048065
1725	0.534785389900208
1726	0.534763872623444
1727	0.53479140996933
1728	0.534812569618225
1729	0.534767508506775
1730	0.534837484359741
1731	0.534901976585388
1732	0.534918785095215
1733	0.53497976064682
1734	0.535079896450043
1735	0.53518682718277
1736	0.535269618034363
1737	0.535411298274994
1738	0.535614371299744
1739	0.535710871219635
1740	0.535701632499695
1741	0.535750389099121
1742	0.535826802253723
1743	0.535851776599884
1744	0.535894811153412
1745	0.535955786705017
1746	0.535944044589996
1747	0.535902082920074
1748	0.535919189453125
1749	0.535976052284241
1750	0.535946071147919
1751	0.535851657390594
1752	0.5358846783638
1753	0.535952866077423
1754	0.535917282104492
1755	0.535942673683167
1756	0.53597104549408
1757	0.535959899425507
1758	0.535991668701172
1759	0.536011099815369
1760	0.535962581634521
1761	0.535983443260193
1762	0.536041617393494
1763	0.536077916622162
1764	0.53616988658905
1765	0.536169946193695
1766	0.536145329475403
1767	0.536255478858948
1768	0.536313474178314
1769	0.536311984062195
1770	0.536456644535065
1771	0.536568641662598
1772	0.536533236503601
1773	0.536570847034454
1774	0.536684691905975
1775	0.536750316619873
1776	0.536826193332672
1777	0.536867737770081
1778	0.536810755729675
1779	0.536835074424744
1780	0.53689706325531
1781	0.536910355091095
1782	0.537022173404694
1783	0.537092924118042
1784	0.537096977233887
1785	0.537211775779724
1786	0.537265658378601
1787	0.537223041057587
1788	0.537318348884583
1789	0.537488102912903
1790	0.537570416927338
1791	0.537600874900818
1792	0.537681877613068
1793	0.537822246551514
1794	0.537953674793243
1795	0.538108468055725
1796	0.538197815418243
1797	0.538158595561981
1798	0.538128972053528
1799	0.538158118724823
1800	0.538213610649109
1801	0.536488354206085
1802	0.537446737289429
1803	0.538099706172943
1804	0.539005756378174
1805	0.539816498756409
1806	0.540392875671387
1807	0.54089766740799
1808	0.541292548179626
1809	0.541617333889008
1810	0.542033135890961
1811	0.542379260063171
1812	0.542635083198547
1813	0.542941093444824
1814	0.543267548084259
1815	0.543396830558777
1816	0.54338151216507
1817	0.543552339076996
1818	0.543860018253326
1819	0.544054925441742
1820	0.544185876846313
1821	0.544343948364258
1822	0.544478178024292
1823	0.544651329517365
1824	0.544705092906952
1825	0.544855833053589
1826	0.545156359672546
1827	0.545271337032318
1828	0.545441150665283
1829	0.545731067657471
1830	0.545956194400787
1831	0.546086966991425
1832	0.546268880367279
1833	0.546478927135468
1834	0.546796202659607
1835	0.546980679035187
1836	0.546940386295319
1837	0.547110855579376
1838	0.547517597675323
1839	0.547593891620636
1840	0.547478914260864
1841	0.547537803649902
1842	0.547775983810425
1843	0.547909379005432
1844	0.548021912574768
1845	0.548281729221344
1846	0.548508107662201
1847	0.548509180545807
1848	0.548572957515717
1849	0.548737227916718
1850	0.549030303955078
1851	0.549062609672546
1852	0.549079418182373
1853	0.549306035041809
1854	0.549543678760529
1855	0.549630582332611
1856	0.549663186073303
1857	0.549689292907715
1858	0.549587607383728
1859	0.549522519111633
1860	0.549573957920074
1861	0.549527645111084
1862	0.549560546875
1863	0.54959625005722
1864	0.549467086791992
1865	0.549266219139099
1866	0.549091339111328
1867	0.548784673213959
1868	0.548644185066223
1869	0.548624634742737
1870	0.548300325870514
1871	0.548019051551819
1872	0.547868132591248
1873	0.547530055046082
1874	0.547303259372711
1875	0.547020375728607
1876	0.546906650066376
1877	0.546280682086945
1878	0.545542776584625
1879	0.54506903886795
1880	0.544533312320709
1881	0.543734610080719
1882	0.542806327342987
1883	0.541984140872955
1884	0.541018605232239
1885	0.539913058280945
1886	0.538703739643097
1887	0.537582278251648
1888	0.536221265792847
1889	0.534611999988556
1890	0.532910466194153
1891	0.531032919883728
1892	0.52890545129776
1893	0.526560306549072
1894	0.524109423160553
1895	0.521662473678589
1896	0.519125998020172
1897	0.516538023948669
1898	0.513988077640533
1899	0.511428534984589
1900	0.508959829807281
1901	0.506791591644287
1902	0.504730343818665
1903	0.502851605415344
1904	0.501287579536438
1905	0.500049352645874
1906	0.498834073543549
1907	0.497867584228516
1908	0.497314155101776
1909	0.496836692094803
1910	0.49655282497406
1911	0.496514469385147
1912	0.496510535478592
1913	0.496679753065109
1914	0.49711686372757
1915	0.497617155313492
1916	0.498185604810715
1917	0.499000787734985
1918	0.500075817108154
1919	0.501033842563629
1920	0.501953065395355
1921	0.502973318099976
1922	0.504013478755951
1923	0.50499963760376
1924	0.506030142307281
1925	0.507012903690338
1926	0.507981359958649
1927	0.508839786052704
1928	0.509776651859283
1929	0.510675966739655
1930	0.511613309383392
1931	0.512527287006378
1932	0.513316690921783
1933	0.51408189535141
1934	0.514766752719879
1935	0.515573024749756
1936	0.516359508037567
1937	0.517163097858429
1938	0.517895817756653
1939	0.518737316131592
1940	0.519400835037231
1941	0.51990133523941
1942	0.520513236522675
1943	0.5210280418396
1944	0.521476566791534
1945	0.522000312805176
1946	0.522471189498901
1947	0.52301037311554
1948	0.52362734079361
1949	0.524272680282593
1950	0.524680376052856
1951	0.525070071220398
1952	0.52559095621109
1953	0.526017189025879
1954	0.526296436786652
1955	0.526758074760437
1956	0.527250349521637
1957	0.527581393718719
1958	0.528030157089233
1959	0.52866518497467
1960	0.529336392879486
1961	0.52983957529068
1962	0.530404269695282
1963	0.530996322631836
1964	0.531422138214111
1965	0.531809449195862
1966	0.532381117343903
1967	0.532893240451813
1968	0.53337550163269
1969	0.533898115158081
1970	0.534444272518158
1971	0.535011410713196
1972	0.535645842552185
1973	0.536241114139557
1974	0.536694645881653
1975	0.53719025850296
1976	0.537601947784424
1977	0.537885129451752
1978	0.538270890712738
1979	0.538715541362762
1980	0.539214372634888
1981	0.5396768450737
1982	0.540303349494934
1983	0.541043639183044
1984	0.541585981845856
1985	0.541904807090759
1986	0.542410254478455
1987	0.542916536331177
1988	0.543168723583221
1989	0.543664455413818
1990	0.54423713684082
1991	0.544689476490021
1992	0.545158922672272
1993	0.545669734477997
1994	0.546155631542206
1995	0.546472489833832
1996	0.546920001506805
1997	0.547409772872925
1998	0.547992646694183
1999	0.548494458198547
2000	0.548772037029266
2001	0.549107372760773
2002	0.549569547176361
2003	0.550014972686768
2004	0.550410509109497
2005	0.550890266895294
2006	0.551508367061615
2007	0.5519779920578
2008	0.552329540252686
2009	0.55293345451355
2010	0.553605079650879
2011	0.554050803184509
2012	0.554503977298737
2013	0.555000424385071
2014	0.555580675601959
2015	0.556013107299805
2016	0.556300044059753
2017	0.556720197200775
2018	0.557148396968842
2019	0.557623147964478
2020	0.557993471622467
2021	0.558512091636658
2022	0.558952450752258
2023	0.559065639972687
2024	0.559373021125793
2025	0.559823989868164
2026	0.560166001319885
2027	0.560454666614532
2028	0.560846447944641
2029	0.561269462108612
2030	0.561630964279175
2031	0.561975002288818
2032	0.562459349632263
2033	0.562959134578705
2034	0.56328421831131
2035	0.563563346862793
2036	0.563982427120209
2037	0.564299166202545
2038	0.564523696899414
2039	0.564851462841034
2040	0.565375506877899
2041	0.565670192241669
2042	0.565808176994324
2043	0.56609308719635
2044	0.56642210483551
2045	0.566656410694122
2046	0.566803336143494
2047	0.566956460475922
2048	0.567312300205231
2049	0.567658185958862
2050	0.567880988121033
2051	0.568196535110474
2052	0.568439424037933
2053	0.568432033061981
2054	0.568614661693573
2055	0.569072484970093
2056	0.569371283054352
2057	0.569676458835602
2058	0.569616258144379
2059	0.56989860534668
2060	0.570340752601624
2061	0.570461690425873
2062	0.570608913898468
2063	0.571029365062714
2064	0.571257829666138
2065	0.571421265602112
2066	0.571764171123505
2067	0.572016000747681
2068	0.571905374526978
2069	0.572015881538391
2070	0.57227611541748
2071	0.572643995285034
2072	0.572801530361176
2073	0.572863161563873
2074	0.572943449020386
2075	0.573092877864838
2076	0.573419809341431
2077	0.573644578456879
2078	0.573908150196075
2079	0.574337840080261
2080	0.574528574943542
2081	0.574446380138397
2082	0.574684262275696
2083	0.575081527233124
2084	0.575208008289337
2085	0.575250625610352
2086	0.575528800487518
2087	0.575641870498657
2088	0.575758397579193
2089	0.576125085353851
2090	0.576417863368988
2091	0.57649701833725
2092	0.576203465461731
2093	0.57630318403244
2094	0.576492190361023
2095	0.576663553714752
2096	0.577086508274078
2097	0.577296376228333
2098	0.577273488044739
2099	0.577385604381561
2100	0.577517747879028
2101	0.577664852142334
2102	0.577758133411407
2103	0.578124105930328
2104	0.578575909137726
2105	0.578845679759979
2106	0.579166352748871
2107	0.579556345939636
2108	0.579891681671143
2109	0.580265998840332
2110	0.580468058586121
2111	0.580491423606873
2112	0.580643177032471
2113	0.580657362937927
2114	0.580835103988647
2115	0.58118599653244
2116	0.581581652164459
2117	0.58185613155365
2118	0.582167327404022
2119	0.5826535820961
2120	0.582943499088287
2121	0.583144307136536
2122	0.58324259519577
2123	0.583502113819122
2124	0.583724439144135
2125	0.583966732025146
2126	0.584413409233093
2127	0.584664344787598
2128	0.584704518318176
2129	0.584809958934784
2130	0.584885358810425
2131	0.585024476051331
2132	0.585184812545776
2133	0.585359752178192
2134	0.585447490215302
2135	0.585496306419373
2136	0.585523843765259
2137	0.585458636283875
2138	0.585343956947327
2139	0.585270524024963
2140	0.585074543952942
2141	0.584664165973663
2142	0.584340631961823
2143	0.584029793739319
2144	0.583764731884003
2145	0.583469688892365
2146	0.583223938941956
2147	0.583227515220642
2148	0.582875907421112
2149	0.582198143005371
2150	0.581785261631012
2151	0.581523478031158
2152	0.580878078937531
2153	0.580242812633514
2154	0.579896986484528
2155	0.579334318637848
2156	0.578371822834015
2157	0.577781617641449
2158	0.577587723731995
2159	0.576965034008026
2160	0.576218783855438
2161	0.575509250164032
2162	0.574419856071472
2163	0.573651075363159
2164	0.57332456111908
2165	0.572630763053894
2166	0.571822583675385
2167	0.571006298065186
2168	0.570321202278137
2169	0.569307863712311
2170	0.568374156951904
2171	0.568143844604492
2172	0.567544400691986
2173	0.566821217536926
2174	0.566079378128052
2175	0.565430760383606
2176	0.564546346664429
2177	0.563334345817566
2178	0.562512695789337
2179	0.561909854412079
2180	0.561033010482788
2181	0.560067355632782
2182	0.559290885925293
2183	0.55853945016861
2184	0.557581663131714
2185	0.556383013725281
2186	0.555923998355865
2187	0.555242657661438
2188	0.553887546062469
2189	0.552947402000427
2190	0.552269220352173
2191	0.551431953907013
2192	0.550466895103455
2193	0.549598813056946
2194	0.548778414726257
2195	0.547930955886841
2196	0.547147154808044
2197	0.546215951442719
2198	0.545096755027771
2199	0.544243812561035
2200	0.543437600135803
2201	0.542551755905151
2202	0.541913628578186
2203	0.541220486164093
2204	0.540454685688019
2205	0.539348542690277
2206	0.538852870464325
2207	0.538498878479004
2208	0.537832319736481
2209	0.537774980068207
2210	0.537840783596039
2211	0.538062036037445
2212	0.538191020488739
2213	0.538645327091217
2214	0.539018392562866
2215	0.539187252521515
2216	0.539526045322418
2217	0.540118813514709
2218	0.540676414966583
2219	0.541300714015961
2220	0.541718065738678
2221	0.54203861951828
2222	0.542463302612305
2223	0.542784452438354
2224	0.543138980865479
2225	0.543846905231476
2226	0.544133365154266
2227	0.544151484966278
2228	0.544439196586609
2229	0.544750690460205
2230	0.54497230052948
2231	0.545161783695221
2232	0.545140087604523
2233	0.54533463716507
2234	0.545606732368469
2235	0.545746743679047
2236	0.545888483524323
2237	0.546096324920654
2238	0.546242415904999
2239	0.546325325965881
2240	0.54645824432373
2241	0.546672105789185
2242	0.54691469669342
2243	0.546904802322388
2244	0.546927154064178
2245	0.546885251998901
2246	0.546198487281799
2247	0.546176254749298
2248	0.546721458435059
2249	0.547102034091949
2250	0.547237992286682
2251	0.547362923622131
2252	0.547330737113953
2253	0.547209680080414
2254	0.547203600406647
2255	0.547586560249329
2256	0.547772169113159
2257	0.547709584236145
2258	0.54794043302536
2259	0.548543512821198
2260	0.548758268356323
2261	0.548767983913422
2262	0.548873543739319
2263	0.548632264137268
2264	0.548985779285431
2265	0.550098240375519
2266	0.550533175468445
2267	0.550717711448669
2268	0.551124215126038
2269	0.551533579826355
2270	0.551492035388947
2271	0.551091253757477
2272	0.551354229450226
2273	0.551799654960632
2274	0.551616728305817
2275	0.552072286605835
2276	0.552889049053192
2277	0.552303016185761
2278	0.551891386508942
2279	0.552332103252411
2280	0.552374422550201
2281	0.552163124084473
2282	0.552062690258026
2283	0.551841259002686
2284	0.551093459129334
2285	0.55085700750351
2286	0.550965547561646
2287	0.550945043563843
2288	0.550980865955353
2289	0.550943613052368
2290	0.550975203514099
2291	0.550862073898315
2292	0.550585091114044
2293	0.550485074520111
2294	0.55029684305191
2295	0.550269484519959
2296	0.550497114658356
2297	0.550540685653687
2298	0.550566732883453
2299	0.550615727901459
2300	0.550661325454712
2301	0.550610780715942
2302	0.550331771373749
2303	0.550471484661102
2304	0.550732493400574
2305	0.55057418346405
2306	0.550463616847992
2307	0.550424098968506
2308	0.550285816192627
2309	0.550041198730469
2310	0.549760401248932
2311	0.549889326095581
2312	0.550181329250336
2313	0.550051391124725
2314	0.550146639347076
2315	0.55045485496521
2316	0.550451457500458
2317	0.550118505954742
2318	0.550166189670563
2319	0.550322115421295
2320	0.550250232219696
2321	0.55013769865036
2322	0.550331234931946
2323	0.550585567951202
2324	0.550589084625244
2325	0.55096846818924
2326	0.55095773935318
2327	0.550136029720306
2328	0.549920618534088
2329	0.550150990486145
2330	0.549963772296906
2331	0.549675405025482
2332	0.549676835536957
2333	0.549526274204254
2334	0.549365758895874
2335	0.549346029758453
2336	0.549627482891083
2337	0.549369275569916
2338	0.548975586891174
2339	0.549006581306458
2340	0.549172341823578
2341	0.549160838127136
2342	0.549213409423828
2343	0.548858642578125
2344	0.54844468832016
2345	0.548730790615082
2346	0.549168765544891
2347	0.549495041370392
2348	0.549600422382355
2349	0.549251973628998
2350	0.549043655395508
2351	0.548988997936249
2352	0.548732042312622
2353	0.548935353755951
2354	0.549284517765045
2355	0.548799455165863
2356	0.548434317111969
2357	0.548857748508453
2358	0.54865837097168
2359	0.548240602016449
2360	0.548961877822876
2361	0.549068927764893
2362	0.547911405563354
2363	0.547838509082794
2364	0.54895955324173
2365	0.548810601234436
2366	0.547983527183533
2367	0.548247516155243
2368	0.548647701740265
2369	0.548504233360291
2370	0.548890709877014
2371	0.548992455005646
2372	0.548119902610779
2373	0.547654330730438
2374	0.547498166561127
2375	0.547834515571594
2376	0.547205626964569
2377	0.547046959400177
2378	0.547535538673401
2379	0.546698272228241
2380	0.545812427997589
2381	0.545784771442413
2382	0.545462310314178
2383	0.545718908309937
2384	0.546159029006958
2385	0.545554637908936
2386	0.54517388343811
2387	0.545267581939697
2388	0.544989407062531
2389	0.544845938682556
2390	0.544938862323761
2391	0.544526338577271
2392	0.544254243373871
2393	0.544727146625519
2394	0.544784665107727
2395	0.544050335884094
2396	0.543665170669556
2397	0.543558657169342
2398	0.543125689029694
2399	0.542737126350403
2400	0.542755484580994
2401	0.542884469032288
2402	0.543128669261932
2403	0.542741894721985
2404	0.541733026504517
2405	0.541708052158356
2406	0.541620075702667
2407	0.541063904762268
2408	0.541039943695068
2409	0.540987193584442
2410	0.540773272514343
2411	0.540942072868347
2412	0.541376888751984
2413	0.541171014308929
2414	0.539991319179535
2415	0.53933846950531
2416	0.539451241493225
2417	0.538585066795349
2418	0.537615835666656
2419	0.537213921546936
2420	0.53682553768158
2421	0.536145567893982
2422	0.534433484077454
2423	0.533602476119995
2424	0.533824563026428
2425	0.533556520938873
2426	0.5338054895401
2427	0.534141063690186
2428	0.533476710319519
2429	0.532441139221191
2430	0.532213866710663
2431	0.532803237438202
2432	0.5323366522789
2433	0.531203866004944
2434	0.529551863670349
2435	0.529335677623749
2436	0.528783082962036
2437	0.52787709236145
2438	0.528212189674377
2439	0.527949988842011
2440	0.526496887207031
2441	0.525778889656067
2442	0.525580048561096
2443	0.525832295417786
2444	0.526378214359283
2445	0.525982022285461
2446	0.526104509830475
2447	0.525691986083984
2448	0.523594379425049
2449	0.522679507732391
2450	0.522318065166473
2451	0.522413969039917
2452	0.523879170417786
2453	0.523439288139343
2454	0.52215838432312
2455	0.521902799606323
2456	0.52012974023819
2457	0.519592761993408
2458	0.521894574165344
2459	0.521844387054443
2460	0.520180225372314
2461	0.51922219991684
2462	0.517053663730621
2463	0.516159951686859
2464	0.516832113265991
2465	0.517140924930573
2466	0.51805180311203
2467	0.518232345581055
2468	0.519080340862274
2469	0.517100632190704
2470	0.510861814022064
2471	0.509350299835205
2472	0.508915722370148
2473	0.507853150367737
2474	0.510676860809326
2475	0.511183738708496
2476	0.508179843425751
2477	0.50770103931427
2478	0.508813560009003
2479	0.509568393230438
2480	0.511358380317688
2481	0.511611878871918
2482	0.510348558425903
2483	0.511424899101257
2484	0.515259146690369
2485	0.514090180397034
2486	0.509227693080902
2487	0.509196817874908
2488	0.509012818336487
2489	0.506065130233765
2490	0.504938662052155
2491	0.506452918052673
2492	0.506278991699219
2493	0.503619492053986
2494	0.504055738449097
2495	0.505706906318665
2496	0.503169536590576
2497	0.499544024467468
2498	0.498773276805878
2499	0.501259565353394
2500	0.501438319683075
