   402.440186  0.128915  0.119295  0.116470  0.122541  0.068678  0.113019  0.119843  0.125929  0.100258  0.114219  0.116037  0.109481  0.124194
   411.316406  0.133468  0.123502  0.120875  0.126809  0.070944  0.117075  0.124206  0.129897  0.103463  0.118004  0.120131  0.113085  0.128167
   419.372498  0.137882  0.127604  0.125168  0.130976  0.073287  0.121158  0.128385  0.133777  0.106645  0.121764  0.124120  0.116695  0.132061
   426.967407  0.142654  0.131979  0.129327  0.135371  0.075948  0.125577  0.132455  0.137905  0.110115  0.126039  0.127935  0.120665  0.136571
   434.308411  0.148255  0.137096  0.134353  0.140542  0.079152  0.130871  0.137436  0.142793  0.114018  0.130998  0.132517  0.125433  0.141748
   441.658905  0.154204  0.142633  0.139753  0.146037  0.082411  0.136508  0.142843  0.148006  0.118348  0.136355  0.137577  0.130555  0.147272
   449.033600  0.159782  0.148057  0.145102  0.151358  0.085423  0.141951  0.148115  0.153059  0.122576  0.141639  0.142518  0.135585  0.152699
   456.377289  0.164707  0.153059  0.150113  0.156203  0.088107  0.146881  0.152962  0.157571  0.126510  0.146520  0.147050  0.140191  0.157495
   463.730988  0.169038  0.157393  0.154380  0.160488  0.090465  0.151082  0.157174  0.161590  0.130172  0.150807  0.150808  0.144215  0.161893
   470.948914  0.172872  0.161422  0.158396  0.164449  0.092708  0.154996  0.161120  0.165267  0.133293  0.154697  0.154170  0.147878  0.165860
   478.176300  0.176668  0.165417  0.162352  0.168336  0.095006  0.158967  0.164962  0.168860  0.136457  0.158549  0.157591  0.151669  0.169680
   485.409607  0.180873  0.169616  0.166548  0.172445  0.097630  0.163123  0.169040  0.172664  0.140020  0.162614  0.161293  0.155657  0.173706
   492.699890  0.185677  0.174347  0.171258  0.177070  0.100731  0.167905  0.173605  0.176986  0.143903  0.167200  0.165442  0.160143  0.178303
   500.137207  0.191047  0.179499  0.176446  0.182110  0.104546  0.173195  0.178565  0.181716  0.148127  0.172263  0.170077  0.165172  0.183312
   507.663086  0.196923  0.185056  0.182024  0.187560  0.108888  0.178901  0.183906  0.186805  0.152632  0.177756  0.175032  0.170470  0.188783
   515.175781  0.202949  0.190778  0.187738  0.193132  0.113587  0.184812  0.189372  0.192035  0.157287  0.183434  0.180164  0.176016  0.194399
   522.916199  0.209464  0.196914  0.193902  0.199136  0.118718  0.191087  0.195237  0.197634  0.162280  0.189569  0.185661  0.181885  0.200428
   530.667114  0.216237  0.203438  0.200467  0.205489  0.124114  0.197659  0.201511  0.203606  0.167490  0.196179  0.191531  0.188115  0.206888
   538.487122  0.223458  0.210609  0.207681  0.212442  0.129768  0.204726  0.208463  0.210188  0.173094  0.203551  0.198006  0.194891  0.214062
   546.479980  0.231509  0.218941  0.215962  0.220441  0.135738  0.212632  0.216480  0.217847  0.179418  0.212241  0.205490  0.202497  0.222477
   554.564575  0.240904  0.229087  0.225989  0.230109  0.142196  0.221943  0.226320  0.227214  0.186906  0.222981  0.214610  0.211508  0.232820
   562.736572  0.250816  0.240131  0.236859  0.240544  0.148629  0.231833  0.237109  0.237402  0.194832  0.234721  0.224523  0.221122  0.244119
   571.002808  0.260049  0.250735  0.247237  0.250464  0.154476  0.241172  0.247427  0.247156  0.202377  0.246038  0.233953  0.230288  0.254955
   579.351685  0.268531  0.260670  0.256966  0.259711  0.159958  0.249918  0.257061  0.256196  0.209484  0.256658  0.242722  0.238988  0.265136
   587.823486  0.275869  0.269381  0.265554  0.267807  0.164984  0.257644  0.265461  0.264075  0.215814  0.265943  0.250370  0.246710  0.273987
   596.475098  0.281771  0.276508  0.272621  0.274379  0.169403  0.264057  0.272262  0.270456  0.221200  0.273514  0.256566  0.253179  0.281170
   605.391174  0.287293  0.283212  0.279449  0.280553  0.173905  0.270272  0.278645  0.276368  0.226585  0.280526  0.262377  0.259602  0.287865
   614.172302  0.292126  0.289120  0.285698  0.286002  0.178258  0.275972  0.284301  0.281506  0.231734  0.286665  0.267524  0.265621  0.293703
   623.197083  0.296546  0.294463  0.291517  0.290949  0.182375  0.281268  0.289398  0.286069  0.236794  0.292193  0.272189  0.271381  0.298950
   632.131714  0.300561  0.299266  0.296938  0.295424  0.186244  0.286119  0.293991  0.290144  0.241624  0.297150  0.276441  0.276846  0.303634
   641.333313  0.304426  0.303953  0.302366  0.299782  0.190147  0.290934  0.298471  0.294103  0.246522  0.301961  0.280659  0.282340  0.308172
   650.790527  0.308177  0.308543  0.307733  0.304062  0.194104  0.295780  0.302856  0.298003  0.251477  0.306661  0.284823  0.287859  0.312674
   660.263611  0.311777  0.312969  0.312964  0.308203  0.197968  0.300479  0.307152  0.301729  0.256335  0.311117  0.288794  0.293242  0.317088
   669.816711  0.315356  0.317335  0.318189  0.312331  0.201550  0.305138  0.311435  0.305421  0.261238  0.315597  0.292710  0.298655  0.321527
   679.472778  0.319103  0.321780  0.323630  0.316562  0.204644  0.309798  0.315798  0.309276  0.266248  0.320319  0.296945  0.304186  0.326018
   689.420776  0.323151  0.326468  0.329520  0.321041  0.207284  0.314571  0.320382  0.313431  0.271519  0.325379  0.301889  0.309944  0.330660
   699.095886  0.327184  0.331055  0.335364  0.325419  0.209419  0.319160  0.324851  0.317554  0.276649  0.330321  0.306954  0.315539  0.335143
   708.996582  0.331280  0.335640  0.341137  0.329802  0.211415  0.323848  0.329357  0.321635  0.281792  0.335213  0.311840  0.321158  0.339644
   719.172180  0.335398  0.340212  0.346833  0.334223  0.213648  0.328641  0.333901  0.325665  0.286992  0.340113  0.316532  0.326842  0.344182
   729.244507  0.339406  0.344650  0.352335  0.338522  0.216207  0.333399  0.338334  0.329543  0.292097  0.344820  0.320989  0.332394  0.348561
   739.417480  0.343420  0.349044  0.357727  0.342797  0.219029  0.338218  0.342733  0.333386  0.297216  0.349399  0.325335  0.337921  0.352855
   749.730713  0.347530  0.353407  0.363135  0.347080  0.221986  0.343083  0.347124  0.337219  0.302312  0.353878  0.329643  0.343407  0.357109
   760.096924  0.351622  0.357673  0.368422  0.351268  0.225043  0.347900  0.351440  0.340986  0.307334  0.358220  0.333842  0.348784  0.361237
   770.528503  0.355528  0.361718  0.373485  0.355281  0.228115  0.352552  0.355550  0.344568  0.312238  0.362344  0.337860  0.353978  0.365138
   780.912415  0.359180  0.365453  0.378271  0.359038  0.231043  0.356984  0.359402  0.347861  0.316919  0.366070  0.341582  0.358859  0.368781
   791.361572  0.362552  0.368888  0.382736  0.362520  0.233773  0.361128  0.362948  0.350865  0.321422  0.369466  0.345028  0.363426  0.372071
   801.936584  0.365595  0.371961  0.386877  0.365665  0.236212  0.364908  0.366238  0.353554  0.325696  0.372528  0.348153  0.367657  0.375003
   812.539917  0.368223  0.374637  0.390617  0.368443  0.238315  0.368291  0.369136  0.355929  0.329723  0.375223  0.350898  0.371537  0.377598
   823.145813  0.370370  0.376902  0.393910  0.370832  0.240120  0.371245  0.371605  0.357904  0.333424  0.377489  0.353251  0.375042  0.379804
   833.751282  0.372076  0.378806  0.396807  0.372855  0.241678  0.373788  0.373749  0.359556  0.336816  0.379421  0.355251  0.378226  0.381703
   844.427124  0.373478  0.380460  0.399466  0.374636  0.243038  0.376045  0.375689  0.360975  0.339986  0.381120  0.357019  0.381126  0.383366
   855.182129  0.374663  0.381955  0.401927  0.376254  0.244269  0.378155  0.377493  0.362237  0.343042  0.382694  0.358613  0.383796  0.384858
   865.949402  0.375829  0.383396  0.404292  0.377804  0.245419  0.380188  0.379261  0.363425  0.346037  0.384233  0.360128  0.386367  0.386314
   876.640808  0.377107  0.384911  0.406702  0.379421  0.246611  0.382212  0.381112  0.364721  0.348986  0.385851  0.361699  0.388911  0.387835
   887.265930  0.378555  0.386563  0.409261  0.381186  0.247920  0.384364  0.383155  0.366141  0.351951  0.387609  0.363396  0.391551  0.389482
   897.986511  0.380251  0.388413  0.411954  0.383145  0.249420  0.386669  0.385377  0.367732  0.355007  0.389563  0.365266  0.394282  0.391336
   908.643982  0.382162  0.390442  0.414753  0.385272  0.251108  0.389125  0.387816  0.369485  0.358135  0.391647  0.367309  0.397112  0.393311
   919.176270  0.384293  0.392647  0.417720  0.387582  0.252898  0.391749  0.390479  0.371421  0.361318  0.393904  0.369527  0.399969  0.395434
   929.385498  0.386602  0.394990  0.420818  0.390012  0.254822  0.394513  0.393266  0.373496  0.364463  0.396287  0.371837  0.402854  0.397669
   939.859985  0.389176  0.397521  0.424085  0.392649  0.256974  0.397445  0.396251  0.375735  0.367776  0.398828  0.374331  0.405936  0.400053
   951.361511  0.392140  0.400346  0.427673  0.395630  0.259446  0.400718  0.399651  0.378283  0.371457  0.401692  0.377135  0.409341  0.402728
   962.264526  0.394991  0.403055  0.431129  0.398482  0.261908  0.403809  0.402947  0.380723  0.374876  0.404359  0.379807  0.412506  0.405267
   972.634583  0.397822  0.405734  0.434581  0.401264  0.264362  0.406863  0.406192  0.383101  0.378147  0.406988  0.382455  0.415536  0.407764
   978.737671  0.399518  0.407328  0.436650  0.402916  0.265851  0.408668  0.408147  0.384532  0.380063  0.408544  0.384057  0.417311  0.409234
   988.411621  0.402157  0.409806  0.439850  0.405489  0.268216  0.411426  0.411234  0.386772  0.383014  0.410897  0.386592  0.420011  0.411503
   998.374878  0.404324  0.411794  0.442447  0.407570  0.270219  0.413670  0.413770  0.388576  0.385435  0.412777  0.388632  0.422256  0.413371
  1008.168274  0.405844  0.413091  0.444159  0.408914  0.271596  0.415362  0.415662  0.389862  0.387276  0.413976  0.389981  0.423844  0.414903
  1017.984619  0.407720  0.414799  0.446158  0.410736  0.273915  0.417484  0.417606  0.391554  0.389763  0.415849  0.391729  0.425995  0.416715
  1028.806274  0.409653  0.416630  0.448353  0.412723  0.276679  0.419695  0.419630  0.393353  0.392438  0.417747  0.393568  0.428382  0.418594
  1037.764648  0.411189  0.418052  0.450066  0.414258  0.278815  0.421475  0.421202  0.394771  0.394624  0.419284  0.395015  0.430298  0.420101
  1047.431152  0.412812  0.419580  0.451727  0.415820  0.281212  0.423231  0.422817  0.396194  0.396835  0.420870  0.396505  0.432128  0.421553
  1057.380371  0.414364  0.421120  0.453317  0.417315  0.283750  0.425005  0.424303  0.397579  0.398990  0.422319  0.397940  0.434074  0.422909
  1067.609985  0.415994  0.422629  0.455013  0.418934  0.286433  0.426675  0.425953  0.399058  0.401184  0.423765  0.399550  0.436027  0.424315
  1078.039063  0.417716  0.424160  0.456741  0.420640  0.289189  0.428438  0.427681  0.400654  0.403489  0.425351  0.401236  0.437996  0.425820
  1088.589844  0.419421  0.425723  0.458420  0.422338  0.292087  0.430284  0.429310  0.402216  0.405769  0.427057  0.402860  0.439968  0.427405
  1099.108276  0.421199  0.427309  0.460015  0.423960  0.295030  0.432164  0.430972  0.403768  0.408019  0.428743  0.404490  0.441912  0.429009
  1109.740845  0.422875  0.428810  0.461510  0.425517  0.298025  0.433963  0.432458  0.405264  0.410203  0.430279  0.405998  0.443749  0.430535
  1120.494629  0.424605  0.430361  0.463033  0.427090  0.301057  0.435657  0.433927  0.406740  0.412351  0.431808  0.407490  0.445549  0.432052
  1131.143066  0.426406  0.431878  0.464613  0.428729  0.304229  0.437331  0.435488  0.408236  0.414423  0.433299  0.409002  0.447323  0.433459
  1141.873657  0.428209  0.433333  0.466109  0.430330  0.307436  0.439069  0.437078  0.409703  0.416478  0.434763  0.410494  0.449040  0.434868
  1152.471558  0.429993  0.434800  0.467500  0.431878  0.310624  0.440808  0.438527  0.411118  0.418444  0.436234  0.411916  0.450700  0.436249
  1163.484131  0.432011  0.436450  0.469097  0.433574  0.314126  0.442719  0.440086  0.412709  0.420597  0.437893  0.413466  0.452552  0.437780
  1174.525757  0.434231  0.438182  0.470832  0.435391  0.317663  0.444706  0.441886  0.414462  0.422834  0.439620  0.415222  0.454485  0.439474
  1185.397949  0.436427  0.439893  0.472521  0.437184  0.321122  0.446651  0.443600  0.416201  0.425023  0.441283  0.416932  0.456287  0.441114
  1196.174805  0.438594  0.441544  0.474190  0.438922  0.324632  0.448620  0.445220  0.417869  0.427131  0.442914  0.418596  0.458061  0.442715
  1207.114868  0.440790  0.443239  0.475860  0.440730  0.328268  0.450691  0.446894  0.419546  0.429286  0.444567  0.420257  0.459997  0.444271
  1217.695923  0.442986  0.444890  0.477528  0.442536  0.331921  0.452665  0.448574  0.421236  0.431384  0.446233  0.421964  0.461881  0.445805
  1228.998901  0.445293  0.446671  0.479316  0.444406  0.335859  0.454765  0.450382  0.423061  0.433593  0.447976  0.423774  0.463731  0.447478
  1240.056763  0.447509  0.448336  0.480991  0.446205  0.339631  0.456872  0.452075  0.424801  0.435780  0.449669  0.425464  0.465524  0.449105
  1250.795532  0.449796  0.450013  0.482611  0.447992  0.343353  0.458967  0.453797  0.426536  0.437918  0.451345  0.427172  0.467379  0.450718
  1262.334351  0.452269  0.451784  0.484336  0.449890  0.347392  0.461180  0.455521  0.428371  0.440226  0.453123  0.428952  0.469312  0.452448
  1273.306396  0.454587  0.453485  0.485967  0.451692  0.351176  0.463273  0.457093  0.430111  0.442434  0.454763  0.430610  0.471089  0.454043
  1284.279541  0.456878  0.455134  0.487553  0.453471  0.354981  0.465306  0.458696  0.431803  0.444512  0.456317  0.432288  0.472850  0.455570
  1295.196655  0.459038  0.456669  0.489005  0.455109  0.358827  0.467262  0.460277  0.433377  0.446461  0.457727  0.433922  0.474549  0.456983
  1306.047241  0.461206  0.458240  0.490480  0.456805  0.362684  0.469245  0.461830  0.434986  0.448395  0.459121  0.435530  0.476212  0.458351
  1317.017700  0.463471  0.459848  0.491998  0.458587  0.366622  0.471267  0.463409  0.436678  0.450432  0.460760  0.437194  0.478014  0.459828
  1328.089722  0.465782  0.461474  0.493552  0.460398  0.370750  0.473280  0.465003  0.438426  0.452472  0.462508  0.438857  0.479732  0.461396
  1338.946289  0.467952  0.462974  0.494956  0.462040  0.374694  0.475194  0.466473  0.440060  0.454404  0.464016  0.440383  0.481239  0.462899
  1349.598999  0.469900  0.464343  0.496238  0.463495  0.378470  0.476926  0.467791  0.441495  0.456126  0.465296  0.441746  0.482638  0.464174
  1360.842651  0.471735  0.465540  0.497426  0.464896  0.382321  0.478604  0.469065  0.442814  0.457660  0.466439  0.443023  0.483932  0.465275
  1372.718994  0.472904  0.466069  0.497770  0.465628  0.386016  0.479573  0.469632  0.443495  0.458495  0.466785  0.443599  0.484419  0.465678
  1383.008301  0.472279  0.465106  0.496527  0.464829  0.388602  0.478905  0.468657  0.442789  0.457888  0.465587  0.442632  0.483376  0.464450
  1394.524658  0.469033  0.462031  0.493309  0.462064  0.390788  0.476051  0.465588  0.439975  0.455702  0.462096  0.439604  0.480581  0.460895
  1405.388306  0.464700  0.458091  0.489064  0.458369  0.392802  0.472296  0.461572  0.436261  0.452692  0.457552  0.435590  0.477025  0.456447
  1416.310303  0.464937  0.457676  0.488235  0.458044  0.396166  0.472231  0.461005  0.435971  0.452671  0.456886  0.435075  0.476806  0.455707
  1427.105591  0.471041  0.462383  0.492983  0.462842  0.401075  0.477280  0.465728  0.440521  0.457174  0.461842  0.439753  0.481468  0.460385
  1438.169922  0.476851  0.467259  0.497916  0.467764  0.405676  0.482446  0.470608  0.445271  0.461730  0.466820  0.444591  0.486141  0.465328
  1448.920898  0.481001  0.470741  0.501456  0.471285  0.409771  0.486209  0.474095  0.448690  0.465129  0.470362  0.448082  0.489518  0.468782
  1459.067505  0.483831  0.472928  0.503580  0.473575  0.413568  0.488725  0.476288  0.450953  0.467524  0.472710  0.450351  0.491760  0.471062
  1469.700317  0.486504  0.474966  0.505620  0.475695  0.417443  0.491073  0.478265  0.453033  0.469814  0.474819  0.452448  0.493817  0.473131
  1480.620117  0.489445  0.477264  0.508026  0.478058  0.421379  0.493635  0.480546  0.455408  0.472319  0.477176  0.454863  0.496020  0.475430
  1491.197754  0.492092  0.479334  0.510079  0.480217  0.425260  0.495917  0.482629  0.457532  0.474551  0.479289  0.457040  0.498043  0.477458
  1501.779297  0.494345  0.481074  0.511737  0.482043  0.429030  0.497959  0.484352  0.459324  0.476633  0.481111  0.458877  0.499898  0.479210
  1512.413696  0.496582  0.482708  0.513397  0.483778  0.432671  0.499893  0.485948  0.461056  0.478657  0.482782  0.460625  0.501611  0.480852
  1523.007080  0.498672  0.484218  0.514968  0.485385  0.436310  0.501726  0.487513  0.462686  0.480492  0.484306  0.462269  0.503240  0.482344
  1533.564453  0.500587  0.485599  0.516317  0.486820  0.439909  0.503448  0.488931  0.464197  0.482230  0.485696  0.463761  0.504737  0.483710
  1544.030151  0.502372  0.486866  0.517545  0.488141  0.443349  0.504980  0.490187  0.465493  0.483864  0.486953  0.465128  0.506053  0.484987
  1554.580078  0.504160  0.488167  0.518914  0.489557  0.446738  0.506447  0.491519  0.466851  0.485445  0.488166  0.466523  0.507352  0.486217
  1565.121460  0.505865  0.489362  0.520110  0.490883  0.450142  0.507909  0.492787  0.468175  0.486941  0.489401  0.467844  0.508629  0.487349
  1575.393066  0.507558  0.490536  0.521189  0.492109  0.453495  0.509306  0.493911  0.469423  0.488446  0.490624  0.469100  0.509821  0.488471
  1585.631470  0.509273  0.491767  0.522393  0.493410  0.456775  0.510760  0.495042  0.470678  0.489978  0.491828  0.470406  0.511008  0.489649
  1595.979492  0.510896  0.492952  0.523502  0.494633  0.460116  0.512245  0.496134  0.471932  0.491417  0.492949  0.471633  0.512196  0.490849
  1606.243286  0.512456  0.494099  0.524530  0.495820  0.463441  0.513662  0.497328  0.473179  0.492755  0.494072  0.472870  0.513395  0.491981
  1616.583984  0.513996  0.495246  0.525632  0.497050  0.466806  0.514962  0.498492  0.474366  0.494082  0.495184  0.474080  0.514516  0.493059
  1626.781250  0.515526  0.496354  0.526738  0.498236  0.470042  0.516209  0.499548  0.475504  0.495437  0.496329  0.475205  0.515591  0.494056
  1636.854614  0.517006  0.497442  0.527677  0.499375  0.473123  0.517376  0.500521  0.476625  0.496757  0.497452  0.476284  0.516573  0.495112
  1646.972778  0.518463  0.498408  0.528579  0.500523  0.476329  0.518690  0.501579  0.477775  0.498026  0.498520  0.477392  0.517653  0.496147
  1656.772339  0.519832  0.499375  0.529554  0.501593  0.479527  0.519975  0.502672  0.478861  0.499210  0.499539  0.478438  0.518682  0.497101
  1666.966553  0.521232  0.500428  0.530637  0.502689  0.482783  0.521028  0.503838  0.479865  0.500342  0.500445  0.479534  0.519581  0.498034
  1677.124634  0.522519  0.501373  0.531488  0.503718  0.485798  0.521989  0.504838  0.480763  0.501426  0.501386  0.480457  0.520485  0.498913
  1687.171753  0.523690  0.502268  0.532249  0.504616  0.488721  0.523016  0.505621  0.481719  0.502389  0.502276  0.481218  0.521353  0.499746
  1697.009277  0.524881  0.503124  0.533048  0.505505  0.491562  0.524051  0.506444  0.482667  0.503316  0.503139  0.482067  0.522205  0.500505
  1706.807495  0.526028  0.503969  0.533901  0.506479  0.494493  0.525020  0.507402  0.483598  0.504322  0.503922  0.482929  0.523082  0.501291
  1716.597534  0.527103  0.504748  0.534565  0.507321  0.497439  0.525905  0.508185  0.484444  0.505212  0.504715  0.483670  0.523875  0.502006
  1726.437500  0.527907  0.505308  0.534828  0.507939  0.500146  0.526588  0.508607  0.484992  0.505855  0.505344  0.484210  0.524423  0.502518
  1736.255615  0.528643  0.505840  0.535343  0.508536  0.502744  0.527125  0.509014  0.485473  0.506516  0.505881  0.484796  0.524772  0.502840
  1745.929443  0.529326  0.506247  0.535840  0.509060  0.505146  0.527662  0.509566  0.485989  0.507216  0.506327  0.485334  0.525103  0.503164
  1755.548950  0.529909  0.506616  0.535972  0.509543  0.507462  0.528223  0.509886  0.486474  0.507818  0.506702  0.485716  0.525509  0.503493
  1765.253174  0.530553  0.507045  0.536220  0.510030  0.509951  0.528866  0.510103  0.486984  0.508522  0.507161  0.486171  0.526052  0.503881
  1774.909302  0.531377  0.507559  0.536692  0.510602  0.512618  0.529609  0.510528  0.487630  0.509308  0.507653  0.486735  0.526497  0.504340
  1784.441895  0.532195  0.508109  0.537188  0.511245  0.515183  0.530368  0.511020  0.488296  0.510102  0.508228  0.487301  0.527067  0.504965
  1793.689087  0.533064  0.508706  0.537815  0.511941  0.517561  0.531054  0.511662  0.488932  0.510791  0.508812  0.487995  0.527687  0.505632
  1803.365967  0.534489  0.509585  0.539313  0.512869  0.519452  0.531797  0.513304  0.489773  0.511519  0.509454  0.489212  0.528344  0.506222
  1812.820557  0.537124  0.511239  0.542509  0.514666  0.522132  0.533289  0.516930  0.491246  0.512661  0.510438  0.491552  0.529431  0.507237
  1822.148804  0.538973  0.512448  0.544494  0.516123  0.524987  0.534616  0.519077  0.492497  0.513844  0.511485  0.493059  0.530448  0.508208
  1831.741211  0.540781  0.513686  0.546214  0.517434  0.527844  0.535693  0.520833  0.493800  0.515100  0.512461  0.494433  0.531256  0.509196
  1841.049438  0.542230  0.514924  0.547685  0.518631  0.530564  0.536730  0.522533  0.494825  0.516186  0.513285  0.495775  0.532052  0.509946
  1850.278687  0.543412  0.515745  0.548885  0.519639  0.533100  0.537530  0.523978  0.495613  0.517117  0.513916  0.496926  0.532709  0.510545
  1859.297607  0.543941  0.515913  0.549390  0.520001  0.535172  0.537955  0.524573  0.495837  0.517342  0.513971  0.497343  0.532804  0.510468
  1868.018066  0.543196  0.515140  0.548515  0.519230  0.536360  0.537264  0.523652  0.494981  0.516520  0.512901  0.496567  0.532002  0.509329
  1878.463257  0.538907  0.511155  0.544437  0.515355  0.535849  0.532790  0.519709  0.491028  0.512367  0.508477  0.492445  0.527635  0.504801
  1886.810913  0.530540  0.503656  0.536288  0.508020  0.533842  0.524643  0.512388  0.483406  0.504448  0.500396  0.484474  0.519659  0.496283
  1895.846436  0.513146  0.488566  0.519309  0.492779  0.529764  0.508617  0.497028  0.468098  0.488344  0.484720  0.468197  0.503903  0.479698
  1904.628174  0.496897  0.474335  0.503278  0.478324  0.525731  0.493713  0.482145  0.453807  0.473577  0.470031  0.452712  0.489546  0.464163
  1914.047852  0.492550  0.470511  0.498760  0.474460  0.524047  0.489427  0.478095  0.449992  0.469130  0.465759  0.448145  0.485497  0.459477
  1923.089111  0.499394  0.476681  0.505114  0.480558  0.525457  0.495226  0.484547  0.456186  0.473884  0.471782  0.454089  0.490971  0.465723
  1931.991577  0.507791  0.484165  0.513020  0.488061  0.528008  0.502776  0.492331  0.463676  0.480349  0.479385  0.461600  0.498064  0.473648
  1940.830566  0.514522  0.490080  0.519455  0.494189  0.530663  0.509008  0.498499  0.469701  0.486114  0.485386  0.467826  0.503847  0.480017
  1949.639038  0.519823  0.494618  0.524306  0.498838  0.533537  0.513765  0.503097  0.474274  0.490931  0.490042  0.472657  0.508398  0.484964
  1958.370605  0.524285  0.498577  0.528509  0.502796  0.536948  0.517849  0.506990  0.478141  0.495094  0.493836  0.476784  0.512328  0.489215
  1967.058960  0.528784  0.502404  0.532957  0.506762  0.540811  0.521892  0.511119  0.481890  0.499146  0.497613  0.480960  0.516152  0.492921
  1975.781372  0.533215  0.506129  0.537357  0.510527  0.545001  0.525851  0.515336  0.485733  0.503179  0.501332  0.485211  0.519811  0.496628
  1984.547852  0.537515  0.509831  0.541606  0.514221  0.549568  0.530013  0.519300  0.489521  0.507260  0.505083  0.489312  0.523631  0.500556
  1993.288574  0.541795  0.513594  0.545727  0.517964  0.554211  0.534124  0.523295  0.493301  0.511464  0.508963  0.493341  0.527421  0.504601
  2001.842773  0.545965  0.517326  0.549596  0.521765  0.558994  0.538023  0.527170  0.496984  0.515411  0.512828  0.497215  0.531276  0.508451
  2010.410278  0.550123  0.521026  0.553659  0.525616  0.563975  0.541929  0.531072  0.500677  0.519197  0.516685  0.501079  0.534916  0.512333
  2019.049561  0.554294  0.524619  0.557523  0.529353  0.569211  0.545880  0.534915  0.504364  0.522835  0.520574  0.504696  0.538414  0.516064
  2027.475952  0.557939  0.527885  0.560732  0.532560  0.574075  0.549360  0.538096  0.507560  0.525926  0.523957  0.507751  0.541576  0.519462
  2035.995239  0.561211  0.530935  0.563837  0.535563  0.578815  0.552411  0.541137  0.510236  0.528669  0.526987  0.510621  0.544255  0.522587
  2044.422363  0.564151  0.533505  0.566404  0.538204  0.583278  0.554981  0.543885  0.512732  0.530899  0.529475  0.513063  0.546588  0.525133
  2052.757324  0.566750  0.535737  0.568498  0.540477  0.587170  0.557021  0.546330  0.514934  0.532976  0.531723  0.515256  0.548532  0.527639
  2061.137939  0.568995  0.537581  0.570491  0.542540  0.590668  0.559077  0.548281  0.516842  0.534914  0.533645  0.517083  0.550510  0.529746
  2069.538818  0.570796  0.539193  0.572251  0.544274  0.594143  0.561139  0.549984  0.518613  0.536715  0.535362  0.518704  0.552393  0.531539
  2077.751709  0.572541  0.540864  0.573865  0.545970  0.597631  0.562761  0.551895  0.520312  0.538582  0.537167  0.520386  0.554000  0.533273
  2086.100830  0.574258  0.542617  0.575472  0.547614  0.601073  0.564399  0.553450  0.521805  0.540180  0.538850  0.521895  0.555611  0.534774
  2094.407715  0.575710  0.544116  0.576748  0.549126  0.604253  0.565957  0.554752  0.523120  0.541631  0.540484  0.523263  0.556873  0.536312
  2102.548096  0.577285  0.545613  0.578292  0.550712  0.607480  0.567874  0.556342  0.524672  0.543093  0.542135  0.524841  0.558229  0.537969
  2110.816650  0.579276  0.547641  0.580383  0.552748  0.611124  0.570033  0.558358  0.526709  0.544979  0.544144  0.526712  0.560078  0.539953
  2118.955322  0.581508  0.549688  0.582448  0.554948  0.614967  0.572278  0.560614  0.528715  0.547275  0.546433  0.528702  0.562205  0.542090
  2127.093994  0.583540  0.551499  0.584336  0.556988  0.618649  0.574222  0.562613  0.530532  0.549108  0.548254  0.530665  0.563984  0.543825
  2135.235352  0.584616  0.552366  0.585093  0.557958  0.621190  0.574921  0.563667  0.531558  0.549608  0.548908  0.531687  0.564545  0.544626
  2143.225830  0.583856  0.551611  0.583905  0.557311  0.621646  0.573906  0.563030  0.530962  0.548488  0.548074  0.530946  0.563407  0.543952
  2151.125732  0.581281  0.549132  0.581028  0.554953  0.620185  0.571059  0.560477  0.528810  0.545829  0.545594  0.528553  0.560462  0.541348
  2159.287842  0.576874  0.545015  0.576372  0.550947  0.616996  0.566745  0.556047  0.524932  0.541490  0.541398  0.524436  0.555941  0.537216
  2167.252441  0.571282  0.539853  0.570802  0.545888  0.612227  0.561516  0.550877  0.520262  0.536423  0.536292  0.519499  0.550668  0.532429
  2175.071289  0.564986  0.534526  0.564960  0.540678  0.607135  0.556129  0.545489  0.515362  0.531265  0.530903  0.514349  0.545260  0.527303
  2183.183350  0.557106  0.528356  0.558217  0.534521  0.601168  0.549594  0.539119  0.509556  0.525344  0.524521  0.508406  0.539037  0.521201
  2190.835449  0.548561  0.521945  0.551536  0.527926  0.594530  0.542368  0.532712  0.503348  0.518929  0.517731  0.501991  0.532630  0.514693
  2198.886963  0.540549  0.515371  0.544622  0.521366  0.588824  0.535484  0.525950  0.497245  0.512437  0.510881  0.495513  0.525889  0.508204
  2206.597656  0.535849  0.510918  0.539606  0.517111  0.586596  0.531079  0.521315  0.492946  0.508359  0.506206  0.491269  0.521274  0.503915
  2214.341553  0.536568  0.511110  0.539481  0.516799  0.589582  0.531418  0.521111  0.492609  0.508892  0.506437  0.491225  0.521791  0.504010
  2222.192871  0.540100  0.513819  0.542395  0.518980  0.594124  0.533996  0.523539  0.494756  0.511685  0.509358  0.493706  0.524400  0.506317
  2229.753174  0.542835  0.515859  0.544693  0.521089  0.596974  0.536313  0.525821  0.496668  0.513846  0.511806  0.495844  0.526464  0.508117
  2237.647705  0.544135  0.517138  0.546079  0.522375  0.598295  0.537532  0.526842  0.497748  0.514869  0.513406  0.496990  0.527544  0.509502
  2245.213623  0.544246  0.517788  0.546740  0.522882  0.598621  0.537879  0.527547  0.498217  0.515060  0.513754  0.497306  0.527820  0.510031
  2252.848389  0.544770  0.518569  0.547404  0.523658  0.599251  0.538605  0.528603  0.498879  0.515273  0.514619  0.497816  0.528463  0.510922
  2260.627930  0.546558  0.520164  0.548764  0.525400  0.601070  0.540347  0.530382  0.500274  0.515977  0.516472  0.499031  0.529798  0.512427
  2268.042236  0.548509  0.522117  0.550694  0.527467  0.602979  0.541839  0.532642  0.501891  0.517183  0.518307  0.500670  0.531032  0.514045
  2275.769531  0.549811  0.523484  0.551887  0.528913  0.604698  0.543011  0.533948  0.503193  0.517999  0.519589  0.501685  0.532097  0.515278
  2283.275146  0.549662  0.523499  0.551559  0.529136  0.605432  0.542957  0.533791  0.503395  0.517767  0.519607  0.501489  0.532183  0.515231
  2290.572998  0.548776  0.522980  0.550798  0.528748  0.605121  0.542398  0.533056  0.502863  0.517047  0.519034  0.500655  0.531602  0.514745
  2298.334961  0.547893  0.522634  0.550532  0.528350  0.604006  0.541870  0.532654  0.502490  0.516225  0.518581  0.499965  0.531353  0.514357
  2305.502197  0.547078  0.522601  0.550386  0.528284  0.603169  0.541521  0.532758  0.502208  0.516082  0.518368  0.499779  0.531215  0.513977
  2312.912109  0.546426  0.522312  0.550190  0.528092  0.602861  0.541449  0.532769  0.502099  0.516346  0.518233  0.499733  0.531173  0.513717
  2320.640137  0.545962  0.522261  0.550346  0.527849  0.602699  0.540992  0.532661  0.501991  0.516735  0.517871  0.499755  0.531048  0.513722
  2327.606934  0.545006  0.521970  0.550168  0.527443  0.602401  0.540619  0.532034  0.501680  0.517055  0.517376  0.499316  0.530991  0.513629
  2335.236084  0.543522  0.521410  0.549447  0.526936  0.601627  0.540198  0.531122  0.501334  0.516834  0.516591  0.498470  0.531121  0.513039
  2342.588867  0.542511  0.520941  0.549079  0.526104  0.600636  0.539388  0.531027  0.500974  0.516385  0.515530  0.498085  0.531183  0.511918
  2349.575195  0.542052  0.520679  0.549053  0.525769  0.600165  0.539385  0.530608  0.500622  0.516368  0.515265  0.497922  0.530434  0.511363
  2357.022461  0.541932  0.520586  0.548728  0.526241  0.600640  0.539786  0.530764  0.500840  0.516634  0.514927  0.498007  0.530428  0.511222
  2364.370850  0.542495  0.520678  0.548479  0.526526  0.601637  0.539918  0.530962  0.501401  0.517093  0.514868  0.498084  0.530781  0.510928
  2371.336426  0.542623  0.520459  0.548100  0.526427  0.602218  0.539679  0.530992  0.501110  0.516768  0.514806  0.497984  0.530444  0.510322
  2378.509521  0.541887  0.519605  0.546725  0.526116  0.601923  0.539033  0.529929  0.500588  0.515947  0.514291  0.496965  0.529567  0.509306
  2385.808594  0.540779  0.518513  0.545391  0.525441  0.601269  0.538313  0.528638  0.499450  0.514738  0.513763  0.495814  0.528401  0.508152
  2392.841797  0.539555  0.517569  0.544343  0.524423  0.600161  0.537406  0.527654  0.498329  0.513934  0.512983  0.494888  0.527704  0.507148
  2399.801025  0.538260  0.516440  0.542971  0.523193  0.599611  0.536003  0.526735  0.497576  0.512765  0.511549  0.493967  0.527193  0.505729
  2407.338623  0.536517  0.515247  0.541404  0.521326  0.598705  0.533992  0.525622  0.495946  0.511177  0.509398  0.492339  0.525387  0.504628
  2414.156494  0.534777  0.513453  0.539630  0.519586  0.597246  0.532724  0.523664  0.494086  0.509555  0.506913  0.490631  0.523205  0.502467
  2420.987305  0.531993  0.511146  0.536006  0.517566  0.595685  0.530173  0.520921  0.491457  0.506876  0.505056  0.487796  0.520947  0.499737
  2428.400146  0.528403  0.508213  0.532844  0.514601  0.592935  0.526960  0.517991  0.488694  0.503327  0.502354  0.484561  0.517699  0.497577
  2435.326904  0.524833  0.505484  0.529460  0.511511  0.590959  0.524612  0.515614  0.486125  0.499902  0.499450  0.481398  0.514022  0.494247
  2442.187744  0.521557  0.502188  0.526328  0.509203  0.589333  0.521518  0.512378  0.483809  0.496125  0.497165  0.478706  0.510914  0.490311
  2448.923584  0.518918  0.500215  0.523881  0.507080  0.586896  0.517978  0.509842  0.480543  0.492074  0.494985  0.476081  0.507628  0.486778
  2456.329590  0.515958  0.497764  0.521115  0.504686  0.585753  0.516361  0.507623  0.477827  0.489555  0.492348  0.473294  0.505742  0.483499
  2462.812988  0.513547  0.495923  0.518170  0.502905  0.585686  0.514363  0.503486  0.475811  0.487283  0.488306  0.471246  0.504367  0.480601
  2469.415527  0.511322  0.494733  0.513776  0.500250  0.584204  0.511085  0.499321  0.473249  0.484106  0.485889  0.469540  0.502798  0.478456
  2476.791260  0.509119  0.492976  0.510110  0.497164  0.583008  0.510863  0.498536  0.471163  0.481136  0.483928  0.467096  0.495957  0.475233
  2483.590576  0.507112  0.490835  0.510610  0.495275  0.583434  0.510701  0.496631  0.468814  0.478677  0.478399  0.465584  0.494300  0.474274
  2490.028076  0.507401  0.489128  0.506870  0.494459  0.582813  0.507941  0.495548  0.468437  0.477551  0.475347  0.464673  0.497669  0.473025
  2496.874023  0.506437  0.488277  0.502833  0.495455  0.581179  0.506281  0.492393  0.465830  0.477120  0.475536  0.465357  0.497299  0.469261
