350	0.061051592
351	0.05319256
352	0.054770164
353	0.055734377
354	0.055666473
355	0.058130376
356	0.058202814000000005
357	0.056209441
358	0.05394733
359	0.05413373900000001
360	0.054906078
361	0.054446474
362	0.051785622
363	0.051942669000000004
364	0.054647907999999995
365	0.051358264
366	0.049901623
367	0.051323719000000004
368	0.053195123
369	0.053295642000000004
370	0.052911516
371	0.054033112
372	0.055497992999999995
373	0.056010589000000006
374	0.055173296
375	0.05512253599999999
376	0.055447351
377	0.055743564
378	0.055622656
379	0.055218149
380	0.054491304000000004
381	0.05334455900000001
382	0.053423483
383	0.05467809
384	0.056249034
385	0.05515055
386	0.054447375
387	0.055904525999999996
388	0.05581861
389	0.055986624000000006
390	0.056704740999999996
391	0.05597974
392	0.056385327
393	0.057212020999999995
394	0.056078397
395	0.056462124
396	0.057575531
397	0.05782992
398	0.057730142000000005
399	0.057689548
400	0.057882134
401	0.057929967
402	0.057572618
403	0.057099525
404	0.057653707
405	0.058146465999999994
406	0.058373975999999994
407	0.058526895999999995
408	0.058927565999999994
409	0.059458155
410	0.059886564
411	0.060054746
412	0.059964642
413	0.059760705
414	0.05986733
415	0.060444068
416	0.061148718
417	0.060799919
418	0.060860597
419	0.061481029000000006
420	0.062194675
421	0.062479004000000005
422	0.06255284
423	0.06279934200000001
424	0.063288704
425	0.063755855
426	0.064039707
427	0.064311177
428	0.064673193
429	0.065114789
430	0.06543911200000001
431	0.066065967
432	0.066782676
433	0.067057222
434	0.067459777
435	0.067917265
436	0.068264097
437	0.068754911
438	0.069336131
439	0.069911979
440	0.070326298
441	0.070779555
442	0.071332954
443	0.071891323
444	0.072349705
445	0.07274953299999999
446	0.073212788
447	0.073694222
448	0.074076109
449	0.074286088
450	0.074632324
451	0.074986883
452	0.07530244400000001
453	0.07588996
454	0.07631347299999999
455	0.076520845
456	0.076902859
457	0.077260748
458	0.077590868
459	0.077960588
460	0.07832344599999999
461	0.078575283
462	0.078665338
463	0.078848928
464	0.079108626
465	0.079401672
466	0.079687297
467	0.079941444
468	0.080155663
469	0.080327608
470	0.08061184
471	0.080975041
472	0.081305131
473	0.081640728
474	0.081961051
475	0.08224809200000001
476	0.082542084
477	0.082789429
478	0.082999885
479	0.083320349
480	0.083716884
481	0.084127799
482	0.08445447699999999
483	0.084792122
484	0.08514186
485	0.08548595
486	0.085913166
487	0.086405121
488	0.086916029
489	0.087366998
490	0.08775378800000001
491	0.088114284
492	0.08853963
493	0.089102335
494	0.08973879400000001
495	0.090275638
496	0.090767421
497	0.091234475
498	0.091694579
499	0.092168294
500	0.092712067
501	0.093339033
502	0.093946487
503	0.09448789099999999
504	0.09499327099999999
505	0.095606305
506	0.096282594
507	0.09696988
508	0.09760157800000001
509	0.09816412599999999
510	0.09872267400000001
511	0.09934224900000001
512	0.09994208800000001
513	0.100549236
514	0.10117712599999999
515	0.10176941
516	0.10241415400000001
517	0.10311801
518	0.103799634
519	0.104466669
520	0.105144843
521	0.105867065
522	0.10660853199999999
523	0.107330188
524	0.10801515699999999
525	0.108755663
526	0.109529719
527	0.110334747
528	0.11124558699999999
529	0.11213125300000001
530	0.112976067
531	0.113857366
532	0.114811614
533	0.115796089
534	0.11674966699999999
535	0.117735066
536	0.118762925
537	0.11983252300000001
538	0.12091983099999999
539	0.122053415
540	0.123231865
541	0.12439163800000001
542	0.12559329
543	0.126853779
544	0.128163829
545	0.129475057
546	0.130815282
547	0.132228464
548	0.133732975
549	0.13531753400000002
550	0.136980936
551	0.138768077
552	0.140626058
553	0.142557546
554	0.144635931
555	0.146757677
556	0.148869887
557	0.150945142
558	0.152976409
559	0.154970318
560	0.156949833
561	0.158957779
562	0.160966009
563	0.162956566
564	0.164926514
565	0.166937917
566	0.169004425
567	0.171082512
568	0.17316308600000002
569	0.175229728
570	0.177266583
571	0.179236576
572	0.18118701899999998
573	0.183165595
574	0.185189083
575	0.187261462
576	0.18935591
577	0.191419929
578	0.193506032
579	0.195581913
580	0.197589412
581	0.199538827
582	0.201435179
583	0.20328266899999997
584	0.205022603
585	0.206746116
586	0.208510697
587	0.210266232
588	0.212033957
589	0.21376434
590	0.21534673899999998
591	0.216892883
592	0.21837519100000002
593	0.21972951300000002
594	0.220940903
595	0.222090304
596	0.223275125
597	0.224661902
598	0.226143554
599	0.227622747
600	0.229046613
601	0.230469465
602	0.231895983
603	0.233318329
604	0.23460283899999998
605	0.235834867
606	0.237111658
607	0.238373697
608	0.23959220899999997
609	0.24076279999999997
610	0.24190869899999998
611	0.243029088
612	0.244137004
613	0.245248988
614	0.246318266
615	0.24735207899999997
616	0.248364046
617	0.249343693
618	0.250308126
619	0.25125384300000003
620	0.252126008
621	0.25301119699999997
622	0.253920257
623	0.25479731
624	0.25565540800000003
625	0.256485403
626	0.257279396
627	0.25808638300000003
628	0.258889019
629	0.259671748
630	0.260445863
631	0.261223197
632	0.261993617
633	0.262701601
634	0.263443172
635	0.264204651
636	0.264916867
637	0.265630633
638	0.266350448
639	0.267070711
640	0.267801374
641	0.26851368
642	0.269194722
643	0.26986298
644	0.270542175
645	0.271233708
646	0.271925747
647	0.272655576
648	0.273374766
649	0.274036855
650	0.274720699
651	0.275422812
652	0.276133895
653	0.276845306
654	0.277552038
655	0.278258115
656	0.27897402600000004
657	0.279641896
658	0.28029623600000003
659	0.280989051
660	0.281671584
661	0.28235212
662	0.28303697699999997
663	0.28371486100000004
664	0.284433454
665	0.285174429
666	0.285846323
667	0.286501974
668	0.287161916
669	0.287836462
670	0.288494617
671	0.289168835
672	0.289878368
673	0.290567338
674	0.291226238
675	0.291874856
676	0.292573541
677	0.293264866
678	0.293935359
679	0.29458749300000003
680	0.29523417399999996
681	0.295885891
682	0.29654628
683	0.297207952
684	0.297879279
685	0.298555613
686	0.29921841600000004
687	0.299868435
688	0.300520271
689	0.301197648
690	0.301872194
691	0.302528083
692	0.303168744
693	0.303858936
694	0.30450221899999996
695	0.305083603
696	0.30572202800000003
697	0.306346327
698	0.306951463
699	0.30755865600000004
700	0.308174849
701	0.308776826
702	0.309350371
703	0.309954584
704	0.31057059800000003
705	0.31118688
706	0.311816335
707	0.312416017
708	0.312981904
709	0.313537419
710	0.314165145
711	0.314797103
712	0.315366238
713	0.315953761
714	0.31652781399999996
715	0.317078888
716	0.317645341
717	0.31817486899999997
718	0.318702787
719	0.319304556
720	0.319857299
721	0.320387393
722	0.32093447399999997
723	0.321454912
724	0.321998358
725	0.322562993
726	0.323057055
727	0.32355231
728	0.324066162
729	0.324591994
730	0.325070679
731	0.32554096
732	0.326042235
733	0.326520294
734	0.32699182600000004
735	0.32746166
736	0.32790783
737	0.32834601399999996
738	0.328767896
739	0.329159766
740	0.329591841
741	0.33002197699999997
742	0.330407619
743	0.330777735
744	0.331153989
745	0.33154121
746	0.331926197
747	0.332313448
748	0.332670361
749	0.332964092
750	0.333314836
751	0.333687216
752	0.334032714
753	0.33433035
754	0.334633499
755	0.33495163899999997
756	0.335245013
757	0.335535347
758	0.335818291
759	0.33608076
760	0.336318016
761	0.336534619
762	0.336740762
763	0.336960703
764	0.337188005
765	0.33741003299999994
766	0.33760780100000004
767	0.337810844
768	0.338010222
769	0.338185668
770	0.33831307299999996
771	0.33846521399999996
772	0.338668168
773	0.338842064
774	0.338977575
775	0.339090109
776	0.33921495100000004
777	0.33932304399999996
778	0.33943358100000004
779	0.339558989
780	0.33963719
781	0.33971008700000005
782	0.33979287700000005
783	0.339851141
784	0.339931518
785	0.34002351799999997
786	0.340090126
787	0.340113044
788	0.34015473700000004
789	0.340245336
790	0.34026846299999997
791	0.340279162
792	0.340295523
793	0.340295255
794	0.340300471
795	0.340298295
796	0.340272605
797	0.340272754
798	0.340275139
799	0.340250999
800	0.34016075700000004
801	0.34014231
802	0.34018027799999995
803	0.34015184600000004
804	0.340109527
805	0.34005382700000003
806	0.339982569
807	0.33992084899999997
808	0.339872241
809	0.339824289
810	0.339738011
811	0.339675695
812	0.339627564
813	0.33955535299999995
814	0.339470536
815	0.339397371
816	0.339346737
817	0.339290351
818	0.33921679899999996
819	0.33911338399999996
820	0.338967025
821	0.338904589
822	0.33885380600000004
823	0.33871492700000005
824	0.33857530399999997
825	0.338458508
826	0.338382512
827	0.338382006
828	0.33829945299999997
829	0.338158876
830	0.33807256799999996
831	0.33799991
832	0.33791437700000004
833	0.337802082
834	0.33767828299999997
835	0.337572694
836	0.33749824799999995
837	0.33745098100000004
838	0.337341756
839	0.337206423
840	0.337108225
841	0.337031811
842	0.33695617299999997
843	0.336874723
844	0.336810768
845	0.336717695
846	0.33661449
847	0.336550057
848	0.336517781
849	0.336458236
850	0.33634734200000005
851	0.336282134
852	0.33623296
853	0.336190104
854	0.336158365
855	0.33608779299999997
856	0.336032093
857	0.33604154
858	0.33601939700000005
859	0.335957557
860	0.335881084
861	0.335861951
862	0.335838288
863	0.335776597
864	0.33567333200000005
865	0.335688382
866	0.33573541
867	0.33574393399999997
868	0.335748494
869	0.33573976200000005
870	0.335724443
871	0.33572015200000005
872	0.33575236799999997
873	0.33579126
874	0.33580935
875	0.335828006
876	0.33585012
877	0.335888475
878	0.335966706
879	0.33601293
880	0.336046875
881	0.336105913
882	0.336158723
883	0.33622354299999996
884	0.33630862799999994
885	0.336407512
886	0.33646002399999997
887	0.336498588
888	0.33659189899999997
889	0.336730152
890	0.336870193
891	0.336986095
892	0.3370938
893	0.337226123
894	0.33737453799999995
895	0.33750346299999995
896	0.33759936700000004
897	0.337713301
898	0.337876558
899	0.338020593
900	0.33820682799999996
901	0.33841264200000004
902	0.338545501
903	0.338722587
904	0.338913769
905	0.33907079700000003
906	0.339222312
907	0.339388311
908	0.33957439700000003
909	0.33976882700000005
910	0.339987218
911	0.340218604
912	0.34044030299999994
913	0.34061405100000003
914	0.340815634
915	0.34106817799999994
916	0.34130621
917	0.34151655399999997
918	0.34172543899999996
919	0.341973841
920	0.342252344
921	0.342523575
922	0.342768818
923	0.34300720700000004
924	0.343262523
925	0.34353146
926	0.343795329
927	0.34406629200000005
928	0.34434104
929	0.344618738
930	0.34491542
931	0.345207483
932	0.34546968299999997
933	0.345686823
934	0.345972747
935	0.34629908200000004
936	0.346616834
937	0.34688729
938	0.347147018
939	0.34744164299999997
940	0.347813576
941	0.348121256
942	0.34838345600000004
943	0.34864854799999995
944	0.34895154799999994
945	0.34928932799999995
946	0.349626869
947	0.349907339
948	0.350188881
949	0.35049834799999996
950	0.350833416
951	0.35111776
952	0.351373881
953	0.351649106
954	0.35200467700000004
955	0.35228142100000004
956	0.352560967
957	0.352923572
958	0.353244215
959	0.35352793299999996
960	0.35381379700000004
961	0.35417246799999996
962	0.354510069
963	0.354784518
964	0.355005324
965	0.35530909899999996
966	0.355655134
967	0.35602507
968	0.35642060600000003
969	0.35675019
970	0.35709086100000004
971	0.357518375
972	0.357944489
973	0.358368546
974	0.358761936
975	0.359074324
976	0.35943692899999996
977	0.35983884299999996
978	0.360241085
979	0.36064177799999997
980	0.360993654
981	0.361304671
982	0.36163634100000003
983	0.362090707
984	0.36255660700000003
985	0.36291396600000003
986	0.363194555
987	0.36345514700000003
988	0.3637878
989	0.364293009
990	0.364631563
991	0.36492401399999996
992	0.36530444
993	0.36562904700000004
994	0.365929425
995	0.366285026
996	0.366787076
997	0.36713907100000004
998	0.36737957600000004
999	0.367620975
1000	0.367996454
1001	0.366787165
1002	0.367025107
1003	0.367369086
1004	0.36769679200000005
1005	0.368044972
1006	0.368490726
1007	0.368864268
1008	0.36917454
1009	0.369506299
1010	0.36986750399999996
1011	0.37018889200000005
1012	0.37044557899999997
1013	0.370760053
1014	0.371149898
1015	0.37144327200000005
1016	0.37173572200000005
1017	0.372038186
1018	0.37231877399999996
1019	0.372555554
1020	0.37278357100000004
1021	0.372941047
1022	0.37323623899999997
1023	0.373538196
1024	0.37389794
1025	0.374512047
1026	0.37491121899999996
1027	0.375288069
1028	0.375481158
1029	0.37574634
1030	0.375858098
1031	0.376176059
1032	0.376610726
1033	0.376984715
1034	0.37741968
1035	0.377808511
1036	0.378171504
1037	0.37851455799999995
1038	0.378920406
1039	0.37920215700000004
1040	0.379352421
1041	0.379532546
1042	0.379762083
1043	0.379923403
1044	0.38022360200000005
1045	0.38067159100000003
1046	0.38098868700000005
1047	0.381323785
1048	0.38160857600000003
1049	0.38177636299999995
1050	0.382062256
1051	0.382386684
1052	0.38269728399999997
1053	0.383059889
1054	0.38341191399999996
1055	0.38373342200000005
1056	0.38415086299999995
1057	0.384395033
1058	0.384536266
1059	0.384776205
1060	0.384921998
1061	0.38517910200000005
1062	0.38553640200000006
1063	0.38591224
1064	0.38641420000000004
1065	0.386739075
1066	0.38699016
1067	0.38729509700000003
1068	0.38755372200000004
1069	0.38767904
1070	0.388009161
1071	0.388527513
1072	0.38885754299999997
1073	0.38913297700000005
1074	0.389491022
1075	0.389850706
1076	0.390140504
1077	0.39041897700000006
1078	0.390764922
1079	0.391067564
1080	0.39139354200000004
1081	0.39183384200000004
1082	0.39225423299999995
1083	0.392504245
1084	0.392683834
1085	0.39300686100000004
1086	0.393395007
1087	0.39370703700000004
1088	0.394016355
1089	0.39439511299999996
1090	0.39478367600000003
1091	0.39509633200000005
1092	0.395496577
1093	0.39584738
1094	0.396001637
1095	0.396276653
1096	0.39670085899999996
1097	0.39700916399999997
1098	0.39715710299999996
1099	0.39756152
1100	0.39790633299999995
1101	0.39821431
1102	0.398536891
1103	0.398945451
1104	0.399259776
1105	0.39949235299999997
1106	0.399796069
1107	0.40011146700000005
1108	0.40043479200000004
1109	0.40078935
1110	0.40112823200000003
1111	0.40139117799999996
1112	0.401694089
1113	0.40209192
1114	0.40237814200000005
1115	0.40266311200000005
1116	0.40299207
1117	0.403275579
1118	0.40343821
1119	0.40369716299999997
1120	0.404034555
1121	0.404318303
1122	0.40456035700000004
1123	0.404856473
1124	0.40519008
1125	0.40547326200000006
1126	0.405766994
1127	0.406139553
1128	0.406430155
1129	0.40667509999999996
1130	0.40695741799999996
1131	0.40724620200000006
1132	0.40750885
1133	0.407779723
1134	0.408058465
1135	0.408306688
1136	0.408563226
1137	0.408845991
1138	0.409097165
1139	0.4092682
1140	0.40958088600000003
1141	0.409911782
1142	0.410144091
1143	0.41039341700000004
1144	0.41065630299999994
1145	0.410899699
1146	0.411127836
1147	0.41134125
1148	0.41151580200000004
1149	0.41173195799999995
1150	0.411965907
1151	0.41219264299999997
1152	0.412432641
1153	0.41267713899999997
1154	0.41299620299999995
1155	0.413206607
1156	0.413479596
1157	0.41380918
1158	0.413955361
1159	0.414179742
1160	0.414495558
1161	0.4147425
1162	0.41499385200000005
1163	0.415269554
1164	0.415548831
1165	0.41579729299999996
1166	0.416066915
1167	0.416369408
1168	0.416685641
1169	0.417004019
1170	0.417319536
1171	0.417610765
1172	0.41789120399999996
1173	0.41814017299999995
1174	0.418365985
1175	0.418661147
1176	0.419015497
1177	0.419318855
1178	0.419559956
1179	0.41982168
1180	0.42007595299999995
1181	0.42032188200000004
1182	0.42054623399999996
1183	0.420799553
1184	0.42107442
1185	0.42130842799999996
1186	0.42154291299999996
1187	0.421813399
1188	0.422041059
1189	0.42224168799999995
1190	0.422460794
1191	0.42271390600000003
1192	0.42297682200000003
1193	0.42321378
1194	0.423450351
1195	0.423690081
1196	0.42390531299999995
1197	0.42408242799999996
1198	0.42431986299999996
1199	0.42459368700000005
1200	0.42479193200000004
1201	0.425035506
1202	0.425337136
1203	0.425522089
1204	0.425751179
1205	0.426025361
1206	0.426185101
1207	0.426351786
1208	0.42657819399999997
1209	0.426852226
1210	0.427083492
1211	0.42726185899999997
1212	0.42747429
1213	0.42768392
1214	0.42784977
1215	0.428039879
1216	0.42827346899999996
1217	0.42847099899999996
1218	0.428660214
1219	0.428913802
1220	0.429198831
1221	0.42943605799999995
1222	0.429657012
1223	0.42983189200000005
1224	0.429979265
1225	0.430190504
1226	0.430410177
1227	0.43055951600000003
1228	0.430673331
1229	0.430818111
1230	0.43099737200000005
1231	0.43122950200000004
1232	0.431391835
1233	0.431560546
1234	0.43168786200000003
1235	0.43184831700000004
1236	0.432048559
1237	0.43223777399999996
1238	0.432440579
1239	0.432654262
1240	0.43280795200000005
1241	0.432983816
1242	0.433220506
1243	0.43339315100000003
1244	0.43355423200000004
1245	0.43373283700000004
1246	0.433863789
1247	0.434011549
1248	0.43415281200000005
1249	0.43429625
1250	0.434443116
1251	0.434633315
1252	0.434800804
1253	0.435028762
1254	0.435243428
1255	0.435359448
1256	0.43551293
1257	0.435675085
1258	0.435784489
1259	0.43593850700000003
1260	0.43618437600000004
1261	0.43637529
1262	0.436449349
1263	0.436586797
1264	0.43674656700000003
1265	0.43683850799999996
1266	0.43696585299999996
1267	0.437165827
1268	0.437337756
1269	0.437484741
1270	0.437671125
1271	0.437855065
1272	0.43798556899999996
1273	0.438092679
1274	0.438179821
1275	0.438306838
1276	0.438474208
1277	0.43860200000000005
1278	0.438706726
1279	0.43881776899999997
1280	0.43893066
1281	0.439019829
1282	0.43906375799999997
1283	0.43916133
1284	0.439288914
1285	0.439359486
1286	0.439464897
1287	0.439595819
1288	0.439705074
1289	0.439749062
1290	0.439813733
1291	0.4398866
1292	0.43991455399999996
1293	0.439900815
1294	0.439933836
1295	0.440098375
1296	0.44018834799999995
1297	0.44020474
1298	0.44034764200000004
1299	0.44045054899999997
1300	0.44050782899999996
1301	0.440584779
1302	0.440618277
1303	0.440689117
1304	0.440782845
1305	0.44084927399999996
1306	0.440907657
1307	0.440977722
1308	0.441017389
1309	0.44105187100000004
1310	0.441124201
1311	0.441255629
1312	0.441378295
1313	0.44142389299999996
1314	0.441467315
1315	0.44154542700000005
1316	0.44157403700000003
1317	0.441555619
1318	0.441549033
1319	0.441572309
1320	0.44166812299999997
1321	0.441802979
1322	0.44190245899999997
1323	0.441975415
1324	0.44201809200000003
1325	0.441997975
1326	0.44201168399999996
1327	0.44207689200000005
1328	0.442144424
1329	0.442199677
1330	0.442248374
1331	0.442347616
1332	0.442428201
1333	0.44241520799999995
1334	0.442401916
1335	0.442415148
1336	0.44243636700000005
1337	0.442467421
1338	0.442521691
1339	0.442605615
1340	0.442624629
1341	0.442640543
1342	0.44268071700000006
1343	0.44264879799999995
1344	0.442565709
1345	0.442492247
1346	0.442469358
1347	0.442441076
1348	0.442386448
1349	0.44232773799999997
1350	0.442257047
1351	0.44214680799999995
1352	0.44202938700000005
1353	0.44190314399999997
1354	0.44178459
1355	0.44164598
1356	0.44150903799999996
1357	0.44144064200000005
1358	0.441354543
1359	0.44121366700000003
1360	0.441120774
1361	0.44106921600000004
1362	0.44093912799999996
1363	0.440803856
1364	0.440713942
1365	0.44055447
1366	0.44035238
1367	0.440122604
1368	0.439808607
1369	0.439453989
1370	0.43903482
1371	0.438581735
1372	0.438059539
1373	0.437483191
1374	0.43683946100000004
1375	0.436140746
1376	0.43536272600000003
1377	0.434549719
1378	0.433627516
1379	0.43261191200000004
1380	0.431565166
1381	0.430476367
1382	0.429376125
1383	0.428218573
1384	0.42706677299999996
1385	0.425873905
1386	0.42454218899999996
1387	0.423208356
1388	0.42183432
1389	0.42034789899999997
1390	0.418786705
1391	0.417114437
1392	0.41544514899999996
1393	0.41388151
1394	0.41229704
1395	0.410703331
1396	0.409176111
1397	0.407593995
1398	0.40595758
1399	0.404302865
1400	0.402638137
1401	0.400935411
1402	0.399274796
1403	0.397580683
1404	0.39589652399999997
1405	0.39430669
1406	0.39262497399999996
1407	0.391020656
1408	0.389437705
1409	0.387771308
1410	0.38606029700000005
1411	0.38414827
1412	0.382671386
1413	0.381426245
1414	0.380676419
1415	0.381191403
1416	0.382130235
1417	0.383752435
1418	0.385814875
1419	0.387587279
1420	0.389418751
1421	0.391019881
1422	0.39249849299999995
1423	0.393789321
1424	0.395100296
1425	0.396347612
1426	0.397522748
1427	0.39861983100000004
1428	0.399689406
1429	0.400764138
1430	0.40172737799999997
1431	0.40269106600000004
1432	0.403660774
1433	0.40451321
1434	0.405318767
1435	0.406123549
1436	0.406927019
1437	0.40770185
1438	0.40840280100000004
1439	0.409071743
1440	0.409713775
1441	0.410327405
1442	0.410943806
1443	0.411522299
1444	0.41205760799999996
1445	0.412550598
1446	0.41297364200000003
1447	0.413397521
1448	0.41384330399999997
1449	0.414245129
1450	0.414605409
1451	0.41498330200000005
1452	0.41536095700000003
1453	0.41569671
1454	0.416012615
1455	0.41633114200000004
1456	0.416623533
1457	0.416899264
1458	0.41716966
1459	0.417443275
1460	0.417678535
1461	0.41795414700000005
1462	0.418249965
1463	0.41854509700000003
1464	0.41889783700000005
1465	0.419232726
1466	0.41956564799999996
1467	0.419990271
1468	0.42040118600000004
1469	0.420827568
1470	0.421340019
1471	0.42179364
1472	0.422230661
1473	0.422701418
1474	0.423160046
1475	0.4236857
1476	0.424225181
1477	0.424718201
1478	0.42519784
1479	0.425646365
1480	0.42611920799999997
1481	0.42660436
1482	0.42705267700000005
1483	0.42748194899999997
1484	0.42791929799999995
1485	0.42831847100000003
1486	0.428752571
1487	0.429220557
1488	0.429674089
1489	0.430135459
1490	0.430571854
1491	0.431012005
1492	0.43142545200000004
1493	0.43179965
1494	0.43218109
1495	0.432619572
1496	0.43300512399999996
1497	0.433391213
1498	0.43381640299999996
1499	0.43417513399999996
1500	0.43452188399999997
1501	0.43487376
1502	0.435222089
1503	0.43559825399999996
1504	0.435984015
1505	0.43638441
1506	0.436743021
1507	0.437063485
1508	0.437378824
1509	0.43768215200000005
1510	0.438005716
1511	0.438278079
1512	0.438549787
1513	0.438884318
1514	0.439181715
1515	0.439487875
1516	0.439801812
1517	0.440059662
1518	0.440314621
1519	0.44057849
1520	0.440842479
1521	0.441110998
1522	0.44137311
1523	0.44162893299999995
1524	0.441896141
1525	0.442167521
1526	0.44242093
1527	0.442686796
1528	0.442981005
1529	0.44324806299999997
1530	0.44350725399999996
1531	0.443754524
1532	0.44398930700000006
1533	0.444222391
1534	0.444448113
1535	0.44464567299999996
1536	0.444852889
1537	0.44506481299999995
1538	0.445282519
1539	0.44551307
1540	0.445725501
1541	0.445946574
1542	0.446145505
1543	0.44633531600000004
1544	0.446584076
1545	0.446796685
1546	0.446953386
1547	0.447145432
1548	0.447351396
1549	0.447528541
1550	0.447681218
1551	0.44785302899999996
1552	0.448067516
1553	0.448260814
1554	0.448424906
1555	0.448603779
1556	0.448791355
1557	0.44896206299999997
1558	0.4491418
1559	0.449339658
1560	0.44949170899999996
1561	0.449647665
1562	0.449840456
1563	0.45000386200000003
1564	0.450129777
1565	0.450250119
1566	0.450408101
1567	0.450605154
1568	0.450808495
1569	0.45097634200000003
1570	0.451100409
1571	0.451233536
1572	0.45140746200000004
1573	0.451578617
1574	0.45171111799999997
1575	0.45184686799999996
1576	0.45199835299999996
1577	0.45214533799999995
1578	0.452260792
1579	0.45236563700000004
1580	0.452511877
1581	0.45267418
1582	0.45277702799999997
1583	0.45287495899999997
1584	0.452997565
1585	0.453057796
1586	0.453163475
1587	0.453352869
1588	0.45348679999999997
1589	0.453585804
1590	0.453710705
1591	0.453848749
1592	0.453952432
1593	0.454054385
1594	0.454122961
1595	0.454196304
1596	0.454380274
1597	0.454542041
1598	0.454639852
1599	0.454735935
1600	0.454808056
1601	0.454946786
1602	0.455136538
1603	0.455253154
1604	0.455347538
1605	0.455476105
1606	0.4555628
1607	0.45565620100000004
1608	0.455802262
1609	0.45592731200000003
1610	0.456013173
1611	0.45608341700000005
1612	0.456179619
1613	0.456270605
1614	0.456355095
1615	0.456492543
1616	0.45659920600000004
1617	0.456653476
1618	0.456759036
1619	0.45689553
1620	0.456976146
1621	0.457037866
1622	0.457127154
1623	0.457183629
1624	0.457229316
1625	0.457296699
1626	0.457371473
1627	0.45743832
1628	0.45749843100000004
1629	0.45762136600000003
1630	0.457728326
1631	0.457729459
1632	0.457777143
1633	0.457916051
1634	0.45799571299999997
1635	0.458040953
1636	0.458166629
1637	0.45830968
1638	0.458413422
1639	0.458533525
1640	0.45864132
1641	0.45870444200000005
1642	0.45876064899999996
1643	0.45883098200000005
1644	0.458900064
1645	0.458925962
1646	0.458942443
1647	0.459021986
1648	0.459134549
1649	0.459229767
1650	0.45933997600000004
1651	0.45943561200000005
1652	0.45947215
1653	0.459512204
1654	0.459580421
1655	0.459606081
1656	0.459647387
1657	0.459734291
1658	0.459731102
1659	0.45973947600000004
1660	0.45983779399999997
1661	0.459900916
1662	0.459960639
1663	0.46008142799999996
1664	0.460169017
1665	0.460224599
1666	0.46033889100000003
1667	0.46044349700000003
1668	0.460510164
1669	0.460560739
1670	0.46056205
1671	0.460575044
1672	0.46063983399999997
1673	0.460698664
1674	0.46077749100000004
1675	0.460876226
1676	0.460944057
1677	0.461017698
1678	0.461102456
1679	0.461119115
1680	0.46112400299999995
1681	0.461239815
1682	0.46132832799999995
1683	0.461340785
1684	0.46138250799999997
1685	0.46138846899999997
1686	0.461364985
1687	0.46141880799999996
1688	0.461499184
1689	0.461503118
1690	0.461526424
1691	0.46159887299999997
1692	0.461629391
1693	0.461653948
1694	0.461699694
1695	0.461737096
1696	0.46175116299999996
1697	0.461796045
1698	0.46185123899999997
1699	0.4618827999999999
1700	0.46193617600000003
1701	0.461966008
1702	0.46197336899999997
1703	0.461965799
1704	0.46195021299999994
1705	0.461965144
1706	0.461965799
1707	0.461983621
1708	0.462070972
1709	0.46215933600000003
1710	0.46220263799999994
1711	0.462188363
1712	0.46216568399999997
1713	0.4622024
1714	0.46220114799999995
1715	0.46214798100000004
1716	0.462114245
1717	0.462036431
1718	0.461947292
1719	0.46196141799999996
1720	0.46193867899999996
1721	0.461805344
1722	0.46179834
1723	0.461866021
1724	0.46181359899999996
1725	0.461726755
1726	0.461651266
1727	0.46157681899999997
1728	0.461555779
1729	0.461552203
1730	0.461494774
1731	0.46138703799999997
1732	0.461296976
1733	0.461267561
1734	0.46122542
1735	0.461144447
1736	0.461066604
1737	0.46100050200000003
1738	0.46089917399999997
1739	0.460779428
1740	0.46074488799999996
1741	0.46070402899999996
1742	0.460654378
1743	0.460633904
1744	0.46049571
1745	0.460331827
1746	0.46023705600000003
1747	0.460151911
1748	0.460044265
1749	0.459945083
1750	0.45987767
1751	0.45975056299999995
1752	0.459662765
1753	0.459604919
1754	0.459395826
1755	0.45925495
1756	0.45908498799999997
1757	0.458960772
1758	0.458937228
1759	0.45883613799999995
1760	0.458681464
1761	0.4585706
1762	0.458478689
1763	0.45834869100000003
1764	0.45817819200000004
1765	0.45811525
1766	0.458003372
1767	0.457870722
1768	0.457909465
1769	0.457849801
1770	0.45769286200000003
1771	0.457666874
1772	0.457601786
1773	0.457437634
1774	0.457366526
1775	0.457356572
1776	0.457231224
1777	0.4570795
1778	0.457014591
1779	0.456941783
1780	0.456814855
1781	0.456716448
1782	0.45666903299999995
1783	0.456579536
1784	0.45648431799999994
1785	0.456413478
1786	0.456351489
1787	0.456296146
1788	0.456270009
1789	0.456294745
1790	0.456216246
1791	0.456105262
1792	0.456056565
1793	0.456030369
1794	0.45608449
1795	0.45610451700000004
1796	0.456090987
1797	0.456049651
1798	0.45593583600000004
1799	0.45591154700000003
1800	0.45596337299999995
1801	0.45521643799999995
1802	0.45549193
1803	0.45589250299999995
1804	0.45650512
1805	0.45684537299999994
1806	0.45701003100000004
1807	0.457038403
1808	0.456943572
1809	0.456952006
1810	0.45701611
1811	0.457296759
1812	0.457450956
1813	0.45760107
1814	0.457642406
1815	0.457549661
1816	0.457533509
1817	0.457675636
1818	0.45761105399999996
1819	0.457566053
1820	0.45763170700000005
1821	0.457713217
1822	0.457695216
1823	0.457654744
1824	0.457923681
1825	0.457953095
1826	0.457848132
1827	0.457876474
1828	0.45794209799999996
1829	0.458102286
1830	0.458181888
1831	0.45828101
1832	0.45837146
1833	0.458367139
1834	0.45823103200000004
1835	0.458160192
1836	0.45810923
1837	0.458061129
1838	0.458096802
1839	0.45797514899999997
1840	0.457736105
1841	0.457565755
1842	0.457427591
1843	0.457404792
1844	0.45750820600000003
1845	0.457559675
1846	0.457562596
1847	0.457519114
1848	0.457387924
1849	0.457191855
1850	0.457032382
1851	0.456803054
1852	0.45655208799999997
1853	0.45622623
1854	0.455841362
1855	0.455442965
1856	0.45496997200000006
1857	0.454431653
1858	0.45384535200000004
1859	0.45331749299999996
1860	0.452726781
1861	0.452031225
1862	0.45129022
1863	0.45056513
1864	0.44980549799999997
1865	0.448936313
1866	0.447854966
1867	0.44668445
1868	0.44530808899999996
1869	0.443804145
1870	0.44213345600000004
1871	0.44046068200000005
1872	0.43878135100000004
1873	0.43687862200000005
1874	0.43496519299999997
1875	0.43280115700000005
1876	0.43056631100000003
1877	0.427917272
1878	0.425226867
1879	0.42259615700000003
1880	0.419724256
1881	0.416725487
1882	0.413699239
1883	0.41057977100000004
1884	0.40730804200000004
1885	0.403930157
1886	0.400523245
1887	0.39702442299999996
1888	0.393087775
1889	0.388870418
1890	0.384759575
1891	0.380399525
1892	0.375795275
1893	0.37132442
1894	0.36691150100000003
1895	0.36239224700000006
1896	0.357818335
1897	0.353132844
1898	0.34845137600000003
1899	0.34393087
1900	0.339621425
1901	0.3357732
1902	0.332357109
1903	0.329018682
1904	0.325992882
1905	0.323223174
1906	0.320886761
1907	0.318855405
1908	0.317183107
1909	0.315903932
1910	0.314913601
1911	0.31410124899999997
1912	0.313558012
1913	0.313354194
1914	0.313442618
1915	0.313575059
1916	0.31389012899999996
1917	0.314236611
1918	0.314707607
1919	0.315303266
1920	0.315945119
1921	0.316767931
1922	0.317754269
1923	0.31855455
1924	0.319357097
1925	0.32017532
1926	0.32106691600000004
1927	0.321719617
1928	0.322456568
1929	0.323320955
1930	0.324182123
1931	0.325022429
1932	0.325784057
1933	0.326663345
1934	0.327432901
1935	0.32818678
1936	0.329013318
1937	0.329975963
1938	0.33075442899999996
1939	0.33144179
1940	0.33219248100000004
1941	0.333115488
1942	0.334001243
1943	0.33467406
1944	0.335402966
1945	0.336226225
1946	0.33699733
1947	0.33772042399999996
1948	0.338526845
1949	0.339384556
1950	0.34009137700000003
1951	0.340753496
1952	0.3415851
1953	0.342468709
1954	0.343260735
1955	0.34406814
1956	0.34497678299999995
1957	0.34610623100000004
1958	0.346959531
1959	0.347774267
1960	0.348465711
1961	0.34904968700000005
1962	0.3498182
1963	0.350898772
1964	0.35188776299999996
1965	0.352776229
1966	0.35381475100000004
1967	0.354801565
1968	0.355699182
1969	0.356659323
1970	0.357747197
1971	0.358670473
1972	0.35951408700000004
1973	0.36045751
1974	0.361367524
1975	0.36222598
1976	0.363091469
1977	0.363907725
1978	0.364850491
1979	0.365965366
1980	0.36693030600000004
1981	0.367825955
1982	0.368870735
1983	0.36988195799999996
1984	0.370832354
1985	0.37192320799999995
1986	0.373033166
1987	0.374025255
1988	0.37503185899999997
1989	0.376098782
1990	0.377099425
1991	0.378037512
1992	0.37894240000000007
1993	0.379852444
1994	0.38064810600000004
1995	0.381480992
1996	0.382548839
1997	0.38362774299999997
1998	0.384659618
1999	0.385716766
2000	0.38669550399999997
2001	0.38763809200000005
2002	0.38853251899999997
2003	0.389270037
2004	0.390238494
2005	0.39130225799999996
2006	0.39232409
2007	0.393332988
2008	0.394491136
2009	0.395404518
2010	0.39612734299999997
2011	0.397169679
2012	0.39824804700000005
2013	0.399150819
2014	0.399999857
2015	0.400888652
2016	0.40160608299999995
2017	0.40245506200000003
2018	0.40347325799999995
2019	0.40431755799999997
2020	0.405091375
2021	0.406106234
2022	0.40695408
2023	0.407658339
2024	0.408500552
2025	0.409271777
2026	0.410022736
2027	0.41071313600000003
2028	0.41152790200000006
2029	0.41245240000000005
2030	0.41324085
2031	0.414020926
2032	0.414758235
2033	0.41548520299999997
2034	0.41605967299999996
2035	0.416553915
2036	0.417178392
2037	0.41793590799999997
2038	0.41865578299999995
2039	0.419252694
2040	0.419777423
2041	0.420432508
2042	0.421015084
2043	0.42160412700000005
2044	0.422309875
2045	0.423048049
2046	0.423518389
2047	0.42411506200000004
2048	0.42483452
2049	0.425336957
2050	0.425830394
2051	0.42627283899999996
2052	0.4267838
2053	0.427323073
2054	0.42775654799999996
2055	0.428082526
2056	0.428541303
2057	0.428956985
2058	0.42943841200000005
2059	0.42991158399999996
2060	0.43039554399999996
2061	0.430716485
2062	0.43108388799999997
2063	0.431561619
2064	0.432069749
2065	0.432485551
2066	0.432769358
2067	0.43312034
2068	0.43344283100000003
2069	0.433809251
2070	0.434230506
2071	0.43469432
2072	0.434930086
2073	0.435148388
2074	0.43542340399999996
2075	0.435762346
2076	0.43614569299999995
2077	0.436455727
2078	0.436792284
2079	0.43708598600000004
2080	0.43737748299999996
2081	0.437704325
2082	0.438015074
2083	0.438245535
2084	0.438528746
2085	0.43882808100000004
2086	0.439211607
2087	0.43945986
2088	0.439536631
2089	0.439675927
2090	0.43999394799999997
2091	0.440173894
2092	0.440428466
2093	0.440589875
2094	0.44052779700000005
2095	0.440688223
2096	0.44106075200000006
2097	0.441273898
2098	0.441385776
2099	0.44161769700000003
2100	0.441847414
2101	0.442166269
2102	0.442301273
2103	0.442287505
2104	0.442421943
2105	0.44254717200000004
2106	0.442817688
2107	0.443618864
2108	0.443838388
2109	0.443627954
2110	0.44373559999999995
2111	0.443782061
2112	0.44389122700000005
2113	0.444143564
2114	0.44442993399999997
2115	0.44478178
2116	0.44496569
2117	0.445241183
2118	0.445672095
2119	0.446087509
2120	0.446531475
2121	0.446785837
2122	0.44703728
2123	0.447210789
2124	0.447095335
2125	0.447191745
2126	0.44745475100000004
2127	0.44762975
2128	0.44780045700000004
2129	0.447911501
2130	0.44804182600000003
2131	0.448049039
2132	0.44786253600000003
2133	0.44785291
2134	0.44791647799999995
2135	0.447679967
2136	0.44745034
2137	0.447288305
2138	0.447069019
2139	0.446824163
2140	0.446392626
2141	0.445904642
2142	0.44534567
2143	0.44463411
2144	0.443845958
2145	0.44296321299999997
2146	0.442100585
2147	0.441141784
2148	0.440123111
2149	0.43915540000000003
2150	0.438111931
2151	0.436868966
2152	0.435594529
2153	0.43434721200000004
2154	0.433102131
2155	0.43189889200000003
2156	0.43080586200000004
2157	0.42952716399999996
2158	0.42803990799999997
2159	0.42688638
2160	0.425938398
2161	0.42467489799999997
2162	0.42339646799999997
2163	0.422251195
2164	0.42088329799999996
2165	0.41962689200000003
2166	0.418631792
2167	0.417624176
2168	0.416291088
2169	0.41503390700000004
2170	0.414053202
2171	0.41310352100000003
2172	0.412065625
2173	0.41113513700000004
2174	0.410086215
2175	0.40887755200000003
2176	0.40771207200000004
2177	0.406563878
2178	0.40541443200000005
2179	0.40425378100000003
2180	0.403036922
2181	0.40184360700000005
2182	0.400585443
2183	0.399178714
2184	0.39783346700000005
2185	0.396449238
2186	0.395143718
2187	0.39397794
2188	0.392843902
2189	0.391378045
2190	0.38991236700000004
2191	0.388593167
2192	0.38712582
2193	0.385801196
2194	0.38485828
2195	0.383513272
2196	0.381811887
2197	0.38043254600000004
2198	0.37931311100000004
2199	0.377794832
2200	0.376169711
2201	0.374546438
2202	0.37274763
2203	0.37076968
2204	0.368638426
2205	0.366544217
2206	0.36471471200000005
2207	0.363161653
2208	0.36246669299999995
2209	0.362461597
2210	0.36277568299999996
2211	0.363405883
2212	0.364843071
2213	0.367345721
2214	0.369211704
2215	0.37158480299999996
2216	0.37340328100000003
2217	0.374808639
2218	0.376222968
2219	0.377619117
2220	0.378819406
2221	0.37967824899999997
2222	0.38067218700000005
2223	0.381782413
2224	0.382614642
2225	0.38339486700000003
2226	0.383936942
2227	0.38421395399999997
2228	0.38445195600000004
2229	0.384793967
2230	0.385465115
2231	0.386489421
2232	0.387246162
2233	0.38769877
2234	0.387888402
2235	0.388288736
2236	0.3884269
2237	0.388768822
2238	0.38946059299999997
2239	0.389856845
2240	0.39011997
2241	0.390331
2242	0.39020559200000005
2243	0.39053431200000005
2244	0.39112955299999996
2245	0.39152359999999997
2246	0.39204528899999996
2247	0.392691642
2248	0.39352822299999995
2249	0.393776804
2250	0.39403921399999997
2251	0.39458239100000003
2252	0.39501115700000006
2253	0.39517980799999997
2254	0.39532530299999996
2255	0.39596346
2256	0.39636620899999997
2257	0.39641633600000004
2258	0.396819174
2259	0.39755854
2260	0.39802292
2261	0.39849901200000004
2262	0.39881855200000005
2263	0.39893919200000005
2264	0.399228454
2265	0.399584144
2266	0.399764746
2267	0.39983618299999996
2268	0.400051892
2269	0.40028080299999996
2270	0.40032684799999996
2271	0.400507569
2272	0.400592595
2273	0.400409251
2274	0.400141746
2275	0.400362581
2276	0.40038275700000003
2277	0.40011885799999997
2278	0.39984011700000005
2279	0.399634421
2280	0.399558365
2281	0.399164468
2282	0.398662329
2283	0.398370564
2284	0.39777106
2285	0.39743909200000005
2286	0.397783756
2287	0.397373229
2288	0.396244615
2289	0.395812184
2290	0.395684332
2291	0.39508152
2292	0.39441818
2293	0.39402172
2294	0.393386215
2295	0.392853826
2296	0.39283192200000006
2297	0.392521381
2298	0.39189294
2299	0.39125013399999997
2300	0.39049950200000005
2301	0.38998881
2302	0.389431477
2303	0.389002025
2304	0.38885933200000006
2305	0.388829529
2306	0.388367355
2307	0.387392849
2308	0.386450708
2309	0.38563484
2310	0.384883165
2311	0.38427388700000004
2312	0.38343980899999996
2313	0.382519841
2314	0.38218352200000005
2315	0.382071465
2316	0.381516546
2317	0.381033599
2318	0.380432069
2319	0.379252553
2320	0.378543705
2321	0.378365815
2322	0.37771800200000005
2323	0.376790315
2324	0.376150608
2325	0.37551602700000003
2326	0.374762654
2327	0.37395525
2328	0.373414576
2329	0.373096615
2330	0.372445911
2331	0.37191391
2332	0.37132531399999996
2333	0.37014225100000003
2334	0.36932826
2335	0.36871725299999997
2336	0.36841583299999997
2337	0.368458778
2338	0.368105918
2339	0.36759820600000004
2340	0.36716243600000004
2341	0.36596074700000003
2342	0.364874989
2343	0.36426547200000003
2344	0.363517016
2345	0.36330559799999995
2346	0.363554955
2347	0.363444149
2348	0.36287891899999997
2349	0.36201939
2350	0.361165732
2351	0.36068940200000005
2352	0.360290974
2353	0.360087007
2354	0.36019629200000003
2355	0.360017598
2356	0.359942198
2357	0.359672636
2358	0.358814299
2359	0.35874980700000003
2360	0.359148741
2361	0.359172165
2362	0.35942742200000005
2363	0.359526157
2364	0.35928410299999997
2365	0.358992398
2366	0.35865938700000005
2367	0.358477294
2368	0.35829094100000003
2369	0.357999355
2370	0.357759327
2371	0.357260048
2372	0.356513321
2373	0.355767161
2374	0.35465347799999997
2375	0.35460344
2376	0.354438126
2377	0.353389829
2378	0.353003949
2379	0.35304325799999997
2380	0.35262951299999995
2381	0.35216406
2382	0.35163176100000004
2383	0.35072872
2384	0.350094289
2385	0.34988606
2386	0.349571019
2387	0.349222094
2388	0.34899783100000004
2389	0.348882824
2390	0.348557264
2391	0.34780308600000004
2392	0.347298861
2393	0.34693869899999996
2394	0.347037673
2395	0.347806454
2396	0.34743070600000003
2397	0.34643349100000004
2398	0.34635764399999996
2399	0.346484721
2400	0.346367896
2401	0.34599584299999997
2402	0.345099151
2403	0.343855411
2404	0.343134969
2405	0.343219548
2406	0.342978179
2407	0.342627168
2408	0.343189776
2409	0.34362226700000004
2410	0.342952579
2411	0.341726363
2412	0.340763986
2413	0.34005716399999997
2414	0.339415222
2415	0.339194924
2416	0.33869949
2417	0.33746057700000004
2418	0.336720258
2419	0.33707824299999994
2420	0.33724489799999996
2421	0.335599035
2422	0.333700895
2423	0.332820773
2424	0.331683367
2425	0.331026256
2426	0.33096137600000003
2427	0.329967052
2428	0.328611583
2429	0.328461826
2430	0.328314066
2431	0.32709163399999996
2432	0.32558402399999997
2433	0.324423701
2434	0.32252872
2435	0.321618229
2436	0.322458953
2437	0.322004288
2438	0.32053530199999997
2439	0.319735229
2440	0.319015175
2441	0.317815691
2442	0.316476822
2443	0.316294998
2444	0.316521257
2445	0.315560281
2446	0.314488977
2447	0.314301729
2448	0.314026147
2449	0.313490033
2450	0.314539492
2451	0.313719034
2452	0.309764385
2453	0.30885398399999997
2454	0.309064418
2455	0.308809608
2456	0.310750782
2457	0.311092943
2458	0.309726208
2459	0.30893743
2460	0.308794439
2461	0.307162523
2462	0.303548276
2463	0.302396387
2464	0.301572114
2465	0.30081799600000003
2466	0.302545279
2467	0.302633643
2468	0.301070035
2469	0.299945116
2470	0.298595458
2471	0.297781587
2472	0.29753848899999996
2473	0.296915621
2474	0.29553023
2475	0.295623928
2476	0.298312128
2477	0.296826452
2478	0.292308003
2479	0.291649342
2480	0.289612174
2481	0.288401455
2482	0.293521464
2483	0.293939173
2484	0.287452728
2485	0.287189335
2486	0.29248786
2487	0.291736037
2488	0.288780302
2489	0.288717777
2490	0.286795765
2491	0.284160703
2492	0.283206582
2493	0.284485847
2494	0.284863502
2495	0.284103751
2496	0.28865742699999997
2497	0.289108485
2498	0.281922847
2499	0.27894398600000003
2500	0.27869948699999997
