402.4	-1.648171703
411.3	-1.7012947040000002
419.4	-1.713259897
427.0	-1.6636672890000002
434.3	-1.6247926469999998
441.7	-1.558327211
449.0	-1.501956105
456.4	-1.469808695
463.7	-1.449171971
470.9	-1.4013408040000002
478.2	-1.3553834969999998
485.4	-1.351365546
492.7	-1.296893479
500.1	-1.2625136270000001
507.7	-1.202477759
515.2	-1.2181298170000001
522.9	-1.153148178
530.7	-1.081842859
538.5	-1.0399026009999999
546.5	-0.98226712
554.6	-0.946513852
562.7	-0.875822063
571.0	-0.764896603
579.4	-0.715646838
587.8	-0.65737534
596.5	-0.610380721
605.4	-0.594739453
614.2	-0.573049681
623.2	-0.502789767
632.1	-0.466725575
641.3	-0.446031075
650.8	-0.458697096
660.3	-0.41779414600000003
669.8	-0.40285094299999996
679.5	-0.36788229100000003
689.4	-0.27312125
699.1	-0.201285584
709.0	-0.22920754100000001
719.2	-0.24388163899999998
729.2	-0.150279763
739.4	-0.094247235
749.7	-0.113523586
760.1	-0.12786697800000002
770.5	0.214745413
780.9	0.02974645
791.4	0.075677005
801.9	0.08410251099999999
812.5	0.00737413
823.1	0.042076370999999994
833.8	0.11376141199999999
844.4	0.11358628
855.2	0.113577056
865.9	0.08443681800000001
876.6	0.11854687800000001
887.3	0.115595028
898.0	0.026580337000000002
908.6	0.036675791
919.2	-0.008128428
929.4	-0.37092813
939.9	-0.329136469
951.4	-0.0853622
962.3	0.132811142
972.6	0.23861389800000002
943.0	-0.552603642
951.0	-0.276140063
959.5	-0.111640444
969.4	0.16753104900000002
978.7	0.269865463
988.4	0.329091478
998.4	0.301493846
1008.2	0.30440120600000004
1018.0	0.322582953
1028.8	0.35834380899999996
1037.8	0.400112015
1047.4	0.43460572299999994
1057.4	0.484168947
1067.6	0.516225504
1078.0	0.527151472
1088.6	0.589870706
1099.1	0.579058948
1109.7	0.35835631
1120.5	-0.244408536
1131.1	-0.270362843
1141.9	0.052812004
1152.5	0.17839395
1163.5	0.5203474570000001
1174.5	0.59272579
1185.4	0.648260292
1196.2	0.733811105
1207.1	0.802992279
1217.7	0.868238996
1229.0	0.836977697
1240.1	0.8283777790000001
1250.8	0.972509665
1262.3	1.2312719490000001
1273.3	1.245628341
1284.3	1.053496155
1295.2	1.0265468690000001
1306.0	0.9490558729999999
1317.0	0.8983743590000001
1328.1	0.7046178759999999
1338.9	0.463329308
1349.6	-0.889222871
1360.8	-2.0311889340000002
1372.7	-2.220692485
1383.0	-2.185928021
1394.5	-2.102284481
1405.4	-1.916610248
1416.3	-1.8003214669999998
1427.1	-1.483018164
1438.2	-1.344403244
1448.9	-1.009434728
1459.1	0.057581182
1469.7	-0.12381340699999999
1480.6	0.115065289
1491.2	0.557011809
1501.8	0.792643907
1512.4	0.9734336140000001
1523.0	1.066959571
1533.6	0.9836393520000001
1544.0	0.961595628
1554.6	0.9623456890000001
1565.1	1.002491314
1575.4	1.029588629
1585.6	1.079889979
1596.0	1.101080227
1606.2	1.100943282
1616.6	1.085538493
1626.8	1.072279926
1636.9	1.0854015590000001
1647.0	1.0731876790000001
1656.8	1.1084780440000002
1667.0	1.097964891
1677.1	1.11411292
1687.2	1.1008552
1697.0	1.121314697
1706.8	1.136770056
1716.6	1.166490604
1726.4	1.191366404
1736.3	1.209179075
1745.9	1.1604278540000001
1755.5	1.19137493
1765.3	1.124441682
1774.9	1.052830744
1784.4	0.888631444
1793.7	0.6223994629999999
1803.4	-0.7509176340000001
1812.8	-1.2590737570000001
1822.1	-1.6817912919999998
1831.7	-2.084416694
1841.0	-2.2045512730000003
1850.3	-2.207052064
1859.3	-2.182700611
1868.0	-2.214924073
1878.5	-2.168654605
1886.8	-2.06505815
1895.8	-2.119538008
1904.6	-2.219351173
1914.0	-2.115774036
1923.1	-1.9128638919999998
1932.0	-1.7590649459999999
1940.8	-1.550227286
1949.6	-1.400270159
1958.4	-0.112505295
1967.1	0.6021286220000001
1975.8	0.893724793
1984.5	1.00785628
1993.3	1.369784879
2001.8	0.565730485
2010.4	0.7782855240000001
2019.0	0.815229158
2027.5	1.364508835
2036.0	1.364369334
2044.4	1.4453168980000002
2052.8	1.144903451
2061.1	1.4067699919999999
2069.5	1.15511289
2077.8	1.210434863
2086.1	1.115758531
2094.4	1.014917425
2102.5	0.956618765
2110.8	0.9042561370000001
2119.0	0.9382441109999999
2127.1	0.904310693
2135.2	0.902573878
2143.2	0.920294783
2151.1	0.9375903609999999
2159.3	0.8651586179999999
2167.3	0.86197907
2175.1	0.8079100490000001
2183.2	0.767775216
2190.8	0.723228056
2198.9	0.652714948
2206.6	0.581542971
2214.3	0.61828489
2222.2	0.641643792
2229.8	0.632183288
2237.6	0.600138388
2245.2	0.5919288429999999
2252.8	0.530546382
2260.6	0.560425465
2268.0	0.565017356
2275.8	0.506407295
2283.3	0.5406401820000001
2290.6	0.5325746889999999
2298.3	0.478269558
2305.5	0.473088984
2312.9	0.436670104
2320.6	0.20439513
2327.6	0.42299333200000006
2335.2	0.384482505
2342.6	0.322071534
2349.6	0.24556044800000001
2357.0	-0.221644294
2364.4	-0.11969371699999999
2371.3	-0.42996003
2378.5	-0.305820262
2385.8	-0.29982512899999997
2392.8	-0.214606725
2399.8	-0.07153232400000001
2407.3	-0.17642776
2414.2	-0.331589608
2421.0	-0.386714128
2428.4	-0.13494082
2435.3	-0.42625998600000004
2442.2	-0.25959057399999996
2448.9	-0.693624175
2456.3	-0.470720488
2462.8	-0.228102537
2469.4	-0.340948962
2476.8	-0.38725906600000004
2483.6	-0.6743048359999999
2490.0	2.489616301
2496.9	0.20643679
