350	0.113632
351	0.1113355
352	0.1096616
353	0.1085618
354	0.1079031
355	0.10729189999999998
356	0.1076919
357	0.10803399999999999
358	0.10730539999999998
359	0.108373
360	0.10975539999999999
361	0.1101234
362	0.10958050000000001
363	0.1095328
364	0.1100996
365	0.1092519
366	0.110549
367	0.11233199999999999
368	0.10990810000000001
369	0.1105777
370	0.1126059
371	0.1124659
372	0.11261869999999999
373	0.11313920000000001
374	0.11380230000000001
375	0.11429389999999999
376	0.11485719999999999
377	0.11569929999999999
378	0.1172287
379	0.11749860000000001
380	0.1171657
381	0.11838330000000001
382	0.1186425
383	0.11841800000000001
384	0.1187531
385	0.11901989999999998
386	0.1195444
387	0.1204885
388	0.12133519999999999
389	0.12218399999999999
390	0.1229376
391	0.12312169999999999
392	0.12352830000000001
393	0.1242
394	0.12480029999999999
395	0.1252051
396	0.1256158
397	0.1262814
398	0.12717089999999998
399	0.12802360000000002
400	0.12852919999999998
401	0.12801880000000002
402	0.1283326
403	0.1295647
404	0.1294212
405	0.12977660000000002
406	0.1306479
407	0.1312135
408	0.1316273
409	0.1320073
410	0.13246070000000001
411	0.1329401
412	0.13341329999999998
413	0.13391979999999998
414	0.134736
415	0.1354672
416	0.135917
417	0.1360225
418	0.1363891
419	0.1370254
420	0.1376336
421	0.1382017
422	0.13873829999999998
423	0.1392779
424	0.13994260000000003
425	0.1405223
426	0.1409606
427	0.14171199999999998
428	0.14248129999999998
429	0.1431476
430	0.1437906
431	0.14437139999999998
432	0.1450118
433	0.14591329999999997
434	0.1467766
435	0.14755539999999998
436	0.14828470000000002
437	0.14911129999999997
438	0.1499088
439	0.1506234
440	0.15147170000000001
441	0.1522776
442	0.15299400000000002
443	0.1537175
444	0.15444029999999997
445	0.15517020000000004
446	0.1559086
447	0.15650989999999998
448	0.1570633
449	0.157698
450	0.158434
451	0.1591249
452	0.1597034
453	0.1603461
454	0.1609398
455	0.1614745
456	0.1620677
457	0.162545
458	0.1629731
459	0.1635239
460	0.1640444
461	0.1645252
462	0.1649958
463	0.165516
464	0.16601300000000002
465	0.1664572
466	0.16693870000000002
467	0.1674158
468	0.1678785
469	0.1683377
470	0.16885239999999999
471	0.16934670000000002
472	0.16970410000000002
473	0.17014010000000002
474	0.1706343
475	0.17112739999999999
476	0.17160910000000001
477	0.17206849999999999
478	0.17250870000000001
479	0.17295139999999998
480	0.1734667
481	0.17401870000000003
482	0.17447739999999998
483	0.17499589999999998
484	0.1755391
485	0.1760237
486	0.1765433
487	0.1771124
488	0.1777255
489	0.1783495
490	0.178949
491	0.1795368
492	0.18021089999999998
493	0.18087550000000002
494	0.18150639999999998
495	0.18211739999999998
496	0.18268510000000002
497	0.18328
498	0.18397470000000002
499	0.1846388
500	0.185297
501	0.18598589999999998
502	0.18673979999999998
503	0.1874449
504	0.1880908
505	0.1888257
506	0.18949660000000002
507	0.19014479999999997
508	0.1909086
509	0.1916175
510	0.192333
511	0.19313450000000001
512	0.1938559
513	0.1945306
514	0.19520410000000002
515	0.19589990000000002
516	0.1966259
517	0.1973842
518	0.1981744
519	0.19891099999999998
520	0.199603
521	0.20030209999999998
522	0.20105050000000002
523	0.20180839999999997
524	0.2025443
525	0.2033565
526	0.2041341
527	0.2048399
528	0.20559929999999998
529	0.20643179999999997
530	0.20728139999999998
531	0.20802039999999997
532	0.2087632
533	0.20954829999999997
534	0.2103835
535	0.2111986
536	0.2120028
537	0.21281420000000004
538	0.213625
539	0.21446120000000002
540	0.21532590000000001
541	0.2161794
542	0.2170464
543	0.2179185
544	0.21876710000000002
545	0.219648
546	0.22057070000000004
547	0.2215146
548	0.2223569
549	0.22325050000000002
550	0.2242834
551	0.22533160000000002
552	0.22638699999999998
553	0.22747110000000004
554	0.2286531
555	0.22982729999999996
556	0.2309507
557	0.2320138
558	0.23308160000000003
559	0.23411210000000002
560	0.23508
561	0.2360917
562	0.23711729999999998
563	0.23812529999999996
564	0.2390835
565	0.24002529999999997
566	0.240981
567	0.24197359999999998
568	0.24294369999999998
569	0.2438905
570	0.2448289
571	0.2457393
572	0.24658760000000002
573	0.24737329999999996
574	0.2481953
575	0.24907379999999998
576	0.24998520000000002
577	0.2508504
578	0.251698
579	0.2525185
580	0.2532964
581	0.2540734
582	0.2548346
583	0.2555639
584	0.25629070000000004
585	0.25699479999999997
586	0.25766479999999997
587	0.258294
588	0.258945
589	0.2596126
590	0.26023520000000006
591	0.26086159999999997
592	0.2614402
593	0.2619034
594	0.262325
595	0.2627139
596	0.2630942
597	0.2635824
598	0.2641269
599	0.26467979999999997
600	0.2652087
601	0.2657511
602	0.26628759999999996
603	0.26678270000000004
604	0.2672567
605	0.2677268
606	0.26820029999999995
607	0.268631
608	0.26904829999999996
609	0.26947659999999996
610	0.26993429999999996
611	0.2703623
612	0.27075959999999993
613	0.2711607
614	0.2715916
615	0.2720174
616	0.27239640000000004
617	0.2727783
618	0.273169
619	0.27356040000000004
620	0.2739249
621	0.27428969999999997
622	0.27464659999999996
623	0.2749521
624	0.27527579999999996
625	0.27562600000000004
626	0.27598829999999996
627	0.27636869999999997
628	0.2767212
629	0.2770225
630	0.277335
631	0.2776587
632	0.2779875
633	0.2783058
634	0.2786212
635	0.278938
636	0.27925690000000003
637	0.2795475
638	0.27985479999999996
639	0.2802093
640	0.28051040000000005
641	0.2808204
642	0.28115840000000003
643	0.2814547
644	0.2817298
645	0.2819999
646	0.2822845
647	0.28261390000000003
648	0.2829426
649	0.28322179999999997
650	0.2835051
651	0.2837797
652	0.2840468
653	0.284358
654	0.2846509
655	0.28492259999999997
656	0.2852185
657	0.2855032
658	0.2857741
659	0.2860356
660	0.2862657
661	0.2865296
662	0.2868542
663	0.28714429999999996
664	0.2874271
665	0.2877191
666	0.2880321
667	0.2882842
668	0.28851679999999996
669	0.28881090000000004
670	0.2891019
671	0.2893847
672	0.2896641
673	0.28994790000000004
674	0.29021420000000003
675	0.2904717
676	0.2907726
677	0.2910501
678	0.2913073
679	0.2915748
680	0.29184040000000006
681	0.2921172
682	0.2924074
683	0.2926567
684	0.2929433
685	0.2932784
686	0.2935743
687	0.29386940000000006
688	0.2941665
689	0.2944569
690	0.29475229999999997
691	0.2950522
692	0.29535120000000004
693	0.2956283
694	0.29589770000000004
695	0.2961703
696	0.2964505
697	0.29671679999999995
698	0.2969839
699	0.2972821
700	0.29756109999999997
701	0.2978453
702	0.2981538
703	0.2984176
704	0.29868259999999996
705	0.2989692
706	0.29925250000000003
707	0.2995248
708	0.2997838
709	0.3000335
710	0.3003017
711	0.3006033
712	0.3009366
713	0.3012479
714	0.30152070000000003
715	0.30177170000000003
716	0.3020796
717	0.3023482
718	0.3025981
719	0.3029048
720	0.303153
721	0.3033887
722	0.3036693
723	0.3039545
724	0.30425440000000004
725	0.3045547
726	0.30479090000000003
727	0.3050555
728	0.30535120000000004
729	0.3056373
730	0.3059014
731	0.306155
732	0.3064117
733	0.3066583
734	0.3069113
735	0.3071748
736	0.30742670000000005
737	0.3077183
738	0.3080177
739	0.30826
740	0.3085301
741	0.3088227
742	0.3091152
743	0.3093861
744	0.30963870000000004
745	0.3098837
746	0.3101433
747	0.31042420000000004
748	0.3107
749	0.3109363
750	0.3111889
751	0.3114671
752	0.3117625
753	0.31203020000000004
754	0.31230979999999997
755	0.31260129999999997
756	0.312859
757	0.3131177
758	0.3133825
759	0.31364580000000003
760	0.31388330000000003
761	0.314131
762	0.31440490000000004
763	0.3146563
764	0.3148927
765	0.3151256
766	0.3153725
767	0.3156579
768	0.31595159999999994
769	0.31620970000000004
770	0.31641090000000005
771	0.316632
772	0.316906
773	0.3171633
774	0.3174113
775	0.3176486
776	0.3178708
777	0.3180841
778	0.3183068
779	0.31854440000000006
780	0.3187414
781	0.3189358
782	0.3191467
783	0.31935979999999997
784	0.3195962
785	0.319832
786	0.32002670000000005
787	0.3202125
788	0.320409
789	0.3206208
790	0.32081129999999997
791	0.3209885
792	0.32116999999999996
793	0.32138459999999996
794	0.32158359999999997
795	0.3217514
796	0.3218938
797	0.3220869
798	0.3222868
799	0.32245219999999997
800	0.3225646
801	0.3227143
802	0.3229134
803	0.3231171
804	0.32327459999999997
805	0.3233888
806	0.32348509999999997
807	0.3236005
808	0.3237685
809	0.32396640000000004
810	0.32408109999999996
811	0.3241967
812	0.3243331
813	0.3244801
814	0.3245833
815	0.3246821
816	0.32480790000000004
817	0.3249303
818	0.32504920000000004
819	0.3251587
820	0.3252486
821	0.3253909
822	0.32552109999999995
823	0.32556430000000003
824	0.3256102
825	0.3256726
826	0.32575529999999997
827	0.3258601
828	0.3259316
829	0.3259902
830	0.32608940000000003
831	0.3261695
832	0.32623320000000006
833	0.3262848
834	0.326293
835	0.32633979999999996
836	0.32642940000000004
837	0.3264911
838	0.3265656
839	0.326638
840	0.3266874
841	0.32674000000000003
842	0.3267922
843	0.3268386
844	0.3268736
845	0.3269045
846	0.3269366
847	0.326974
848	0.3270228
849	0.32706440000000003
850	0.3270881
851	0.3271128
852	0.3271653
853	0.3272333
854	0.3272692
855	0.3272817
856	0.3272985
857	0.3273458
858	0.3274187
859	0.3274512
860	0.3274382
861	0.32746790000000003
862	0.32750949999999995
863	0.32753740000000003
864	0.32753920000000003
865	0.3276344
866	0.3277206
867	0.32773709999999995
868	0.32777470000000003
869	0.3278179
870	0.3278583
871	0.32789029999999997
872	0.3279519
873	0.3280078
874	0.3280276
875	0.32804490000000003
876	0.3280853
877	0.3281542
878	0.3282367
879	0.32828090000000004
880	0.3283036
881	0.3283402
882	0.3283909
883	0.3284638
884	0.3285494
885	0.3286119
886	0.3286407
887	0.32864709999999997
888	0.3286605
889	0.3287476
890	0.3288554
891	0.32894179999999995
892	0.3290223
893	0.32909479999999997
894	0.3291679
895	0.3292536
896	0.32930940000000003
897	0.3293663
898	0.3294539
899	0.3295613
900	0.3296567
901	0.3297333
902	0.32980729999999997
903	0.3299042
904	0.330021
905	0.3301385
906	0.3302074
907	0.3302676
908	0.3303454
909	0.33044819999999997
910	0.33056040000000003
911	0.33068309999999995
912	0.3308089
913	0.3308542
914	0.3309229
915	0.3310594
916	0.3312025
917	0.33133340000000006
918	0.33143629999999996
919	0.33151329999999996
920	0.33165209999999995
921	0.3317859
922	0.33188
923	0.33199270000000003
924	0.3320984
925	0.3322196
926	0.3323877
927	0.3325057
928	0.33263899999999996
929	0.33281869999999997
930	0.3329413
931	0.33309190000000005
932	0.33325190000000005
933	0.3333503
934	0.3334548
935	0.3335886
936	0.3337469
937	0.33386709999999997
938	0.3339784
939	0.3341318
940	0.33438140000000005
941	0.3345198
942	0.3346103
943	0.3347397
944	0.3348958
945	0.3350559
946	0.33520029999999995
947	0.3353176
948	0.33550050000000003
949	0.3356798
950	0.33578850000000005
951	0.3358884
952	0.33600820000000003
953	0.33616609999999997
954	0.3363658
955	0.336522
956	0.3366413
957	0.33675040000000006
958	0.3368523
959	0.33701290000000006
960	0.3372038
961	0.3373114
962	0.33746040000000005
963	0.33759629999999996
964	0.3376755
965	0.33785879999999996
966	0.3380586
967	0.3382294
968	0.3383696
969	0.3385013
970	0.3386675
971	0.3388865
972	0.33907009999999993
973	0.3392617
974	0.3394312
975	0.3394848
976	0.3396537
977	0.33986109999999997
978	0.340003
979	0.3401651
980	0.3403177
981	0.3404844
982	0.3407307
983	0.3409231
984	0.3410666
985	0.34119570000000005
986	0.3413231
987	0.34149309999999994
988	0.3416807
989	0.3418058
990	0.3418988
991	0.3420546
992	0.34230759999999993
993	0.342461
994	0.3426239
995	0.3428083
996	0.3429561
997	0.34305359999999996
998	0.343134
999	0.3432378
1000	0.3434022
1001	0.3428118
1002	0.34298
1003	0.3431427
1004	0.34335959999999993
1005	0.34348959999999995
1006	0.3435495
1007	0.3436744
1008	0.34379940000000003
1009	0.34391120000000003
1010	0.3440827
1011	0.3441801
1012	0.3441572
1013	0.3442377
1014	0.3443559
1015	0.344459
1016	0.3445962
1017	0.34482209999999996
1018	0.3449572
1019	0.345023
1020	0.3451679
1021	0.345358
1022	0.3454868
1023	0.3456573
1024	0.3457583
1025	0.3457461
1026	0.3457887
1027	0.34578709999999996
1028	0.3458796
1029	0.3459492
1030	0.34603059999999997
1031	0.3461397
1032	0.3462478
1033	0.3464083
1034	0.3466579
1035	0.3468241
1036	0.3470238
1037	0.34714629999999996
1038	0.347172
1039	0.3472244
1040	0.3471877
1041	0.3472622
1042	0.3473668
1043	0.3475188
1044	0.34764340000000005
1045	0.34785429999999995
1046	0.34793579999999996
1047	0.3479138
1048	0.34797059999999996
1049	0.34797690000000003
1050	0.3480655
1051	0.3482918
1052	0.34839349999999997
1053	0.3484384
1054	0.34851809999999994
1055	0.34851109999999996
1056	0.34859359999999995
1057	0.34867109999999996
1058	0.3487982
1059	0.3489053
1060	0.34902
1061	0.3491163
1062	0.34918299999999997
1063	0.3493195
1064	0.34953249999999997
1065	0.3496351
1066	0.3497307
1067	0.3498182
1068	0.3497841
1069	0.3497927
1070	0.3499047
1071	0.35011809999999993
1072	0.3502544
1073	0.3504619
1074	0.3505466
1075	0.3505118
1076	0.3505789
1077	0.3506263
1078	0.3507132
1079	0.3508983
1080	0.3510105
1081	0.3510727
1082	0.3511694
1083	0.3512522
1084	0.35135340000000004
1085	0.35148270000000004
1086	0.3516843
1087	0.3517735
1088	0.3518047
1089	0.3518954
1090	0.35191500000000003
1091	0.3520534
1092	0.352354
1093	0.3525211
1094	0.3526788
1095	0.3527995
1096	0.3528072
1097	0.3528792
1098	0.35297779999999995
1099	0.3531132
1100	0.3532285
1101	0.35335700000000003
1102	0.35346890000000003
1103	0.3535707
1104	0.3536739
1105	0.3537823
1106	0.3538941
1107	0.3540115
1108	0.3541031
1109	0.3541808
1110	0.3542616
1111	0.3543313
1112	0.3544016
1113	0.35453959999999995
1114	0.3547131
1115	0.3548187
1116	0.35491259999999997
1117	0.355003
1118	0.3550178
1119	0.3551129
1120	0.35528390000000004
1121	0.3553913
1122	0.3554869
1123	0.3555973
1124	0.35568390000000005
1125	0.35577600000000004
1126	0.3559064
1127	0.3560223
1128	0.3560808
1129	0.3561862
1130	0.35633509999999996
1131	0.3565551
1132	0.3566652
1133	0.35675009999999996
1134	0.3568817
1135	0.356959
1136	0.35707449999999996
1137	0.357295
1138	0.35742379999999996
1139	0.3574703
1140	0.3575665
1141	0.3576645
1142	0.3577732
1143	0.3579364
1144	0.35805390000000004
1145	0.35813649999999997
1146	0.35817109999999996
1147	0.35826579999999997
1148	0.3583491
1149	0.35843179999999997
1150	0.35855329999999996
1151	0.358668
1152	0.3587518
1153	0.3588575
1154	0.3590514
1155	0.3591933
1156	0.3592752
1157	0.3593917
1158	0.3595151
1159	0.359623
1160	0.3597585
1161	0.3599481
1162	0.36007
1163	0.36009640000000004
1164	0.360227
1165	0.3604029
1166	0.3605438
1167	0.360728
1168	0.3609038
1169	0.3610644
1170	0.3611803
1171	0.36134
1172	0.3615192
1173	0.3616919
1174	0.3618265
1175	0.3619374
1176	0.3620919
1177	0.3622312
1178	0.3623834
1179	0.36253709999999995
1180	0.3627155
1181	0.3628603
1182	0.3629737
1183	0.3631179
1184	0.3632843
1185	0.3634345
1186	0.36353040000000003
1187	0.36364209999999997
1188	0.3637685
1189	0.363898
1190	0.36405370000000004
1191	0.3642038
1192	0.3643157
1193	0.36445520000000003
1194	0.364612
1195	0.3648131
1196	0.36497959999999996
1197	0.36513979999999996
1198	0.3652828
1199	0.36539829999999995
1200	0.3655489
1201	0.36570990000000003
1202	0.36585
1203	0.3659593
1204	0.3660988
1205	0.3662344
1206	0.3663363
1207	0.3665025
1208	0.3666755
1209	0.36679429999999996
1210	0.36695720000000004
1211	0.3671463
1212	0.36732059999999994
1213	0.3674814
1214	0.3676351
1215	0.3677964
1216	0.36795059999999996
1217	0.36810149999999997
1218	0.36824120000000005
1219	0.3684243
1220	0.3686227
1221	0.3687823
1222	0.36895370000000005
1223	0.3691255
1224	0.36928390000000005
1225	0.3694407
1226	0.36959970000000003
1227	0.36979059999999997
1228	0.3699436
1229	0.37008420000000003
1230	0.370246
1231	0.3704156
1232	0.37056540000000004
1233	0.3707222
1234	0.37088590000000005
1235	0.37097420000000003
1236	0.371121
1237	0.37131240000000004
1238	0.37145079999999997
1239	0.3716041
1240	0.3717891
1241	0.3719613
1242	0.3721288
1243	0.37229450000000003
1244	0.3724592
1245	0.3726312
1246	0.37277309999999997
1247	0.37291940000000007
1248	0.37310129999999997
1249	0.3732664
1250	0.3733967
1251	0.3735493
1252	0.37374559999999996
1253	0.373919
1254	0.3740901
1255	0.374259
1256	0.37442659999999994
1257	0.3745991
1258	0.3747307
1259	0.37488530000000003
1260	0.3751033
1261	0.3752938
1262	0.3754393
1263	0.37559840000000005
1264	0.3757873
1265	0.3759482
1266	0.376101
1267	0.37628659999999997
1268	0.3764755
1269	0.3766373
1270	0.376798
1271	0.3769755
1272	0.3771609
1273	0.377336
1274	0.3774671
1275	0.3776182
1276	0.3777954
1277	0.3779655
1278	0.37813779999999997
1279	0.378282
1280	0.3784298
1281	0.3786035
1282	0.3787649
1283	0.3789382
1284	0.3791288
1285	0.3793272
1286	0.3795333
1287	0.379706
1288	0.37990359999999995
1289	0.3800638
1290	0.3801773
1291	0.38031479999999995
1292	0.3804744
1293	0.3806288
1294	0.3807939
1295	0.3809459
1296	0.3810774
1297	0.3812388
1298	0.3814262
1299	0.3815662
1300	0.38169440000000004
1301	0.3818829
1302	0.3820625
1303	0.38221940000000004
1304	0.38239209999999996
1305	0.3825475
1306	0.38271669999999997
1307	0.3828732
1308	0.38305859999999997
1309	0.3832684
1310	0.3834459
1311	0.3835783
1312	0.3837322
1313	0.3839028
1314	0.384062
1315	0.38418559999999996
1316	0.38430640000000005
1317	0.38443590000000005
1318	0.38454629999999995
1319	0.3847202
1320	0.3849628
1321	0.3851579
1322	0.3852966
1323	0.385441
1324	0.38560259999999996
1325	0.38578179999999995
1326	0.385946
1327	0.38615340000000004
1328	0.3863601
1329	0.38656609999999997
1330	0.3867009
1331	0.3868315
1332	0.38699390000000006
1333	0.3871434
1334	0.38725279999999995
1335	0.3874169
1336	0.3876408
1337	0.3878262
1338	0.3880249
1339	0.3882282
1340	0.38839440000000003
1341	0.3885438
1342	0.38868800000000003
1343	0.3888208
1344	0.38893340000000004
1345	0.38907790000000003
1346	0.38922979999999996
1347	0.38937059999999996
1348	0.3895305
1349	0.3896683
1350	0.38977829999999997
1351	0.3898783
1352	0.3900077
1353	0.3901211
1354	0.3902516
1355	0.3903968
1356	0.3905165
1357	0.3906642
1358	0.3908253
1359	0.39093140000000004
1360	0.3910107
1361	0.3911053
1362	0.39122209999999996
1363	0.3913502
1364	0.3914962
1365	0.39167340000000006
1366	0.391824
1367	0.39191609999999993
1368	0.3920068
1369	0.39211209999999996
1370	0.392185
1371	0.3922373
1372	0.3922599
1373	0.3922672
1374	0.39225290000000007
1375	0.3922119
1376	0.3921341
1377	0.3920338
1378	0.39190890000000006
1379	0.3917595
1380	0.39159679999999997
1381	0.39147459999999995
1382	0.39134559999999996
1383	0.3911602
1384	0.39102929999999997
1385	0.39090240000000004
1386	0.3906909
1387	0.3904643
1388	0.3902071
1389	0.3898432
1390	0.3894243
1391	0.3890072
1392	0.38855500000000004
1393	0.3880672
1394	0.3875615
1395	0.38701399999999997
1396	0.3863955
1397	0.38577540000000005
1398	0.38512690000000005
1399	0.384483
1400	0.3838087
1401	0.3831602
1402	0.3825639
1403	0.3819979
1404	0.3814955
1405	0.3810627
1406	0.38061740000000005
1407	0.38022659999999997
1408	0.3799065
1409	0.3795902
1410	0.3793647
1411	0.3792085
1412	0.37916079999999996
1413	0.37926129999999997
1414	0.37952070000000004
1415	0.3800158
1416	0.38064590000000004
1417	0.38140359999999995
1418	0.3822379
1419	0.38304770000000005
1420	0.3838926
1421	0.38472140000000005
1422	0.385506
1423	0.3862673
1424	0.3870038
1425	0.3877084
1426	0.38838290000000003
1427	0.38901529999999995
1428	0.3896697
1429	0.390329
1430	0.390917
1431	0.3914886
1432	0.39204720000000004
1433	0.39256640000000004
1434	0.39308540000000003
1435	0.39359740000000004
1436	0.3941055
1437	0.39459590000000005
1438	0.3950522
1439	0.3954792
1440	0.39586170000000004
1441	0.39623070000000005
1442	0.3966025
1443	0.3969738
1444	0.3973534
1445	0.39770370000000005
1446	0.39802129999999997
1447	0.3983541
1448	0.39866840000000003
1449	0.398976
1450	0.3992823
1451	0.39957950000000003
1452	0.3998756
1453	0.4001343
1454	0.4003503
1455	0.4005822
1456	0.40081669999999997
1457	0.40101809999999993
1458	0.4012073
1459	0.40140349999999997
1460	0.40159959999999995
1461	0.4017864
1462	0.4019796
1463	0.40217759999999997
1464	0.4023682
1465	0.4025567
1466	0.402777
1467	0.4030149
1468	0.40324970000000004
1469	0.4035085
1470	0.4037788
1471	0.4040448
1472	0.40433309999999995
1473	0.40462950000000003
1474	0.4049138
1475	0.4052192
1476	0.4055149
1477	0.4057695
1478	0.40603859999999997
1479	0.406331
1480	0.40660999999999997
1481	0.40686259999999996
1482	0.40711379999999997
1483	0.4073614
1484	0.4076026
1485	0.407821
1486	0.40806929999999997
1487	0.4083453
1488	0.40858829999999996
1489	0.408815
1490	0.4090503
1491	0.4092772
1492	0.4095018
1493	0.40972709999999996
1494	0.409973
1495	0.4102128
1496	0.4103968
1497	0.4105956
1498	0.41082060000000004
1499	0.4109960999999999
1500	0.4111833
1501	0.41138230000000003
1502	0.41156679999999995
1503	0.4117989
1504	0.41201940000000004
1505	0.41220500000000004
1506	0.4124094
1507	0.412602
1508	0.41279899999999997
1509	0.4130324000000001
1510	0.4132452999999999
1511	0.4134441
1512	0.413653
1513	0.4138349
1514	0.41401640000000006
1515	0.4142299
1516	0.4144314
1517	0.41457910000000003
1518	0.4147373
1519	0.41492879999999993
1520	0.41507669999999997
1521	0.4152374
1522	0.41543149999999995
1523	0.4156344
1524	0.4158372
1525	0.41602520000000004
1526	0.41623190000000004
1527	0.41642520000000005
1528	0.4165808
1529	0.4167369000000001
1530	0.41691940000000005
1531	0.4170847
1532	0.4172079000000001
1533	0.4173513
1534	0.4175044
1535	0.417663
1536	0.4178331
1537	0.4180225
1538	0.4182018
1539	0.4183948
1540	0.4185776
1541	0.4187577
1542	0.4189424
1543	0.4191055
1544	0.4192639
1545	0.4193955
1546	0.4195225
1547	0.419653
1548	0.4197971
1549	0.41996980000000006
1550	0.4201275
1551	0.4203008
1552	0.4204839
1553	0.42064409999999997
1554	0.4208089
1555	0.4209562
1556	0.42109440000000004
1557	0.4212687
1558	0.421461
1559	0.4216457
1560	0.4217984
1561	0.42192340000000006
1562	0.4220696
1563	0.42222440000000006
1564	0.4223661
1565	0.4225035
1566	0.42263690000000004
1567	0.4227781
1568	0.4229442
1569	0.42313199999999995
1570	0.4232897
1571	0.4234155
1572	0.4235435
1573	0.42365519999999995
1574	0.42377790000000004
1575	0.4239384
1576	0.4241055
1577	0.42431270000000004
1578	0.4244819
1579	0.4246321
1580	0.42480150000000005
1581	0.4249718
1582	0.4251259
1583	0.4252834
1584	0.4254405
1585	0.4255822
1586	0.4257299
1587	0.4258983
1588	0.4260498
1589	0.42617669999999996
1590	0.4263148
1591	0.42646480000000003
1592	0.42658630000000003
1593	0.4266852
1594	0.4268152
1595	0.426954
1596	0.42711170000000004
1597	0.4273075
1598	0.4274817
1599	0.4276384
1600	0.42782190000000003
1601	0.427989
1602	0.4281568
1603	0.4283499
1604	0.4284947
1605	0.42860509999999996
1606	0.4287323
1607	0.4288726
1608	0.4290087
1609	0.4291543
1610	0.42931949999999997
1611	0.42945209999999995
1612	0.42957629999999997
1613	0.4297496
1614	0.4299156
1615	0.43003009999999997
1616	0.43014189999999997
1617	0.43029870000000003
1618	0.43046080000000003
1619	0.4306348
1620	0.43083069999999996
1621	0.430957
1622	0.431091
1623	0.4312737
1624	0.431424
1625	0.43157449999999997
1626	0.4317213
1627	0.4318795999999999
1628	0.432047
1629	0.4321527
1630	0.43224250000000003
1631	0.4323477
1632	0.4324464
1633	0.43258050000000003
1634	0.4327326
1635	0.4328612
1636	0.4329893
1637	0.43312970000000006
1638	0.43327840000000006
1639	0.433418
1640	0.43354849999999995
1641	0.4336813
1642	0.43385039999999997
1643	0.43403400000000003
1644	0.43417079999999997
1645	0.43429809999999996
1646	0.43443050000000005
1647	0.4345593
1648	0.43470600000000004
1649	0.43485070000000003
1650	0.43498580000000003
1651	0.43512340000000005
1652	0.4352387
1653	0.4353316
1654	0.43543059999999995
1655	0.43554149999999997
1656	0.4356782
1657	0.4358391
1658	0.4360031
1659	0.43615859999999995
1660	0.43631790000000004
1661	0.43648519999999996
1662	0.4366312
1663	0.4367789000000001
1664	0.43693590000000004
1665	0.43709840000000005
1666	0.4372521
1667	0.43736040000000004
1668	0.43747939999999996
1669	0.4376151
1670	0.4377473
1671	0.43790439999999997
1672	0.43805920000000004
1673	0.43818019999999996
1674	0.43829799999999997
1675	0.4384314
1676	0.4385567
1677	0.4386816
1678	0.4388141
1679	0.43893230000000005
1680	0.4390191
1681	0.4390889
1682	0.43917749999999994
1683	0.43931099999999995
1684	0.4394653
1685	0.43960309999999997
1686	0.4397417
1687	0.4398857
1688	0.4400263
1689	0.4401649
1690	0.4402835
1691	0.44039269999999997
1692	0.4404884
1693	0.4405652
1694	0.4406858
1695	0.4408299
1696	0.4409639
1697	0.44110309999999997
1698	0.44121640000000006
1699	0.4413237
1700	0.44142929999999997
1701	0.4415317
1702	0.44167209999999996
1703	0.4418048
1704	0.44190159999999995
1705	0.44201949999999995
1706	0.4421544
1707	0.442266
1708	0.44239609999999996
1709	0.44255920000000004
1710	0.4426907
1711	0.4427956
1712	0.4429153
1713	0.44302749999999996
1714	0.44312349999999995
1715	0.44323490000000004
1716	0.4433495
1717	0.44344920000000004
1718	0.443538
1719	0.4436155
1720	0.4436920999999999
1721	0.4437875
1722	0.4438985
1723	0.44398820000000006
1724	0.4441054
1725	0.4442324
1726	0.44428379999999995
1727	0.4443566
1728	0.4444224
1729	0.4444215999999999
1730	0.4444896
1731	0.44459979999999993
1732	0.44464620000000005
1733	0.44468459999999993
1734	0.44476270000000007
1735	0.44484409999999996
1736	0.4449512
1737	0.44507709999999995
1738	0.44515470000000007
1739	0.4452104
1740	0.4452665
1741	0.44530070000000005
1742	0.4453422
1743	0.44540109999999994
1744	0.44545340000000005
1745	0.4455418
1746	0.44562579999999996
1747	0.4456494000000001
1748	0.44568850000000004
1749	0.4457615
1750	0.44585699999999995
1751	0.4459392
1752	0.4460077
1753	0.44608230000000004
1754	0.4461251
1755	0.4461748
1756	0.44622609999999996
1757	0.4462678
1758	0.44630290000000006
1759	0.44633540000000005
1760	0.4463789000000001
1761	0.4464192
1762	0.4464111
1763	0.4464652
1764	0.44655740000000005
1765	0.44663990000000003
1766	0.4467532
1767	0.4468666
1768	0.4470009
1769	0.447126
1770	0.4472224
1771	0.44730749999999997
1772	0.4473781
1773	0.44743180000000005
1774	0.44751709999999995
1775	0.4475986
1776	0.4476383
1777	0.4477469
1778	0.4478607
1779	0.4478939
1780	0.44797939999999997
1781	0.4480668
1782	0.44807700000000006
1783	0.4481282999999999
1784	0.44823850000000004
1785	0.4483166
1786	0.448396
1787	0.44853109999999996
1788	0.4486468
1789	0.4487508
1790	0.4488991
1791	0.44903420000000005
1792	0.4491111
1793	0.44917690000000005
1794	0.44925299999999996
1795	0.44936800000000005
1796	0.44952159999999997
1797	0.44961720000000005
1798	0.44965950000000005
1799	0.4496911
1800	0.44972619999999996
1801	0.4486607
1802	0.44945909999999994
1803	0.44982520000000004
1804	0.4500224
1805	0.4502482
1806	0.4504652
1807	0.4508005
1808	0.4511638
1809	0.4512558
1810	0.45142899999999997
1811	0.4514829000000001
1812	0.4516098
1813	0.4517474
1814	0.45201369999999996
1815	0.452205
1816	0.4521866
1817	0.4522349
1818	0.4524114000000001
1819	0.45251890000000006
1820	0.4525907
1821	0.4527183
1822	0.4528231
1823	0.4530407
1824	0.45314719999999997
1825	0.45327259999999997
1826	0.4534508
1827	0.4535369000000001
1828	0.45365950000000005
1829	0.4539351
1830	0.4540665
1831	0.4540706
1832	0.45413149999999997
1833	0.45418109999999995
1834	0.45426140000000004
1835	0.4545224
1836	0.45472209999999996
1837	0.4548794
1838	0.45508580000000004
1839	0.4552609
1840	0.45540569999999997
1841	0.4553835
1842	0.4554724
1843	0.4556683
1844	0.4558184
1845	0.455941
1846	0.45604120000000004
1847	0.45610839999999997
1848	0.4562244000000001
1849	0.45635859999999995
1850	0.45639529999999995
1851	0.45650749999999995
1852	0.4566223
1853	0.4565931
1854	0.456579
1855	0.4565964
1856	0.45666270000000003
1857	0.4566905
1858	0.45669390000000004
1859	0.456707
1860	0.45673909999999995
1861	0.4566901
1862	0.45661260000000004
1863	0.456545
1864	0.4564576
1865	0.4563725
1866	0.45621940000000005
1867	0.45595209999999997
1868	0.45578329999999995
1869	0.45563290000000006
1870	0.4552371
1871	0.45484430000000003
1872	0.4545058
1873	0.4541762
1874	0.45380770000000004
1875	0.4533581
1876	0.45286190000000004
1877	0.45237079999999996
1878	0.4518437
1879	0.4512057
1880	0.45042040000000005
1881	0.44949870000000003
1882	0.44848119999999997
1883	0.4473926
1884	0.4461209
1885	0.44483140000000004
1886	0.44328090000000003
1887	0.4415389
1888	0.4396085
1889	0.43758379999999997
1890	0.43541709999999995
1891	0.432809
1892	0.4299999
1893	0.4270594
1894	0.42399129999999996
1895	0.42092979999999997
1896	0.4178366
1897	0.41459540000000006
1898	0.41135020000000005
1899	0.40846809999999995
1900	0.4058472
1901	0.4034546
1902	0.4015054
1903	0.3998083
1904	0.3983616
1905	0.3971284
1906	0.3963062
1907	0.3957653
1908	0.3954066
1909	0.39517379999999996
1910	0.3952001
1911	0.3955234
1912	0.3960008
1913	0.3966175
1914	0.39743829999999997
1915	0.39829899999999996
1916	0.3992323
1917	0.4001993
1918	0.4012645
1919	0.4023406
1920	0.403565
1921	0.4048684
1922	0.40607059999999995
1923	0.40730340000000004
1924	0.4086125
1925	0.40980079999999997
1926	0.4108795
1927	0.4119695
1928	0.4131308
1929	0.4141827
1930	0.415278
1931	0.4163791
1932	0.41730909999999993
1933	0.4182764
1934	0.419212
1935	0.4200673
1936	0.42097640000000003
1937	0.4220064
1938	0.42291480000000004
1939	0.4236294
1940	0.4243629
1941	0.425068
1942	0.4257085
1943	0.4263915
1944	0.4271138
1945	0.42777950000000003
1946	0.4284214
1947	0.42906099999999997
1948	0.42970519999999995
1949	0.4302794
1950	0.4307733
1951	0.4312809
1952	0.43183879999999997
1953	0.43246599999999996
1954	0.43306120000000004
1955	0.4335911
1956	0.43419140000000006
1957	0.4347613
1958	0.43531049999999993
1959	0.43591729999999995
1960	0.4365372
1961	0.43701759999999995
1962	0.4374988
1963	0.4380928
1964	0.43862879999999993
1965	0.43907209999999997
1966	0.43953739999999997
1967	0.4400203
1968	0.44045730000000005
1969	0.4409379
1970	0.4414942
1971	0.441984
1972	0.44244970000000006
1973	0.4430191
1974	0.44367390000000007
1975	0.4443037
1976	0.4448946
1977	0.445341
1978	0.4457922
1979	0.44615190000000005
1980	0.446637
1981	0.4471521
1982	0.4476436
1983	0.448168
1984	0.4486388
1985	0.4491488
1986	0.4496549
1987	0.45020420000000005
1988	0.4507621
1989	0.4512044
1990	0.45169129999999996
1991	0.4521998
1992	0.4527817
1993	0.45326190000000005
1994	0.453679
1995	0.45415959999999994
1996	0.4546262
1997	0.4550611
1998	0.4555409000000001
1999	0.4560729
2000	0.45658859999999996
2001	0.4570585999999999
2002	0.45755209999999996
2003	0.4580549
2004	0.45854890000000004
2005	0.45901670000000006
2006	0.45955050000000003
2007	0.4600792
2008	0.4606077
2009	0.4611255
2010	0.4616473
2011	0.4621697
2012	0.4626607
2013	0.4631267
2014	0.4635619000000001
2015	0.46399819999999997
2016	0.46438209999999996
2017	0.46480790000000005
2018	0.4652327
2019	0.4657447
2020	0.46617770000000003
2021	0.4665446
2022	0.4669856
2023	0.467393
2024	0.46783459999999993
2025	0.4683464
2026	0.4687545999999999
2027	0.4690649
2028	0.4694416
2029	0.4697923
2030	0.47015390000000007
2031	0.4705654
2032	0.4709415
2033	0.47130320000000003
2034	0.4716901
2035	0.4720313
2036	0.47239390000000003
2037	0.47266320000000006
2038	0.47295329999999997
2039	0.47334030000000005
2040	0.4738664000000001
2041	0.4742071
2042	0.474542
2043	0.47488389999999997
2044	0.4751201
2045	0.4753478
2046	0.4757291
2047	0.47611000000000003
2048	0.4762901
2049	0.4764503
2050	0.47671779999999997
2051	0.47701930000000003
2052	0.47722529999999996
2053	0.477475
2054	0.47770329999999994
2055	0.4777981
2056	0.47800159999999997
2057	0.4783064
2058	0.4785683
2059	0.4787702999999999
2060	0.47892070000000003
2061	0.4791549
2062	0.47946469999999997
2063	0.47981190000000007
2064	0.4801438
2065	0.48039499999999996
2066	0.48051099999999997
2067	0.4807273
2068	0.48095390000000005
2069	0.48117139999999997
2070	0.4813992
2071	0.4816537
2072	0.4818844
2073	0.4820787
2074	0.48222650000000006
2075	0.4822612
2076	0.4823453
2077	0.48252790000000007
2078	0.48269070000000003
2079	0.4829469
2080	0.48314750000000006
2081	0.48325379999999996
2082	0.483422
2083	0.4837085
2084	0.4839125
2085	0.48408720000000005
2086	0.4842292
2087	0.484476
2088	0.48459309999999994
2089	0.4846983
2090	0.48498109999999994
2091	0.48516450000000005
2092	0.4853143
2093	0.4853731
2094	0.4853751
2095	0.48543509999999995
2096	0.48540479999999997
2097	0.48544040000000005
2098	0.48551579999999994
2099	0.48568140000000004
2100	0.48593909999999996
2101	0.4861013
2102	0.48637870000000005
2103	0.4866692
2104	0.48674290000000003
2105	0.48688990000000004
2106	0.4870713
2107	0.48728869999999996
2108	0.4874411
2109	0.4875758
2110	0.48776210000000003
2111	0.4879385
2112	0.488104
2113	0.48828540000000004
2114	0.4885285
2115	0.488808
2116	0.48902799999999996
2117	0.4892959
2118	0.4895865
2119	0.48985290000000004
2120	0.49014079999999993
2121	0.4903919
2122	0.4906811
2123	0.49091999999999997
2124	0.4910567
2125	0.49128679999999997
2126	0.49163900000000005
2127	0.49182390000000004
2128	0.4918317
2129	0.4920517
2130	0.49247399999999997
2131	0.4926026
2132	0.4926821
2133	0.4927472
2134	0.4927388
2135	0.49265349999999997
2136	0.49270340000000007
2137	0.4928724
2138	0.4928548
2139	0.49259390000000003
2140	0.49246990000000007
2141	0.49246
2142	0.49228829999999996
2143	0.4920064
2144	0.4917769
2145	0.49146809999999996
2146	0.4911839
2147	0.4910126
2148	0.49074090000000004
2149	0.49043690000000006
2150	0.49000420000000006
2151	0.4896702
2152	0.4892687
2153	0.4887153
2154	0.4881786
2155	0.4875847
2156	0.48684449999999996
2157	0.4861525
2158	0.48546540000000005
2159	0.4848057
2160	0.4840987
2161	0.483441
2162	0.48296880000000003
2163	0.48226270000000004
2164	0.48129740000000004
2165	0.4805839
2166	0.480001
2167	0.47920519999999994
2168	0.47845920000000003
2169	0.4778517
2170	0.4769674
2171	0.4757429
2172	0.47476999999999997
2173	0.4739031
2174	0.4729375
2175	0.47194830000000004
2176	0.471038
2177	0.4701959
2178	0.4691156
2179	0.4679677
2180	0.46683270000000004
2181	0.46554750000000006
2182	0.46427290000000004
2183	0.46302570000000004
2184	0.4617521
2185	0.4603786
2186	0.45902259999999995
2187	0.45775770000000005
2188	0.4564769
2189	0.4551312
2190	0.45367109999999994
2191	0.45234540000000006
2192	0.45099979999999995
2193	0.44980159999999997
2194	0.4487973
2195	0.4476309
2196	0.4463072
2197	0.44530699999999995
2198	0.4444464
2199	0.44355439999999996
2200	0.4429286
2201	0.44217609999999996
2202	0.4411556
2203	0.44041759999999996
2204	0.4398682
2205	0.439312
2206	0.43892349999999997
2207	0.4387365
2208	0.43858509999999995
2209	0.4385662
2210	0.4386939
2211	0.43895209999999996
2212	0.4393304
2213	0.43998640000000006
2214	0.44043649999999995
2215	0.44088140000000003
2216	0.44133320000000004
2217	0.441725
2218	0.44217979999999996
2219	0.44271689999999997
2220	0.4432218
2221	0.44375600000000004
2222	0.44414209999999993
2223	0.44444409999999995
2224	0.44481450000000006
2225	0.4451486
2226	0.4454119000000001
2227	0.44570649999999995
2228	0.44609269999999995
2229	0.4464987
2230	0.44668159999999996
2231	0.44700829999999997
2232	0.4474174
2233	0.44757790000000003
2234	0.44758519999999996
2235	0.44766759999999994
2236	0.447532
2237	0.44760420000000006
2238	0.4478951
2239	0.44800619999999997
2240	0.4481854
2241	0.4481889
2242	0.4478964
2243	0.4478112
2244	0.447721
2245	0.44768450000000004
2246	0.4477831
2247	0.44787429999999995
2248	0.4479508
2249	0.44808329999999996
2250	0.44818729999999996
2251	0.4483068
2252	0.4483907999999999
2253	0.448383
2254	0.44864979999999993
2255	0.44907470000000005
2256	0.44941590000000003
2257	0.4499157999999999
2258	0.4502475
2259	0.45038019999999995
2260	0.45069840000000005
2261	0.4510745
2262	0.4514465999999999
2263	0.4518979
2264	0.4523625
2265	0.45286629999999994
2266	0.45327390000000006
2267	0.4537488
2268	0.45406
2269	0.45411019999999996
2270	0.4543496
2271	0.4546772
2272	0.45486909999999997
2273	0.4549456
2274	0.45531940000000004
2275	0.45548059999999996
2276	0.4554782
2277	0.45580859999999995
2278	0.45596040000000004
2279	0.45576239999999996
2280	0.45564609999999994
2281	0.4555687
2282	0.4553786
2283	0.4552383
2284	0.4552523
2285	0.4552344
2286	0.45505959999999995
2287	0.45499890000000004
2288	0.45519319999999996
2289	0.45505779999999996
2290	0.4546759
2291	0.45457600000000004
2292	0.4545031
2293	0.4543155
2294	0.45418990000000004
2295	0.4540947
2296	0.4539428
2297	0.4537615
2298	0.45365730000000004
2299	0.4535369000000001
2300	0.4532474
2301	0.45302709999999996
2302	0.45282570000000005
2303	0.45284880000000005
2304	0.45286000000000004
2305	0.4527227
2306	0.4525198
2307	0.4524482
2308	0.4523271
2309	0.4521005
2310	0.45192489999999996
2311	0.4516732
2312	0.45141590000000004
2313	0.45128329999999994
2314	0.4512271
2315	0.45113450000000005
2316	0.45089399999999996
2317	0.450391
2318	0.45020370000000004
2319	0.4501857
2320	0.44993649999999996
2321	0.44955909999999993
2322	0.4493649
2323	0.44920950000000004
2324	0.4490479
2325	0.44916130000000004
2326	0.44896759999999997
2327	0.44829070000000004
2328	0.4480226
2329	0.44805470000000003
2330	0.44792309999999996
2331	0.4478038
2332	0.44769259999999994
2333	0.44749609999999995
2334	0.44729979999999997
2335	0.4472027
2336	0.44716809999999996
2337	0.44699520000000004
2338	0.44631909999999997
2339	0.445932
2340	0.446111
2341	0.4461585
2342	0.44617700000000005
2343	0.4462384
2344	0.4459933
2345	0.44583420000000007
2346	0.4460606
2347	0.44608059999999994
2348	0.4458893
2349	0.4458768
2350	0.4460286
2351	0.4461366
2352	0.4459286
2353	0.445632
2354	0.4455041
2355	0.44570150000000003
2356	0.4462393
2357	0.4463714
2358	0.44593649999999996
2359	0.4458170999999999
2360	0.44605320000000004
2361	0.44597939999999997
2362	0.4460487
2363	0.4462155
2364	0.4460524
2365	0.446088
2366	0.44671980000000006
2367	0.44699659999999997
2368	0.4468618
2369	0.44670790000000005
2370	0.44669200000000003
2371	0.44666999999999996
2372	0.4463577
2373	0.4462952
2374	0.44652650000000005
2375	0.4463407999999999
2376	0.44631279999999995
2377	0.44652179999999997
2378	0.446246
2379	0.44590470000000004
2380	0.44542489999999996
2381	0.44468820000000003
2382	0.44449679999999997
2383	0.4444373
2384	0.4441161
2385	0.4441713
2386	0.444038
2387	0.44351320000000005
2388	0.4433588
2389	0.4431599
2390	0.44318379999999996
2391	0.4435495
2392	0.4432624
2393	0.4426782
2394	0.4424814
2395	0.4422457
2396	0.4416509
2397	0.44138770000000005
2398	0.44142349999999997
2399	0.4408595
2400	0.4401858
2401	0.4400094
2402	0.4396691
2403	0.43906949999999995
2404	0.4386416
2405	0.43841709999999995
2406	0.43835559999999996
2407	0.43830779999999997
2408	0.4379552
2409	0.4373562
2410	0.4369884
2411	0.4365744000000001
2412	0.4362152
2413	0.4362657999999999
2414	0.435911
2415	0.4348787
2416	0.43422150000000004
2417	0.43441729999999995
2418	0.43395969999999995
2419	0.43274399999999996
2420	0.43285680000000004
2421	0.4330045
2422	0.43181320000000006
2423	0.4314332
2424	0.43138329999999997
2425	0.43059840000000005
2426	0.4301374
2427	0.4299094
2428	0.4295130999999999
2429	0.42865059999999994
2430	0.4274322
2431	0.42675609999999997
2432	0.42596179999999995
2433	0.4252833
2434	0.42481720000000006
2435	0.4246911
2436	0.4249802
2437	0.42437929999999996
2438	0.4230848
2439	0.42276210000000003
2440	0.4228983
2441	0.4223488
2442	0.422038
2443	0.42174620000000007
2444	0.4205687
2445	0.4196960999999999
2446	0.4193222
2447	0.4191696
2448	0.41930150000000005
2449	0.4186177
2450	0.4178121
2451	0.4175626
2452	0.41632159999999996
2453	0.41570050000000003
2454	0.41694319999999996
2455	0.416696
2456	0.4148668
2457	0.4145479
2458	0.4148826
2459	0.4145039000000001
2460	0.41473590000000005
2461	0.4145563
2462	0.41305059999999993
2463	0.4123286
2464	0.4122799
2465	0.4122224
2466	0.4123554
2467	0.4124678
2468	0.4130566
2469	0.41277359999999996
2470	0.4117541
2471	0.4109604
2472	0.40996450000000006
2473	0.4091062
2474	0.4082313
2475	0.40752940000000004
2476	0.4062263
2477	0.4058955
2478	0.4071876
2479	0.4069394
2480	0.40618790000000005
2481	0.4060347
2482	0.40534499999999996
2483	0.404434
2484	0.4037435
2485	0.4038772
2486	0.4042884
2487	0.40354450000000003
2488	0.40348920000000005
2489	0.4028155
2490	0.3995295
2491	0.3981281
2492	0.3985077
2493	0.39815700000000004
2494	0.39660759999999995
2495	0.3977547
2496	0.4023292
2497	0.4032301
2498	0.4037308
2499	0.4046607
2500	0.4027455
