350	0.09890650000000001
351	0.1004141
352	0.0963053
353	0.0959952
354	0.09790789999999999
355	0.0952385
356	0.0977567
357	0.1011137
358	0.09923430000000001
359	0.0977212
360	0.0981409
361	0.0999916
362	0.09800589999999999
363	0.096447
364	0.0967913
365	0.09638510000000002
366	0.098911
367	0.101421
368	0.0970781
369	0.0970686
370	0.09962689999999999
371	0.1000653
372	0.1000676
373	0.1009069
374	0.1027849
375	0.1028247
376	0.102521
377	0.10260699999999999
378	0.1027923
379	0.102994
380	0.1032125
381	0.10350150000000001
382	0.1033832
383	0.1035007
384	0.1045055
385	0.1050036
386	0.1052037
387	0.10545239999999999
388	0.10582190000000001
389	0.1071974
390	0.10903399999999999
391	0.1085781
392	0.10827739999999998
393	0.1088181
394	0.1100865
395	0.1103096
396	0.1097999
397	0.1094779
398	0.1103633
399	0.11162539999999999
400	0.112329
401	0.111429
402	0.1114519
403	0.11261739999999999
404	0.11194460000000002
405	0.1122786
406	0.11349680000000001
407	0.11408810000000001
408	0.1139849
409	0.113955
410	0.11474189999999998
411	0.11535
412	0.1158806
413	0.11645060000000002
414	0.11688239999999998
415	0.1174001
416	0.11795810000000001
417	0.1180973
418	0.1184256
419	0.11898260000000001
420	0.11954089999999999
421	0.1202547
422	0.12086620000000001
423	0.1211257
424	0.12141660000000001
425	0.12178779999999999
426	0.12224639999999999
427	0.1227847
428	0.1235399
429	0.1243776
430	0.1247346
431	0.1251569
432	0.12580039999999998
433	0.1266458
434	0.1273812
435	0.12800450000000002
436	0.1286
437	0.1292123
438	0.1299613
439	0.1308333
440	0.131434
441	0.13203779999999998
442	0.132732
443	0.13338129999999998
444	0.1339999
445	0.13465850000000001
446	0.1354491
447	0.1359635
448	0.1363933
449	0.13701129999999997
450	0.13765379999999997
451	0.13834620000000003
452	0.13908199999999998
453	0.1397451
454	0.140326
455	0.14086579999999999
456	0.1414882
457	0.1419596
458	0.1424181
459	0.14315279999999997
460	0.14366779999999998
461	0.14401150000000001
462	0.14436300000000002
463	0.1449346
464	0.1453223
465	0.14543129999999999
466	0.1459761
467	0.14660050000000002
468	0.1471211
469	0.1474605
470	0.1478888
471	0.14840250000000002
472	0.1488866
473	0.1493735
474	0.1498116
475	0.1501905
476	0.150764
477	0.15122879999999997
478	0.15150239999999998
479	0.1519846
480	0.15257179999999998
481	0.1531509
482	0.1535665
483	0.1540536
484	0.1546227
485	0.1551989
486	0.1556313
487	0.1560879
488	0.15668220000000002
489	0.1571141
490	0.1575956
491	0.1582136
492	0.1588206
493	0.15950229999999999
494	0.1601614
495	0.1605675
496	0.16115279999999998
497	0.1618818
498	0.1625777
499	0.1631503
500	0.16370410000000002
501	0.1643125
502	0.1648723
503	0.16546970000000003
504	0.16612190000000002
505	0.1667474
506	0.1674165
507	0.16809029999999997
508	0.16867929999999998
509	0.16935989999999998
510	0.1700537
511	0.1706559
512	0.17127320000000001
513	0.17191070000000003
514	0.172574
515	0.1733013
516	0.1740338
517	0.1747479
518	0.175458
519	0.1760668
520	0.1766422
521	0.1773195
522	0.1780739
523	0.1788366
524	0.1795545
525	0.1803045
526	0.1810135
527	0.1816786
528	0.18246489999999999
529	0.18326489999999998
530	0.1840375
531	0.1847882
532	0.1855227
533	0.1862806
534	0.18710829999999998
535	0.18798399999999998
536	0.18884070000000003
537	0.18964489999999998
538	0.1904757
539	0.19134120000000002
540	0.19223099999999999
541	0.19309749999999998
542	0.193995
543	0.1949132
544	0.1958043
545	0.1967517
546	0.19776
547	0.1988002
548	0.19978420000000002
549	0.2008135
550	0.2019527
551	0.2031441
552	0.20438879999999998
553	0.2056732
554	0.20697129999999997
555	0.20830970000000001
556	0.20964870000000002
557	0.2109277
558	0.212173
559	0.21341910000000003
560	0.21468270000000003
561	0.21586750000000002
562	0.2170528
563	0.2182718
564	0.21945570000000003
565	0.2206118
566	0.2217729
567	0.22298560000000003
568	0.2241911
569	0.2253828
570	0.2265623
571	0.22767470000000004
572	0.22875229999999996
573	0.22983009999999998
574	0.23091660000000003
575	0.2319967
576	0.23306350000000003
577	0.2341325
578	0.2351915
579	0.23622100000000001
580	0.23720929999999998
581	0.2382357
582	0.239234
583	0.240144
584	0.2410788
585	0.241979
586	0.2428268
587	0.24370540000000002
588	0.24455210000000002
589	0.24535860000000004
590	0.2461547
591	0.2469399
592	0.24765979999999999
593	0.2482578
594	0.24881140000000002
595	0.2493424
596	0.2498812
597	0.2505301
598	0.2512468
599	0.2519788
600	0.25267310000000004
601	0.2533821
602	0.25407729999999995
603	0.254708
604	0.255323
605	0.2559451
606	0.2565815
607	0.2571844
608	0.25777289999999997
609	0.25836329999999996
610	0.2589669
611	0.25952670000000005
612	0.26005059999999997
613	0.26058760000000003
614	0.2611202
615	0.2616337
616	0.2621187
617	0.26262399999999997
618	0.2631304
619	0.2636228
620	0.26412490000000005
621	0.2645696
622	0.2649807
623	0.26548140000000003
624	0.2659526
625	0.26640840000000005
626	0.2669026
627	0.26738229999999996
628	0.2678031
629	0.2681627
630	0.26857859999999995
631	0.2690151
632	0.2694519
633	0.2698894
634	0.2703179
635	0.2707332
636	0.2711335
637	0.2715489
638	0.2719795
639	0.2724091
640	0.2727903
641	0.2731717
642	0.27357800000000004
643	0.273992
644	0.2743816
645	0.2747604
646	0.2751741
647	0.2755434
648	0.27591020000000005
649	0.2763281
650	0.2767098
651	0.2770762
652	0.277449
653	0.2778285
654	0.27822199999999997
655	0.278622
656	0.2790045
657	0.27938379999999996
658	0.2797677
659	0.2801578
660	0.2805283
661	0.2808965
662	0.2812693
663	0.2816167
664	0.2819717
665	0.28234109999999996
666	0.2827065
667	0.2830777
668	0.28345390000000004
669	0.2838304
670	0.2841896
671	0.284541
672	0.2848981
673	0.28527240000000004
674	0.2856318
675	0.28598179999999995
676	0.28637929999999995
677	0.2867672
678	0.28712940000000003
679	0.28746869999999997
680	0.28784570000000004
681	0.2882259
682	0.28857740000000004
683	0.28894390000000003
684	0.2893304
685	0.2897217
686	0.2900728
687	0.2904414
688	0.29082399999999997
689	0.291193
690	0.2915953
691	0.2919987
692	0.29237609999999997
693	0.2927772
694	0.29317309999999996
695	0.2935465
696	0.2938932
697	0.2942382
698	0.29459559999999996
699	0.29497070000000003
700	0.2953225
701	0.2956787
702	0.2960629
703	0.2964211
704	0.29678119999999997
705	0.2971517
706	0.2975063
707	0.29785300000000003
708	0.2981929
709	0.2985276
710	0.2988902
711	0.29924850000000003
712	0.2995763
713	0.299933
714	0.3002897
715	0.30063190000000006
716	0.3009746
717	0.3013077
718	0.30164559999999996
719	0.302012
720	0.3023462
721	0.3026693
722	0.30300920000000003
723	0.3033489
724	0.3036989
725	0.3040502
726	0.3043583
727	0.30467990000000006
728	0.30502140000000005
729	0.3053659
730	0.3057034
731	0.3060225
732	0.306325
733	0.3066508
734	0.3069907
735	0.30732990000000004
736	0.3076428
737	0.30793940000000003
738	0.30823809999999996
739	0.3085605
740	0.3088683
741	0.30918640000000003
742	0.3095295
743	0.30983320000000003
744	0.3101486
745	0.3104838
746	0.310789
747	0.3111098
748	0.3114212
749	0.311681
750	0.3119616
751	0.3122644
752	0.3125775
753	0.3128824
754	0.31318290000000004
755	0.31347970000000003
756	0.31377
757	0.31406540000000005
758	0.3143566
759	0.31462979999999996
760	0.3149127
761	0.3151859
762	0.3154411
763	0.3157147
764	0.31600159999999994
765	0.3162888
766	0.31655609999999995
767	0.31682309999999997
768	0.3170942
769	0.3173675
770	0.3176312
771	0.31788249999999996
772	0.3181257
773	0.31838130000000003
774	0.3186193
775	0.3188475
776	0.3190961
777	0.3193318
778	0.3195597
779	0.31978959999999995
780	0.3200183
781	0.3202531
782	0.32048920000000003
783	0.3207023
784	0.3209245
785	0.32115140000000003
786	0.321365
787	0.32158190000000003
788	0.3217882
789	0.3219765
790	0.3221756
791	0.32236609999999993
792	0.3225527
793	0.3227656
794	0.3229621
795	0.32314149999999997
796	0.32331550000000003
797	0.3234804
798	0.3236442
799	0.32381079999999995
800	0.32397059999999994
801	0.3241536
802	0.3243408
803	0.3244804
804	0.3246202
805	0.32476659999999996
806	0.3249219
807	0.32511609999999996
808	0.3253095
809	0.32548259999999996
810	0.3256493
811	0.3257805
812	0.3259011
813	0.3260542
814	0.32619970000000004
815	0.3263308
816	0.326448
817	0.3265587
818	0.3266687
819	0.326783
820	0.3269061
821	0.3270398
822	0.3271672
823	0.3272738
824	0.32738659999999997
825	0.327471
826	0.32753109999999996
827	0.3276502
828	0.3277549
829	0.3278497
830	0.3279692
831	0.3280566
832	0.32814920000000003
833	0.3282712
834	0.32836
835	0.32843490000000003
836	0.3285065
837	0.32857909999999996
838	0.32868400000000003
839	0.32877779999999995
840	0.3288173
841	0.3288942
842	0.32896
843	0.3290035
844	0.3290995
845	0.3291737
846	0.32922529999999994
847	0.32928620000000003
848	0.32935180000000003
849	0.32942309999999997
850	0.3294955
851	0.3295447
852	0.32961290000000004
853	0.32969190000000004
854	0.3297314
855	0.32982670000000003
856	0.32993
857	0.3299797
858	0.3300375
859	0.3300896
860	0.33013509999999996
861	0.3301981
862	0.330251
863	0.3302806
864	0.33029200000000003
865	0.3303969
866	0.330514
867	0.3305837
868	0.33064499999999997
869	0.33070409999999995
870	0.3307549
871	0.330786
872	0.33086479999999996
873	0.33095890000000006
874	0.3310277
875	0.3310752
876	0.33112659999999994
877	0.33119970000000004
878	0.33130479999999995
879	0.33138059999999997
880	0.33143390000000006
881	0.3314893
882	0.3315391
883	0.3316206
884	0.3317321
885	0.33180590000000004
886	0.3318729
887	0.33193629999999996
888	0.3319964
889	0.3320994
890	0.3322027
891	0.33228270000000004
892	0.33238029999999996
893	0.33249259999999997
894	0.3326177
895	0.3327478
896	0.3328207
897	0.332876
898	0.33296
899	0.333083
900	0.3331873
901	0.3332687
902	0.3333684
903	0.3334522
904	0.33354429999999996
905	0.3336677
906	0.3337828
907	0.3338831
908	0.3339758
909	0.3340828
910	0.33420679999999997
911	0.3343223
912	0.334408
913	0.3345264
914	0.3346643
915	0.3347986
916	0.3348973
917	0.3350114
918	0.335138
919	0.33525859999999996
920	0.33540790000000004
921	0.335538
922	0.3356364
923	0.335775
924	0.33593090000000003
925	0.3360768
926	0.3361818
927	0.33625809999999995
928	0.3363685
929	0.3365397
930	0.3367071
931	0.33685790000000004
932	0.3369979
933	0.33714240000000006
934	0.3372202
935	0.33732009999999996
936	0.3374962
937	0.3376377
938	0.3377645
939	0.337907
940	0.33810029999999996
941	0.33827540000000006
942	0.3384083
943	0.3385062
944	0.3386393
945	0.3388118
946	0.3389897
947	0.3391093
948	0.3392172
949	0.3393724
950	0.3395869
951	0.3397004
952	0.3398123
953	0.33995490000000006
954	0.34009920000000005
955	0.3402603
956	0.3404022
957	0.340503
958	0.3406368
959	0.3407625
960	0.3408822
961	0.34103859999999997
962	0.3411691
963	0.3412932
964	0.3414369
965	0.3415661
966	0.3417195
967	0.3419034
968	0.342089
969	0.3421837
970	0.34228190000000003
971	0.3424837
972	0.3427395
973	0.3429203
974	0.34301220000000004
975	0.343117
976	0.343283
977	0.3434634
978	0.3436059
979	0.34374299999999997
980	0.3438447
981	0.3439507
982	0.3441591
983	0.3443921
984	0.34460050000000003
985	0.3447496
986	0.344826
987	0.3449368
988	0.3451059
989	0.34528459999999994
990	0.3454596
991	0.34562020000000004
992	0.3457505
993	0.34579570000000004
994	0.34586890000000003
995	0.3460494
996	0.3463648
997	0.34648490000000004
998	0.34653579999999995
999	0.3466555
1000	0.34677140000000006
1001	0.3463991
1002	0.3465014
1003	0.3465737
1004	0.3466248
1005	0.3467133
1006	0.3467349
1007	0.34694400000000003
1008	0.34728990000000004
1009	0.3475835
1010	0.348121
1011	0.348351
1012	0.3483512
1013	0.3484195
1014	0.3483453
1015	0.348315
1016	0.348335
1017	0.3483615
1018	0.3485585
1019	0.3489426
1020	0.34910009999999997
1021	0.34938
1022	0.3494501
1023	0.3491047
1024	0.3490906
1025	0.349204
1026	0.3492927
1027	0.3495514
1028	0.34969320000000004
1029	0.3498988
1030	0.3500969
1031	0.3502464
1032	0.3504395
1033	0.35056079999999995
1034	0.35054609999999997
1035	0.35063829999999996
1036	0.35081979999999996
1037	0.3508978
1038	0.3509117
1039	0.35099359999999996
1040	0.351085
1041	0.3511072
1042	0.3512128
1043	0.3513757
1044	0.35156220000000005
1045	0.35184570000000004
1046	0.35194240000000004
1047	0.3520558
1048	0.3520565
1049	0.3517125
1050	0.3517052
1051	0.3518153
1052	0.3519521
1053	0.35245529999999997
1054	0.3526331
1055	0.3526528
1056	0.35257849999999996
1057	0.352585
1058	0.352354
1059	0.3524678
1060	0.35293420000000003
1061	0.3530772
1062	0.3531519
1063	0.3532711
1064	0.35324390000000006
1065	0.3533031
1066	0.3535114
1067	0.3536397
1068	0.3537386
1069	0.3537703
1070	0.3538449
1071	0.35389770000000004
1072	0.3540306
1073	0.35424240000000007
1074	0.354342
1075	0.35443909999999995
1076	0.3545233
1077	0.35447009999999995
1078	0.354542
1079	0.3547884
1080	0.35487759999999996
1081	0.3548412
1082	0.354942
1083	0.3550625
1084	0.35509
1085	0.35522070000000006
1086	0.3555036
1087	0.35564409999999996
1088	0.3557183
1089	0.3558376
1090	0.35596079999999997
1091	0.35606740000000003
1092	0.35614959999999996
1093	0.35625300000000004
1094	0.35639990000000005
1095	0.3564923
1096	0.3565551
1097	0.35663870000000003
1098	0.3567038
1099	0.35671090000000005
1100	0.35686640000000003
1101	0.3572097
1102	0.35732600000000003
1103	0.3574077
1104	0.35747979999999996
1105	0.3573151
1106	0.3574125
1107	0.3577984
1108	0.3579252
1109	0.357981
1110	0.3581052
1111	0.35804250000000004
1112	0.3580083
1113	0.3582607
1114	0.358387
1115	0.35844770000000004
1116	0.3584345
1117	0.35855290000000006
1118	0.3586607
1119	0.358739
1120	0.358957
1121	0.3590392
1122	0.35885120000000004
1123	0.35892470000000004
1124	0.3592163
1125	0.35933509999999996
1126	0.3593017
1127	0.3594491
1128	0.35949699999999996
1129	0.3595134
1130	0.3596143
1131	0.35992440000000003
1132	0.360007
1133	0.3598814
1134	0.360011
1135	0.3603177
1136	0.3604188
1137	0.3605197
1138	0.3606054
1139	0.3605333
1140	0.3604841
1141	0.36056509999999997
1142	0.36071479999999995
1143	0.360761
1144	0.3607807
1145	0.3608633
1146	0.36098600000000003
1147	0.36106900000000003
1148	0.36116190000000004
1149	0.36125300000000005
1150	0.3613307
1151	0.361429
1152	0.36157979999999995
1153	0.36163779999999995
1154	0.3616545
1155	0.3617046
1156	0.3617955
1157	0.361928
1158	0.3621052
1159	0.3622867
1160	0.36240359999999994
1161	0.3624821
1162	0.3625684
1163	0.3626546
1164	0.3627244
1165	0.3627214
1166	0.3628435
1167	0.3630623
1168	0.3632047
1169	0.3633647
1170	0.3635333
1171	0.363674
1172	0.3637489
1173	0.3637646
1174	0.36384279999999997
1175	0.3639332
1176	0.3640299
1177	0.36417990000000006
1178	0.3642955
1179	0.3644482
1180	0.3646298
1181	0.3647396
1182	0.3648254
1183	0.3649465
1184	0.3650271
1185	0.3651022
1186	0.3652474
1187	0.36539240000000006
1188	0.3655041
1189	0.36558559999999996
1190	0.3656871
1191	0.3658438
1192	0.3659496
1193	0.3659998
1194	0.3661133
1195	0.3662709
1196	0.3663691
1197	0.3664547
1198	0.366548
1199	0.3665883
1200	0.36667990000000006
1201	0.3668235
1202	0.36699970000000004
1203	0.3671815
1204	0.3673078
1205	0.3674186
1206	0.36751
1207	0.36763140000000005
1208	0.367792
1209	0.36786040000000003
1210	0.36792220000000003
1211	0.3680487
1212	0.36819120000000005
1213	0.3683187
1214	0.3685123
1215	0.3686551
1216	0.36879140000000005
1217	0.3688234
1218	0.3688386
1219	0.3689781
1220	0.36916129999999997
1221	0.3692973
1222	0.36942179999999997
1223	0.36951490000000003
1224	0.36960820000000005
1225	0.3697486
1226	0.3699067
1227	0.3700442
1228	0.3701594
1229	0.37029850000000003
1230	0.37041199999999996
1231	0.3705131
1232	0.37063670000000004
1233	0.370789
1234	0.3708606
1235	0.3708813
1236	0.3709887
1237	0.37110170000000003
1238	0.3711801
1239	0.37125749999999996
1240	0.3713643
1241	0.3715217
1242	0.3716386
1243	0.37173920000000005
1244	0.37187259999999994
1245	0.3720047
1246	0.3721792
1247	0.3723479
1248	0.3724608
1249	0.37259050000000005
1250	0.3726801
1251	0.37272859999999997
1252	0.3728248
1253	0.3730025
1254	0.3731703
1255	0.37330440000000004
1256	0.37344829999999996
1257	0.37356269999999997
1258	0.3736317
1259	0.37374229999999997
1260	0.3738369
1261	0.37392729999999996
1262	0.3740943
1263	0.3742497
1264	0.3743652
1265	0.37446820000000003
1266	0.37459590000000004
1267	0.374705
1268	0.3748245
1269	0.3749499
1270	0.3751384
1271	0.3753067
1272	0.3754107
1273	0.3754971
1274	0.3755976
1275	0.37571720000000003
1276	0.3758631
1277	0.3759971
1278	0.3761185
1279	0.37624120000000005
1280	0.3763134
1281	0.3764237
1282	0.37658359999999996
1283	0.3766884
1284	0.376773
1285	0.3769128
1286	0.3770619
1287	0.3771671
1288	0.37726190000000004
1289	0.3773847
1290	0.3774827
1291	0.3775259
1292	0.37760459999999996
1293	0.3777014
1294	0.37778649999999997
1295	0.37793530000000003
1296	0.3780912
1297	0.37818509999999994
1298	0.3782842
1299	0.3784181
1300	0.37857040000000003
1301	0.37869309999999995
1302	0.3788041
1303	0.378941
1304	0.3790801
1305	0.37919959999999997
1306	0.3793203
1307	0.3794592
1308	0.37956290000000004
1309	0.3796659
1310	0.3798249
1311	0.3799847
1312	0.38012290000000004
1313	0.3802502
1314	0.3803838
1315	0.3805219
1316	0.38063400000000003
1317	0.3807542
1318	0.380874
1319	0.38100759999999995
1320	0.3811434
1321	0.381211
1322	0.38126550000000003
1323	0.3813635
1324	0.3815135
1325	0.3816757
1326	0.3817897
1327	0.3818738
1328	0.3819882
1329	0.3820726
1330	0.3821943
1331	0.3823778
1332	0.38253390000000004
1333	0.3826078
1334	0.3827159
1335	0.38283540000000005
1336	0.38292259999999995
1337	0.3830405
1338	0.3831422
1339	0.3832227
1340	0.38330190000000003
1341	0.3834071
1342	0.3835604
1343	0.3836624
1344	0.3837076
1345	0.3838253
1346	0.3839464
1347	0.3840196
1348	0.3841593
1349	0.38428779999999996
1350	0.3844329
1351	0.3845197
1352	0.3846348
1353	0.3847218
1354	0.3847959
1355	0.3849259
1356	0.3850295
1357	0.3851172
1358	0.3852581
1359	0.3853607
1360	0.3853881
1361	0.3854411
1362	0.3855343
1363	0.3856243
1364	0.3856972
1365	0.3857712
1366	0.3858422
1367	0.3858505
1368	0.3858551
1369	0.38590009999999997
1370	0.3859014
1371	0.38584250000000003
1372	0.38580190000000003
1373	0.3857967
1374	0.38573759999999996
1375	0.3856447
1376	0.385547
1377	0.3854675
1378	0.3852973
1379	0.3851235
1380	0.3849911
1381	0.3848261
1382	0.3846146
1383	0.3843494
1384	0.38405559999999994
1385	0.38378470000000003
1386	0.38349970000000005
1387	0.383173
1388	0.3828801
1389	0.382567
1390	0.3821728
1391	0.381739
1392	0.3813144
1393	0.38088190000000005
1394	0.38036020000000004
1395	0.3798281
1396	0.3793316
1397	0.3787796
1398	0.3781286
1399	0.3775157
1400	0.37690559999999995
1401	0.37631220000000004
1402	0.37573190000000006
1403	0.3751739
1404	0.3746865
1405	0.37416750000000004
1406	0.3736132
1407	0.3731857
1408	0.3727919
1409	0.372413
1410	0.3721494
1411	0.3719201
1412	0.3718105
1413	0.3718592
1414	0.3719872
1415	0.3722928
1416	0.37275749999999996
1417	0.3733256
1418	0.3739699
1419	0.3746521
1420	0.3753154
1421	0.3759073
1422	0.37655809999999995
1423	0.3772937
1424	0.37791890000000006
1425	0.3785051
1426	0.3790978
1427	0.3796361
1428	0.38018359999999995
1429	0.3807659
1430	0.3813125
1431	0.3818515
1432	0.382334
1433	0.3827795
1434	0.3832636
1435	0.3837394
1436	0.38416
1437	0.38457009999999997
1438	0.3850157
1439	0.38541770000000003
1440	0.3857739
1441	0.38609990000000005
1442	0.3864361
1443	0.3867953
1444	0.3870822
1445	0.3874094
1446	0.3877816
1447	0.38806890000000005
1448	0.38833809999999996
1449	0.3886111
1450	0.3888522
1451	0.3890888
1452	0.3893257
1453	0.3895714
1454	0.3898291
1455	0.3900287
1456	0.3901862
1457	0.3903708
1458	0.3905284
1459	0.39072049999999997
1460	0.3909225
1461	0.3911088
1462	0.3912683
1463	0.391416
1464	0.3915783
1465	0.39173709999999995
1466	0.3919207
1467	0.3921426
1468	0.3923528
1469	0.3925836
1470	0.39288049999999997
1471	0.3931491
1472	0.3933759
1473	0.39365209999999995
1474	0.39391509999999996
1475	0.3941265
1476	0.3943547
1477	0.3945985
1478	0.3948046
1479	0.395009
1480	0.39524190000000003
1481	0.3954169
1482	0.39560120000000004
1483	0.395805
1484	0.3960146
1485	0.39619340000000003
1486	0.3964027
1487	0.39667559999999996
1488	0.3968811
1489	0.39702750000000003
1490	0.3972148
1491	0.3974183
1492	0.397596
1493	0.3977571
1494	0.3979611
1495	0.398169
1496	0.3982987
1497	0.39844709999999994
1498	0.39864970000000005
1499	0.398835
1500	0.3990158
1501	0.399194
1502	0.39939959999999997
1503	0.3995849
1504	0.3997254
1505	0.39990679999999995
1506	0.4000554
1507	0.40014809999999995
1508	0.40026740000000005
1509	0.4004523
1510	0.40063940000000003
1511	0.4007671
1512	0.40092740000000004
1513	0.40110999999999997
1514	0.4012597
1515	0.4014346
1516	0.4016077
1517	0.4017265
1518	0.40183470000000004
1519	0.40198809999999996
1520	0.4021665
1521	0.4023113
1522	0.4024179
1523	0.4025647
1524	0.4027361
1525	0.40287670000000003
1526	0.4030143
1527	0.403179
1528	0.403337
1529	0.40345840000000005
1530	0.40358390000000005
1531	0.403733
1532	0.403857
1533	0.403982
1534	0.4041368
1535	0.4042987
1536	0.40443429999999997
1537	0.4045634
1538	0.4046781
1539	0.40480429999999995
1540	0.4049163
1541	0.4050038
1542	0.40516420000000003
1543	0.4053408
1544	0.4053952
1545	0.4054665
1546	0.4056284
1547	0.4057372
1548	0.4058412
1549	0.4059815
1550	0.4060765
1551	0.40616490000000005
1552	0.4063005
1553	0.4064162
1554	0.4064841
1555	0.40654809999999997
1556	0.40660690000000005
1557	0.40670759999999995
1558	0.40686350000000004
1559	0.4069934
1560	0.4071157
1561	0.4072215
1562	0.40733420000000004
1563	0.40750690000000006
1564	0.4076214
1565	0.4076984
1566	0.4078022
1567	0.40792740000000005
1568	0.4080953
1569	0.4082017
1570	0.4082717
1571	0.4083843
1572	0.40848059999999997
1573	0.4086126
1574	0.4087522
1575	0.4088329
1576	0.4089435
1577	0.40906190000000003
1578	0.40915640000000003
1579	0.4092343
1580	0.4093498
1581	0.409453
1582	0.4095875
1583	0.4098011
1584	0.4099562
1585	0.410059
1586	0.4101822
1587	0.4103144
1588	0.4104452
1589	0.41057780000000005
1590	0.4107164000000001
1591	0.4108557
1592	0.410997
1593	0.41114929999999994
1594	0.4112746
1595	0.41141049999999996
1596	0.41153009999999995
1597	0.4116356
1598	0.4117478
1599	0.4118353
1600	0.4119259
1601	0.4120464
1602	0.4121675
1603	0.41229520000000003
1604	0.4124427
1605	0.41254840000000004
1606	0.41265630000000003
1607	0.4127906
1608	0.4128923
1609	0.413022
1610	0.4131322
1611	0.4131982
1612	0.41329859999999996
1613	0.4133655
1614	0.4134376
1615	0.41355230000000004
1616	0.41362970000000004
1617	0.41372129999999996
1618	0.41383500000000006
1619	0.413945
1620	0.41407740000000004
1621	0.41420290000000004
1622	0.4143162
1623	0.4144052
1624	0.4145081
1625	0.4146444
1626	0.41470100000000004
1627	0.4147441
1628	0.4148617
1629	0.4149674
1630	0.4150741
1631	0.4152465
1632	0.415414
1633	0.4155008
1634	0.41559409999999997
1635	0.41573999999999994
1636	0.41583640000000005
1637	0.4159017
1638	0.4160014
1639	0.41606409999999994
1640	0.4160803
1641	0.4161315
1642	0.4162325
1643	0.4163696
1644	0.41649899999999995
1645	0.4165714
1646	0.4166844
1647	0.41683149999999997
1648	0.4168853
1649	0.4169806
1650	0.41712669999999996
1651	0.41718869999999997
1652	0.4173094
1653	0.4174648
1654	0.4175457
1655	0.41764840000000003
1656	0.4177537
1657	0.41784099999999996
1658	0.417971
1659	0.418105
1660	0.4181977
1661	0.4182838
1662	0.41839609999999994
1663	0.41849079999999994
1664	0.4185321
1665	0.4186129
1666	0.41874049999999996
1667	0.41879979999999994
1668	0.41887989999999997
1669	0.419021
1670	0.4190897
1671	0.41914470000000004
1672	0.41925740000000006
1673	0.41936049999999997
1674	0.4194241
1675	0.4194958
1676	0.4196246
1677	0.41977070000000005
1678	0.4198814
1679	0.4199349
1680	0.42000730000000003
1681	0.4201246
1682	0.42018540000000004
1683	0.4202951
1684	0.42043909999999995
1685	0.42046009999999995
1686	0.4204920999999999
1687	0.42061990000000005
1688	0.4207169
1689	0.42078540000000003
1690	0.42092299999999994
1691	0.4210562
1692	0.4211419
1693	0.42122650000000006
1694	0.4213094
1695	0.4213999
1696	0.42151179999999994
1697	0.4216694
1698	0.4218259
1699	0.4219081
1700	0.4219477
1701	0.4220218
1702	0.4221206
1703	0.4222001
1704	0.4223089
1705	0.4224285
1706	0.4224767
1707	0.42253450000000004
1708	0.42265509999999995
1709	0.4227436
1710	0.4228264
1711	0.4229434
1712	0.42302399999999996
1713	0.4230644
1714	0.4230847
1715	0.4231303
1716	0.42325340000000006
1717	0.42335470000000003
1718	0.4233973
1719	0.4234455
1720	0.4234981
1721	0.42354840000000005
1722	0.42359359999999996
1723	0.4237036
1724	0.42378509999999997
1725	0.4237519
1726	0.4238133
1727	0.4238946
1728	0.4238697
1729	0.4238884
1730	0.4239501
1731	0.4239782
1732	0.4240264
1733	0.4241406
1734	0.4241827
1735	0.4241073
1736	0.42411629999999995
1737	0.424208
1738	0.4242577
1739	0.4243699000000001
1740	0.42448850000000005
1741	0.4244493
1742	0.4244647
1743	0.42460169999999997
1744	0.424637
1745	0.4246406
1746	0.4247043
1747	0.4247247
1748	0.42474140000000005
1749	0.4248331
1750	0.4248912
1751	0.4249064
1752	0.4249952
1753	0.4251036
1754	0.4251684
1755	0.42523679999999997
1756	0.42530680000000004
1757	0.4253166
1758	0.42526629999999993
1759	0.4253179
1760	0.4254242999999999
1761	0.4254518
1762	0.4254487
1763	0.42552799999999996
1764	0.4256167
1765	0.42561190000000004
1766	0.4256864000000001
1767	0.42569830000000003
1768	0.4256746
1769	0.4257287
1770	0.42578019999999994
1771	0.4258273
1772	0.425896
1773	0.4259348
1774	0.4259675
1775	0.4260064
1776	0.4260223
1777	0.42609090000000005
1778	0.4261892
1779	0.42620399999999997
1780	0.4262153
1781	0.4263111
1782	0.42642979999999997
1783	0.42651190000000005
1784	0.42653739999999996
1785	0.4265214
1786	0.4264808
1787	0.42654709999999996
1788	0.42673599999999995
1789	0.42676620000000004
1790	0.42672780000000005
1791	0.42682709999999996
1792	0.4268768
1793	0.426947
1794	0.4271236
1795	0.42714140000000006
1796	0.42711859999999996
1797	0.42723649999999996
1798	0.4273143
1799	0.427332
1800	0.4274201
1801	0.4270094
1802	0.4271022
1803	0.4272362
1804	0.42742120000000006
1805	0.4276525
1806	0.4278425
1807	0.42797890000000005
1808	0.42810519999999996
1809	0.4282156
1810	0.4283878
1811	0.4287286
1812	0.4289489
1813	0.4292585
1814	0.4291731
1815	0.4291557
1816	0.42923820000000007
1817	0.42927209999999993
1818	0.4293317
1819	0.42941409999999997
1820	0.429491
1821	0.42958850000000004
1822	0.4296775
1823	0.42989220000000006
1824	0.4300916
1825	0.43008950000000007
1826	0.4300312
1827	0.4301021
1828	0.430224
1829	0.43049269999999995
1830	0.4306166
1831	0.4307138
1832	0.4308197
1833	0.4309715
1834	0.4309812
1835	0.4309786
1836	0.43114129999999995
1837	0.4312229
1838	0.4311474
1839	0.4312004
1840	0.4313675
1841	0.43148230000000004
1842	0.4315185
1843	0.43164659999999994
1844	0.43173670000000003
1845	0.4316960999999999
1846	0.43170690000000006
1847	0.4317013
1848	0.43177730000000003
1849	0.4319731
1850	0.43193580000000004
1851	0.43195029999999995
1852	0.4319606
1853	0.4317559
1854	0.4317222
1855	0.4317822
1856	0.4320814
1857	0.43204659999999995
1858	0.4319018
1859	0.4318067
1860	0.4318308
1861	0.43159269999999994
1862	0.43131990000000003
1863	0.4313674
1864	0.4312641
1865	0.4309821
1866	0.4307327
1867	0.4306103
1868	0.4303768
1869	0.43004
1870	0.4296288
1871	0.42925509999999995
1872	0.42902510000000005
1873	0.42862659999999997
1874	0.4280877
1875	0.4275714
1876	0.42711000000000005
1877	0.42653690000000005
1878	0.4257624
1879	0.42489979999999994
1880	0.42417380000000005
1881	0.42317340000000003
1882	0.4219585
1883	0.42104040000000004
1884	0.4198646
1885	0.41860119999999995
1886	0.41697120000000004
1887	0.41529740000000004
1888	0.41333869999999995
1889	0.4111628
1890	0.4089428
1891	0.40639840000000005
1892	0.4034215
1893	0.4002131
1894	0.3970112
1895	0.3937879
1896	0.3904835
1897	0.3871687
1898	0.3839905
1899	0.38100459999999997
1900	0.3782802
1901	0.37585419999999997
1902	0.37379159999999995
1903	0.37209000000000003
1904	0.3706173
1905	0.369379
1906	0.3684965
1907	0.36802959999999996
1908	0.3678287
1909	0.3676315
1910	0.3677517
1911	0.36814050000000004
1912	0.36846409999999996
1913	0.369188
1914	0.3702388
1915	0.3711429
1916	0.3720696
1917	0.3730589
1918	0.374153
1919	0.37523909999999994
1920	0.3764442
1921	0.3777756
1922	0.3791713
1923	0.3805045
1924	0.3817728
1925	0.3830636
1926	0.3843586
1927	0.38554340000000004
1928	0.3867486
1929	0.3880004
1930	0.3891138
1931	0.3900759
1932	0.3909692
1933	0.39186940000000003
1934	0.39286170000000004
1935	0.393904
1936	0.3948282
1937	0.3956743
1938	0.39654140000000004
1939	0.39748479999999997
1940	0.3982255
1941	0.39886950000000004
1942	0.3995298
1943	0.40014240000000006
1944	0.40089359999999996
1945	0.4015986
1946	0.40219940000000004
1947	0.4028815
1948	0.4035781
1949	0.40412259999999994
1950	0.4045245
1951	0.40510359999999995
1952	0.4057119
1953	0.40605890000000006
1954	0.4065694
1955	0.4072465
1956	0.4078112
1957	0.40822270000000005
1958	0.4086967
1959	0.409186
1960	0.409801
1961	0.4103335999999999
1962	0.4106001
1963	0.4109924
1964	0.4115472
1965	0.41190950000000004
1966	0.4125057
1967	0.41308809999999996
1968	0.4137456
1969	0.41417790000000004
1970	0.4144665
1971	0.4149988
1972	0.41541859999999997
1973	0.4158278
1974	0.41643620000000003
1975	0.41707209999999995
1976	0.41743900000000006
1977	0.4177209
1978	0.41821
1979	0.41877440000000005
1980	0.41921720000000007
1981	0.4196968
1982	0.4203041
1983	0.4207585
1984	0.4210157
1985	0.4215223
1986	0.4222727
1987	0.4228241
1988	0.42327950000000003
1989	0.4237607
1990	0.424216
1991	0.42468009999999995
1992	0.42516450000000006
1993	0.42566980000000004
1994	0.4262058
1995	0.4267031
1996	0.42711869999999996
1997	0.42749449999999994
1998	0.4279563
1999	0.4285768
2000	0.4291805
2001	0.42965600000000004
2002	0.430122
2003	0.43044209999999994
2004	0.43082970000000004
2005	0.4311746
2006	0.43168090000000003
2007	0.4321592000000001
2008	0.4324912
2009	0.4328805
2010	0.43346049999999997
2011	0.43403159999999996
2012	0.43442390000000003
2013	0.4348537
2014	0.4351794
2015	0.43567700000000004
2016	0.43635379999999996
2017	0.4367973
2018	0.4372624
2019	0.4375162
2020	0.43766120000000003
2021	0.43802170000000007
2022	0.43851090000000004
2023	0.43899679999999996
2024	0.43930509999999995
2025	0.43951590000000007
2026	0.4398907
2027	0.44031149999999997
2028	0.4407562
2029	0.4413775
2030	0.4417929
2031	0.44204840000000006
2032	0.442456
2033	0.4427585
2034	0.44308800000000004
2035	0.44363729999999996
2036	0.44392780000000004
2037	0.4439799
2038	0.4443429
2039	0.4445973
2040	0.4446522
2041	0.44489750000000006
2042	0.44534540000000006
2043	0.4456723
2044	0.4460005
2045	0.4464267
2046	0.4466772
2047	0.4468811
2048	0.447129
2049	0.44723270000000004
2050	0.4474919
2051	0.44792150000000003
2052	0.448144
2053	0.4483085
2054	0.44850959999999995
2055	0.44855029999999996
2056	0.448693
2057	0.44887669999999996
2058	0.4491974
2059	0.449421
2060	0.44963000000000003
2061	0.4499401
2062	0.45010479999999997
2063	0.45013909999999996
2064	0.45024
2065	0.4504351
2066	0.4506441
2067	0.450824
2068	0.4510871
2069	0.45136620000000005
2070	0.4516236
2071	0.4517852
2072	0.45200559999999995
2073	0.45231800000000005
2074	0.4524275
2075	0.4524206
2076	0.45262470000000005
2077	0.45283640000000003
2078	0.45299399999999995
2079	0.4531193
2080	0.45333140000000005
2081	0.4535517
2082	0.4537498
2083	0.4540228
2084	0.4542143
2085	0.4543293
2086	0.45449300000000004
2087	0.4545816
2088	0.4546491
2089	0.4548346
2090	0.45496640000000005
2091	0.45508459999999995
2092	0.455259
2093	0.4553778
2094	0.4553817
2095	0.45548710000000003
2096	0.4557075
2097	0.4558069
2098	0.45583599999999996
2099	0.4558925999999999
2100	0.4558673
2101	0.45588779999999995
2102	0.4561157
2103	0.4564212
2104	0.456538
2105	0.4567053
2106	0.4569916
2107	0.45732040000000007
2108	0.4575362
2109	0.45776940000000005
2110	0.4580875
2111	0.4583576
2112	0.4585831
2113	0.4589916
2114	0.4592941
2115	0.45946220000000004
2116	0.4594851
2117	0.45964040000000006
2118	0.46004340000000005
2119	0.46049629999999997
2120	0.4605809
2121	0.46082650000000003
2122	0.46116999999999997
2123	0.4614289000000001
2124	0.46158950000000004
2125	0.4618349
2126	0.46208760000000004
2127	0.4623267
2128	0.4626768
2129	0.4629101
2130	0.4632274
2131	0.46320020000000006
2132	0.462685
2133	0.4625179
2134	0.4626563
2135	0.4626999
2136	0.46273149999999996
2137	0.4627552
2138	0.46274309999999996
2139	0.46235020000000004
2140	0.4622509
2141	0.4625821
2142	0.4624389
2143	0.46194759999999996
2144	0.46165280000000003
2145	0.46132390000000006
2146	0.4609572
2147	0.46064929999999993
2148	0.46027890000000005
2149	0.45967659999999994
2150	0.45934709999999995
2151	0.45916490000000004
2152	0.45869090000000007
2153	0.45821130000000004
2154	0.45784490000000005
2155	0.4573897
2156	0.45686170000000004
2157	0.45629849999999994
2158	0.4557263
2159	0.4551326
2160	0.4544268
2161	0.45377700000000004
2162	0.4531634
2163	0.452533
2164	0.4520183
2165	0.4512947
2166	0.4504407
2167	0.4495595
2168	0.4487452
2169	0.4479848
2170	0.4475459
2171	0.4470085999999999
2172	0.4463687
2173	0.44565240000000006
2174	0.44489940000000006
2175	0.4440622
2176	0.44324620000000003
2177	0.4423997
2178	0.44144110000000003
2179	0.4403611
2180	0.4394459
2181	0.4386005
2182	0.4376204000000001
2183	0.436716
2184	0.4357021
2185	0.43447479999999994
2186	0.4332438
2187	0.4322089
2188	0.43112870000000003
2189	0.43015249999999994
2190	0.42939340000000004
2191	0.42833990000000005
2192	0.427124
2193	0.4261072
2194	0.4249493
2195	0.42405509999999996
2196	0.4236026
2197	0.4227218
2198	0.4215469
2199	0.4206928
2200	0.41984449999999995
2201	0.4190417
2202	0.41851350000000004
2203	0.4178762
2204	0.4169069
2205	0.4163826
2206	0.4160884
2207	0.41573999999999994
2208	0.4154799
2209	0.4151548
2210	0.4150919
2211	0.4151036
2212	0.4152431
2213	0.4157191
2214	0.41591709999999993
2215	0.41589709999999996
2216	0.41618809999999995
2217	0.4166399
2218	0.4170342000000001
2219	0.4175892
2220	0.4180695
2221	0.4185707
2222	0.41886809999999997
2223	0.41903559999999995
2224	0.41926620000000003
2225	0.4193335
2226	0.4193911
2227	0.419803
2228	0.4203371
2229	0.42071369999999997
2230	0.4209394
2231	0.42096590000000006
2232	0.4210866
2233	0.42127470000000006
2234	0.42157700000000004
2235	0.4217804
2236	0.4219806
2237	0.42215280000000005
2238	0.42226850000000005
2239	0.4223778
2240	0.42250470000000007
2241	0.4226607
2242	0.422897
2243	0.4228948
2244	0.4226129
2245	0.42262910000000004
2246	0.4226834
2247	0.42273320000000003
2248	0.42301990000000006
2249	0.42328879999999997
2250	0.4231915
2251	0.4230121
2252	0.4232223
2253	0.42357700000000004
2254	0.423737
2255	0.4241005
2256	0.42461689999999996
2257	0.42528279999999996
2258	0.4254981
2259	0.4257579000000001
2260	0.42604090000000006
2261	0.4256345
2262	0.4260420999999999
2263	0.4275272
2264	0.42789269999999996
2265	0.4276412
2266	0.42802070000000003
2267	0.42826099999999995
2268	0.42843109999999995
2269	0.4291543
2270	0.429551
2271	0.4293413
2272	0.4293853
2273	0.4293669
2274	0.4300272
2275	0.4302861
2276	0.4299550999999999
2277	0.4301835
2278	0.4304361
2279	0.43041140000000006
2280	0.430746
2281	0.43093919999999997
2282	0.43061940000000004
2283	0.43060129999999996
2284	0.4308181
2285	0.4307746
2286	0.43058459999999993
2287	0.43037970000000003
2288	0.4299541
2289	0.4298512
2290	0.4300491
2291	0.4299615
2292	0.4297742
2293	0.42966270000000006
2294	0.42924090000000004
2295	0.4291922
2296	0.4296725
2297	0.4298272
2298	0.4299615
2299	0.42999709999999997
2300	0.4298389
2301	0.4297515
2302	0.4297241
2303	0.42955600000000005
2304	0.4292694
2305	0.429041
2306	0.4289688
2307	0.42883869999999996
2308	0.4286148
2309	0.42823199999999995
2310	0.42810790000000004
2311	0.4282485
2312	0.4281518
2313	0.4282683
2314	0.4286776
2315	0.42855509999999997
2316	0.4282965
2317	0.42814490000000005
2318	0.4281272
2319	0.4275178
2320	0.42756009999999994
2321	0.4285272
2322	0.4286346
2323	0.4284023
2324	0.4283721
2325	0.4280415
2326	0.42786729999999995
2327	0.4279773
2328	0.4277838
2329	0.4273
2330	0.427237
2331	0.42714929999999995
2332	0.4271457
2333	0.4277049
2334	0.42785870000000004
2335	0.42774170000000006
2336	0.42776049999999993
2337	0.4279366
2338	0.42780379999999996
2339	0.4280285
2340	0.4282402
2341	0.42806809999999995
2342	0.42796590000000007
2343	0.42741419999999997
2344	0.4271392
2345	0.4275816
2346	0.4275644
2347	0.4276398
2348	0.4281210999999999
2349	0.4278048
2350	0.42756640000000007
2351	0.4280352
2352	0.4277361
2353	0.4274414000000001
2354	0.4278148
2355	0.42781779999999997
2356	0.42792700000000006
2357	0.4280558
2358	0.4279106
2359	0.4281769
2360	0.42832489999999995
2361	0.4280696
2362	0.4275622
2363	0.42730390000000007
2364	0.4265679
2365	0.4263754
2366	0.42700649999999996
2367	0.4270942
2368	0.4267113
2369	0.42665459999999994
2370	0.4269616
2371	0.4267848
2372	0.4263964
2373	0.426246
2374	0.42605909999999997
2375	0.42540159999999994
2376	0.42512510000000003
2377	0.425425
2378	0.42544970000000004
2379	0.424641
2380	0.42382790000000004
2381	0.4235771
2382	0.42310749999999997
2383	0.42256540000000004
2384	0.42277609999999993
2385	0.422755
2386	0.42229040000000007
2387	0.42289329999999997
2388	0.42333999999999994
2389	0.42267730000000003
2390	0.42209350000000007
2391	0.4214576
2392	0.4210674
2393	0.4214263
2394	0.4218501
2395	0.42128820000000006
2396	0.4199380999999999
2397	0.4194603
2398	0.41971490000000006
2399	0.4197914000000001
2400	0.41943549999999996
2401	0.41863069999999997
2402	0.4184639
2403	0.4188952
2404	0.4192106
2405	0.4195294
2406	0.4190277
2407	0.4174622
2408	0.41668820000000006
2409	0.41736769999999995
2410	0.41734899999999997
2411	0.41622349999999997
2412	0.4163612
2413	0.4170398
2414	0.4162505
2415	0.4154183
2416	0.41511980000000004
2417	0.41373530000000003
2418	0.41251850000000007
2419	0.4126474
2420	0.41198779999999996
2421	0.41100190000000003
2422	0.41061400000000003
2423	0.4097357
2424	0.40929940000000004
2425	0.40986000000000006
2426	0.409728
2427	0.4086724
2428	0.4080253
2429	0.40753690000000004
2430	0.40627329999999995
2431	0.40496020000000005
2432	0.4048059
2433	0.4043138
2434	0.40287209999999996
2435	0.40238720000000006
2436	0.40324920000000003
2437	0.4024583
2438	0.40055959999999996
2439	0.40019940000000004
2440	0.3999235
2441	0.39954470000000003
2442	0.4006616
2443	0.4005
2444	0.39890440000000005
2445	0.3985754
2446	0.39869140000000003
2447	0.3977791
2448	0.3963715
2449	0.3962906
2450	0.39688070000000003
2451	0.3964404
2452	0.39611740000000006
2453	0.39622490000000005
2454	0.3960407
2455	0.39453540000000004
2456	0.3923215
2457	0.3925323
2458	0.39301090000000005
2459	0.39249959999999995
2460	0.394063
2461	0.3943787
2462	0.3914579
2463	0.3904526
2464	0.3922039
2465	0.3920927
2466	0.3899241
2467	0.38957959999999997
2468	0.39036659999999995
2469	0.3899387
2470	0.3895552
2471	0.38938629999999996
2472	0.3882933
2473	0.38817670000000004
2474	0.38967140000000006
2475	0.3895026
2476	0.387266
2477	0.3877406
2478	0.39101579999999997
2479	0.3910834
2480	0.3911577
2481	0.3901803
2482	0.3846173
2483	0.3819094
2484	0.37983540000000005
2485	0.37985040000000003
2486	0.38388340000000004
2487	0.3840111
2488	0.38321890000000003
2489	0.38416259999999997
2490	0.3828654
2491	0.382562
2492	0.38600609999999996
2493	0.38774169999999997
2494	0.38710859999999997
2495	0.3870809
2496	0.3898078
2497	0.38848530000000003
2498	0.3815163
2499	0.37939459999999997
2500	0.37860959999999994
