350	0.0589106
351	0.0620898
352	0.0601919
353	0.0619605
354	0.0658087
355	0.0654803
356	0.0628673
357	0.0606705
358	0.0611765
359	0.0610514
360	0.0619749
361	0.0642089
362	0.0618755
363	0.06170610000000001
364	0.0643465
365	0.0608072
366	0.06164119999999999
367	0.06568500000000001
368	0.0652413
369	0.0628108
370	0.062103599999999995
371	0.0658855
372	0.0659554
373	0.0648371
374	0.064875
375	0.0639819
376	0.0629949
377	0.0626749
378	0.06387140000000001
379	0.06585210000000001
380	0.0669195
381	0.0647285
382	0.0651806
383	0.0667756
384	0.066552
385	0.0658664
386	0.0654851
387	0.06571210000000001
388	0.06569580000000001
389	0.0663671
390	0.0675636
391	0.0674504
392	0.06793099999999999
393	0.0689863
394	0.0696362
395	0.06898810000000001
396	0.06816799999999999
397	0.06849
398	0.06876489999999999
399	0.0688512
400	0.06888150000000001
401	0.0694261
402	0.0701199
403	0.0707318
404	0.0711503
405	0.0716436
406	0.0719955
407	0.071755
408	0.0720142
409	0.07229529999999999
410	0.0719915
411	0.0722125
412	0.0727795
413	0.0734002
414	0.07386310000000001
415	0.07415089999999999
416	0.0743061
417	0.0744316
418	0.0746049
419	0.074956
420	0.07562510000000001
421	0.07595089999999999
422	0.0760617
423	0.0762669
424	0.07667439999999999
425	0.07713930000000001
426	0.0775525
427	0.0779559
428	0.07844069999999999
429	0.0789904
430	0.07942039999999999
431	0.07999049999999999
432	0.08061410000000001
433	0.08103099999999999
434	0.08132930000000001
435	0.08169560000000001
436	0.0822698
437	0.08270160000000001
438	0.08326010000000002
439	0.08400319999999999
440	0.0842311
441	0.084482
442	0.084959
443	0.0854957
444	0.085966
445	0.0863709
446	0.0867909
447	0.08740880000000001
448	0.0879427
449	0.0881301
450	0.08851310000000001
451	0.0890347
452	0.0895299
453	0.0896482
454	0.0899236
455	0.09042660000000001
456	0.0906926
457	0.0910038
458	0.091392
459	0.0917911
460	0.0921425
461	0.0924768
462	0.092818
463	0.0930035
464	0.09325560000000001
465	0.0936721
466	0.09404019999999999
467	0.09425399999999999
468	0.0943782
469	0.09466799999999999
470	0.0950266
471	0.0953822
472	0.09567089999999999
473	0.0960448
474	0.0963676
475	0.0965514
476	0.0969633
477	0.09740700000000001
478	0.09776939999999999
479	0.0981598
480	0.0984926
481	0.09877269999999999
482	0.0990799
483	0.09943880000000001
484	0.09986569999999999
485	0.10035670000000001
486	0.1007638
487	0.101173
488	0.1016433
489	0.10197669999999999
490	0.1022735
491	0.10265999999999999
492	0.10335180000000001
493	0.1039136
494	0.104322
495	0.10482000000000001
496	0.1054031
497	0.106011
498	0.10656449999999999
499	0.1070594
500	0.1075972
501	0.10822470000000001
502	0.10879489999999999
503	0.10936939999999999
504	0.1099762
505	0.1106116
506	0.11117830000000001
507	0.1117192
508	0.11235739999999998
509	0.11305150000000001
510	0.1137423
511	0.1143808
512	0.11500360000000001
513	0.1156336
514	0.1162797
515	0.1169108
516	0.11759839999999999
517	0.1183145
518	0.1189067
519	0.1195749
520	0.1202952
521	0.1209549
522	0.12164160000000002
523	0.1223722
524	0.1231353
525	0.12385999999999998
526	0.12457660000000001
527	0.1252942
528	0.1259665
529	0.1266721
530	0.12742799999999999
531	0.1282105
532	0.1289213
533	0.12961620000000001
534	0.1303875
535	0.13108689999999998
536	0.1317671
537	0.13249539999999999
538	0.1332934
539	0.13406429999999997
540	0.1347828
541	0.13552650000000002
542	0.1362759
543	0.1370224
544	0.13775779999999999
545	0.1385085
546	0.1392713
547	0.1400296
548	0.1407351
549	0.14148729999999998
550	0.1423316
551	0.143157
552	0.1439809
553	0.1448193
554	0.145696
555	0.1465779
556	0.1474331
557	0.1482352
558	0.1490231
559	0.1498079
560	0.1505906
561	0.1513433
562	0.15206229999999998
563	0.15275750000000002
564	0.1534568
565	0.15415320000000002
566	0.1548566
567	0.1555819
568	0.156309
569	0.1570183
570	0.15769260000000002
571	0.1583391
572	0.1589604
573	0.15956729999999997
574	0.16018829999999998
575	0.1608765
576	0.16159189999999998
577	0.1621553
578	0.1627672
579	0.16342060000000003
580	0.164018
581	0.164633
582	0.16524560000000002
583	0.1658313
584	0.16642939999999998
585	0.1669961
586	0.1675189
587	0.168049
588	0.168596
589	0.1691381
590	0.169622
591	0.1701176
592	0.1705925
593	0.17099
594	0.1713232
595	0.1716874
596	0.1721441
597	0.17263320000000001
598	0.17313620000000002
599	0.1736433
600	0.17417149999999998
601	0.174681
602	0.17516529999999997
603	0.17564029999999997
604	0.1761346
605	0.17663879999999998
606	0.17713389999999998
607	0.1775813
608	0.1780211
609	0.1784822
610	0.1789772
611	0.1794532
612	0.1798981
613	0.1803239
614	0.18077870000000001
615	0.1812436
616	0.18168420000000002
617	0.18211860000000002
618	0.1825473
619	0.18296529999999997
620	0.1833596
621	0.18375439999999998
622	0.18416470000000001
623	0.1846029
624	0.1850265
625	0.1854241
626	0.1858009
627	0.1861815
628	0.18656520000000001
629	0.186945
630	0.1872966
631	0.1876635
632	0.1880592
633	0.1884565
634	0.1888346
635	0.1892083
636	0.1896085
637	0.19001389999999999
638	0.190405
639	0.1907667
640	0.1911035
641	0.1914698
642	0.19187449999999998
643	0.1922441
644	0.1926131
645	0.1929815
646	0.1933322
647	0.19368210000000002
648	0.1940507
649	0.1944486
650	0.1948201
651	0.195181
652	0.195545
653	0.19590439999999998
654	0.1962637
655	0.19662290000000002
656	0.1969751
657	0.19732220000000003
658	0.1976635
659	0.1979967
660	0.1983183
661	0.19865750000000001
662	0.1990221
663	0.1993552
664	0.1996966
665	0.20004470000000002
666	0.20035429999999999
667	0.2006726
668	0.20099029999999998
669	0.2012849
670	0.20161479999999998
671	0.2019234
672	0.2021797
673	0.2024846
674	0.2027965
675	0.2030889
676	0.20335
677	0.20360970000000003
678	0.2038757
679	0.2041443
680	0.2044167
681	0.2046755
682	0.20490820000000004
683	0.2051271
684	0.20537719999999998
685	0.2056514
686	0.20586729999999998
687	0.20605789999999996
688	0.20624699999999999
689	0.20645860000000002
690	0.20668609999999998
691	0.2069152
692	0.2071343
693	0.20734610000000003
694	0.2075554
695	0.20775589999999997
696	0.207918
697	0.2080589
698	0.20820999999999998
699	0.2084089
700	0.20858890000000002
701	0.20876860000000003
702	0.20896479999999998
703	0.2091083
704	0.20926420000000004
705	0.2094589
706	0.2096489
707	0.2098458
708	0.2100399
709	0.2102139
710	0.2103924
711	0.21056660000000002
712	0.2107328
713	0.21094000000000002
714	0.21115770000000003
715	0.2113597
716	0.21152240000000003
717	0.21170570000000002
718	0.2119186
719	0.21214179999999996
720	0.21235779999999999
721	0.2125873
722	0.21284050000000002
723	0.21304859999999998
724	0.21326550000000002
725	0.21351460000000003
726	0.21376689999999998
727	0.21402310000000002
728	0.2142715
729	0.21449980000000002
730	0.2147436
731	0.2149855
732	0.21521500000000002
733	0.2154848
734	0.21575830000000001
735	0.21601689999999998
736	0.21626750000000003
737	0.2165159
738	0.2167717
739	0.21704400000000001
740	0.2173049
741	0.21757390000000001
742	0.2178634
743	0.2181303
744	0.2183962
745	0.2186676
746	0.2189315
747	0.2192047
748	0.21948020000000001
749	0.21974520000000003
750	0.22002370000000002
751	0.22030039999999998
752	0.22056550000000003
753	0.2208409
754	0.2211162
755	0.2213866
756	0.2216536
757	0.221914
758	0.22216729999999998
759	0.2224163
760	0.22267979999999998
761	0.2229531
762	0.2232303
763	0.22351550000000003
764	0.22380740000000002
765	0.2240971
766	0.2243685
767	0.224629
768	0.22489320000000002
769	0.22517240000000002
770	0.22543670000000002
771	0.2257033
772	0.22598279999999998
773	0.2262669
774	0.226532
775	0.22678070000000003
776	0.22703249999999997
777	0.22728560000000003
778	0.2275367
779	0.22778379999999998
780	0.2280448
781	0.2283073
782	0.22855830000000002
783	0.2287849
784	0.2290245
785	0.2292741
786	0.2295138
787	0.22975210000000001
788	0.2299815
789	0.23020259999999998
790	0.2304516
791	0.2306842
792	0.2308942
793	0.23111479999999998
794	0.23132960000000002
795	0.23154229999999998
796	0.23176100000000002
797	0.2319862
798	0.2322107
799	0.2324243
800	0.23261020000000004
801	0.23280189999999998
802	0.23299629999999996
803	0.23316620000000002
804	0.2333656
805	0.23356329999999997
806	0.23372559999999998
807	0.2339025
808	0.23406679999999996
809	0.23421489999999998
810	0.2343839
811	0.23454270000000002
812	0.23469429999999997
813	0.2348526
814	0.23500349999999998
815	0.23515529999999998
816	0.2353087
817	0.23543060000000002
818	0.2355562
819	0.23568960000000003
820	0.23580720000000002
821	0.23593289999999997
822	0.2360674
823	0.236204
824	0.2363294
825	0.23643899999999998
826	0.23653870000000002
827	0.23665129999999998
828	0.23676460000000002
829	0.2368716
830	0.23696820000000002
831	0.2370792
832	0.2371846
833	0.23727060000000003
834	0.23736469999999998
835	0.23746079999999997
836	0.2375504
837	0.23762289999999997
838	0.23772770000000001
839	0.23784560000000002
840	0.23794389999999999
841	0.23803979999999997
842	0.2381145
843	0.2381703
844	0.2382519
845	0.23832039999999996
846	0.2383812
847	0.238459
848	0.23855079999999998
849	0.23863879999999998
850	0.238709
851	0.23876460000000002
852	0.23882640000000002
853	0.2388995
854	0.238974
855	0.23905660000000004
856	0.23914029999999997
857	0.2392147
858	0.23927329999999997
859	0.239314
860	0.23935170000000003
861	0.2394301
862	0.23946599999999998
863	0.23947110000000002
864	0.2395019
865	0.2396303
866	0.239758
867	0.2398183
868	0.23984970000000003
869	0.2399163
870	0.24000970000000002
871	0.24007379999999998
872	0.2401494
873	0.2402229
874	0.2402828
875	0.24036269999999998
876	0.2404206
877	0.2404599
878	0.2405324
879	0.2406469
880	0.24075149999999998
881	0.24079679999999998
882	0.24085749999999997
883	0.2409303
884	0.24100749999999999
885	0.24108000000000002
886	0.2411953
887	0.2413232
888	0.24140770000000003
889	0.24147710000000003
890	0.24155879999999996
891	0.2416656
892	0.24177939999999998
893	0.24187759999999997
894	0.2419746
895	0.2421035
896	0.24220070000000002
897	0.2422737
898	0.2423466
899	0.2424556
900	0.24255500000000002
901	0.24264899999999998
902	0.2427842
903	0.24291849999999998
904	0.2430283
905	0.2431097
906	0.24321900000000002
907	0.2433226
908	0.2434236
909	0.2435732
910	0.2436962
911	0.2438143
912	0.24396700000000002
913	0.24411729999999998
914	0.24424169999999998
915	0.2443556
916	0.2445423
917	0.2446805
918	0.24479629999999997
919	0.24495909999999999
920	0.2450938
921	0.2452096
922	0.24533449999999998
923	0.24552710000000003
924	0.24568850000000003
925	0.24581479999999997
926	0.24594699999999997
927	0.2460978
928	0.24626439999999997
929	0.24644139999999998
930	0.2466312
931	0.246804
932	0.2469741
933	0.247177
934	0.24733089999999996
935	0.2474806
936	0.2476614
937	0.2478219
938	0.2480031
939	0.2481966
940	0.2483594
941	0.24849829999999998
942	0.24866529999999998
943	0.2488877
944	0.249092
945	0.2492967
946	0.24950210000000003
947	0.2496937
948	0.2498069
949	0.24994
950	0.2501673
951	0.2503509
952	0.2505563
953	0.25077710000000003
954	0.25094279999999997
955	0.2510927
956	0.2512552
957	0.2514441
958	0.2516277
959	0.2518375
960	0.2520716
961	0.25229650000000003
962	0.2524804
963	0.2526519
964	0.25284439999999997
965	0.2530454
966	0.2532262
967	0.2533973
968	0.2536049
969	0.253795
970	0.25398000000000004
971	0.2541816
972	0.25439839999999997
973	0.25459729999999997
974	0.2548042
975	0.25509879999999996
976	0.25536929999999997
977	0.2555832
978	0.2557465
979	0.255918
980	0.2560962
981	0.25628110000000004
982	0.2564745
983	0.2567246
984	0.25695789999999996
985	0.2571196
986	0.2573161
987	0.2575108
988	0.257705
989	0.2579297
990	0.25814210000000004
991	0.2583645
992	0.2586061
993	0.2587833
994	0.25898699999999997
995	0.2592036
996	0.2593504
997	0.2595225
998	0.2597436
999	0.25999179999999994
1000	0.2601545
1001	0.2595124
1002	0.2596722
1003	0.2597972
1004	0.2598261
1005	0.2599549
1006	0.2600806
1007	0.2601918
1008	0.260295
1009	0.260491
1010	0.26072860000000003
1011	0.26093520000000003
1012	0.2612146
1013	0.26147889999999996
1014	0.2617833
1015	0.2618988
1016	0.2621177
1017	0.2624158
1018	0.26259629999999995
1019	0.26268400000000003
1020	0.26283920000000005
1021	0.2629613
1022	0.2631304
1023	0.26336459999999995
1024	0.2635583
1025	0.2637585
1026	0.2639381
1027	0.2641428
1028	0.26424949999999997
1029	0.2643938
1030	0.26448829999999995
1031	0.26468790000000003
1032	0.26494429999999997
1033	0.2651598
1034	0.2654239
1035	0.26565140000000004
1036	0.2657947
1037	0.2660141
1038	0.26631659999999996
1039	0.26656740000000007
1040	0.2668676
1041	0.26708909999999997
1042	0.2672361
1043	0.2672607
1044	0.26740959999999997
1045	0.2675467
1046	0.2677118
1047	0.2679667
1048	0.268163
1049	0.2682642
1050	0.2684654
1051	0.2687299
1052	0.2689784
1053	0.26940390000000003
1054	0.2696137
1055	0.26958730000000003
1056	0.269667
1057	0.269866
1058	0.27006820000000004
1059	0.2702242
1060	0.2705518
1061	0.2707309
1062	0.270608
1063	0.2708011
1064	0.271318
1065	0.271542
1066	0.27160359999999995
1067	0.27184250000000004
1068	0.272011
1069	0.27220609999999995
1070	0.272511
1071	0.273215
1072	0.2733144
1073	0.2729404
1074	0.2731241
1075	0.27332990000000007
1076	0.2735672
1077	0.27430920000000003
1078	0.2745995
1079	0.27439600000000003
1080	0.27450630000000004
1081	0.2745689
1082	0.2749273
1083	0.27522199999999997
1084	0.2753966
1085	0.27562709999999996
1086	0.2757725
1087	0.275965
1088	0.2762448
1089	0.276477
1090	0.276642
1091	0.27684790000000004
1092	0.2771172
1093	0.2773434
1094	0.2775154
1095	0.2777255
1096	0.2779728
1097	0.2781324
1098	0.27832779999999996
1099	0.27871609999999997
1100	0.27896370000000004
1101	0.27917220000000004
1102	0.279403
1103	0.2796032
1104	0.279805
1105	0.2800262
1106	0.2802602
1107	0.28051159999999997
1108	0.2807093
1109	0.2808806
1110	0.28107540000000003
1111	0.2812491
1112	0.28138779999999997
1113	0.2815769
1114	0.28186120000000003
1115	0.28215250000000003
1116	0.2825273
1117	0.28277579999999997
1118	0.2830101
1119	0.2832099
1120	0.2832731
1121	0.2834683
1122	0.2837244
1123	0.2839656
1124	0.2842592
1125	0.28453890000000004
1126	0.28467990000000004
1127	0.2848918
1128	0.28519
1129	0.28545640000000005
1130	0.28572020000000004
1131	0.28607990000000005
1132	0.2863317
1133	0.2864538
1134	0.28667270000000006
1135	0.286928
1136	0.2871752
1137	0.2874755
1138	0.28771040000000003
1139	0.2878598
1140	0.2881039
1141	0.28837779999999996
1142	0.28854179999999996
1143	0.288821
1144	0.2890744
1145	0.28930659999999997
1146	0.28953979999999996
1147	0.2897809
1148	0.2899671
1149	0.2902024
1150	0.2904711
1151	0.2907186
1152	0.2909715
1153	0.2912626
1154	0.291506
1155	0.2916866
1156	0.291883
1157	0.29215549999999996
1158	0.2924541
1159	0.2927178
1160	0.2929433
1161	0.2931692
1162	0.2934405
1163	0.2937405
1164	0.29400729999999997
1165	0.2943125
1166	0.29456720000000003
1167	0.2947289
1168	0.29496550000000005
1169	0.2952203
1170	0.29552209999999995
1171	0.2958423
1172	0.2960598
1173	0.29630259999999997
1174	0.2966435
1175	0.2968662
1176	0.2970618
1177	0.2973653
1178	0.2976321
1179	0.2978772
1180	0.298175
1181	0.29845370000000004
1182	0.2986408
1183	0.2988757
1184	0.29911170000000004
1185	0.2994854
1186	0.2997938
1187	0.29997529999999994
1188	0.3002419
1189	0.3005399
1190	0.3008152
1191	0.3011003
1192	0.3013283
1193	0.3016133
1194	0.3019237
1195	0.3022694
1196	0.3025717
1197	0.30288400000000004
1198	0.30318829999999997
1199	0.3034335
1200	0.30375549999999996
1201	0.3040732
1202	0.3043687
1203	0.30465970000000003
1204	0.3048804
1205	0.3051562
1206	0.305506
1207	0.30577329999999997
1208	0.3060473
1209	0.3063841
1210	0.306714
1211	0.30695459999999997
1212	0.3071954
1213	0.30749540000000003
1214	0.3078309
1215	0.30809640000000005
1216	0.308348
1217	0.3086727
1218	0.3089745
1219	0.3092295
1220	0.30953059999999993
1221	0.3098611
1222	0.3101369
1223	0.3104031
1224	0.310683
1225	0.31094440000000007
1226	0.31123690000000004
1227	0.31156809999999996
1228	0.3118407
1229	0.312076
1230	0.31237570000000003
1231	0.3127017
1232	0.3129711
1233	0.3132409
1234	0.3135425
1235	0.3138625
1236	0.3141315
1237	0.31438699999999997
1238	0.31471609999999994
1239	0.3150153
1240	0.3152427
1241	0.31550690000000003
1242	0.3158072
1243	0.3160956
1244	0.3163592
1245	0.316658
1246	0.317013
1247	0.31732
1248	0.31760959999999994
1249	0.3179152
1250	0.3182449
1251	0.3185205
1252	0.3187811
1253	0.3190834
1254	0.31934359999999995
1255	0.3196105
1256	0.31992990000000004
1257	0.3202105
1258	0.32049740000000004
1259	0.32083659999999997
1260	0.3211835
1261	0.3215083
1262	0.32176509999999997
1263	0.3220132
1264	0.3223282
1265	0.3226257
1266	0.32292600000000005
1267	0.32331129999999997
1268	0.32362529999999995
1269	0.3238738
1270	0.3241409
1271	0.32444120000000004
1272	0.32473359999999996
1273	0.3250646
1274	0.325376
1275	0.325665
1276	0.3259715
1277	0.3262813
1278	0.32656840000000004
1279	0.3268278
1280	0.3270723
1281	0.327331
1282	0.3276675
1283	0.328069
1284	0.328391
1285	0.32862290000000005
1286	0.3288893
1287	0.3291814
1288	0.32946040000000004
1289	0.3298116
1290	0.3301934
1291	0.3304578
1292	0.330692
1293	0.33095549999999996
1294	0.3312675
1295	0.3316212
1296	0.33195
1297	0.3323271
1298	0.33264770000000005
1299	0.3328485
1300	0.3331083
1301	0.33343
1302	0.33373379999999997
1303	0.33402750000000003
1304	0.3343242
1305	0.3346341
1306	0.3349298
1307	0.33520759999999994
1308	0.3354922
1309	0.3358258
1310	0.3361765
1311	0.33651279999999995
1312	0.33687449999999997
1313	0.3372163
1314	0.3375067
1315	0.33776409999999996
1316	0.33810959999999995
1317	0.338523
1318	0.33881079999999997
1319	0.3390723
1320	0.33938809999999997
1321	0.33967670000000005
1322	0.3400462
1323	0.3404129
1324	0.340685
1325	0.34107659999999995
1326	0.341451
1327	0.34180170000000004
1328	0.34213059999999995
1329	0.34249409999999997
1330	0.3428027
1331	0.34309270000000003
1332	0.3434093
1333	0.3437216
1334	0.34406359999999997
1335	0.34436890000000003
1336	0.34467470000000006
1337	0.345052
1338	0.34541020000000006
1339	0.34572559999999997
1340	0.34603649999999997
1341	0.3462966
1342	0.3465483
1343	0.3468768
1344	0.34716090000000005
1345	0.3474163
1346	0.347742
1347	0.34805959999999997
1348	0.3483697
1349	0.3486568
1350	0.348988
1351	0.34924540000000004
1352	0.34944790000000003
1353	0.349718
1354	0.35003609999999996
1355	0.3503098
1356	0.350605
1357	0.35092140000000005
1358	0.35120429999999997
1359	0.3514834
1360	0.35175409999999996
1361	0.35200040000000005
1362	0.3522841
1363	0.3526341
1364	0.3529545
1365	0.3532135
1366	0.3534217
1367	0.35364959999999995
1368	0.3539516
1369	0.35419520000000004
1370	0.3544136
1371	0.35461529999999997
1372	0.35484
1373	0.3550501
1374	0.3552564
1375	0.35550440000000005
1376	0.35568740000000004
1377	0.3557956
1378	0.3558708
1379	0.3560255
1380	0.35617990000000005
1381	0.3562758
1382	0.3563948
1383	0.3564833
1384	0.35655590000000004
1385	0.3566495
1386	0.3567479
1387	0.3568412
1388	0.3568947
1389	0.3569105
1390	0.3568945
1391	0.3568562
1392	0.3568356
1393	0.35679679999999997
1394	0.3566787
1395	0.3565977
1396	0.3565042
1397	0.3564035
1398	0.35630690000000004
1399	0.3562396
1400	0.3561793
1401	0.35608920000000005
1402	0.3560257
1403	0.3559855
1404	0.35596690000000003
1405	0.35600290000000007
1406	0.35606309999999997
1407	0.3561118
1408	0.35617540000000003
1409	0.35623390000000005
1410	0.35632199999999997
1411	0.35648320000000006
1412	0.3567074
1413	0.35694390000000004
1414	0.3572836
1415	0.3578337
1416	0.3584806
1417	0.35919009999999996
1418	0.35992840000000004
1419	0.3606669
1420	0.3614125
1421	0.36209369999999996
1422	0.36274829999999997
1423	0.36334970000000005
1424	0.3639741
1425	0.3646002
1426	0.3651718
1427	0.3657257
1428	0.36629040000000007
1429	0.366789
1430	0.36721509999999996
1431	0.36769609999999997
1432	0.36815559999999997
1433	0.368523
1434	0.3689405
1435	0.3693697
1436	0.3697508
1437	0.3701687
1438	0.370581
1439	0.3709545
1440	0.3713061
1441	0.3716708
1442	0.37206609999999996
1443	0.3724343
1444	0.37281559999999997
1445	0.3731514
1446	0.37342329999999996
1447	0.37378290000000003
1448	0.3741562
1449	0.3744867
1450	0.3747842
1451	0.375118
1452	0.37544429999999995
1453	0.3757847
1454	0.3761466
1455	0.3765079
1456	0.3768881
1457	0.3772292
1458	0.3775519
1459	0.3778849
1460	0.3782247
1461	0.37852729999999996
1462	0.3788296
1463	0.37921020000000005
1464	0.3795777
1465	0.37988679999999997
1466	0.3802417
1467	0.38056409999999996
1468	0.38085359999999996
1469	0.3812331
1470	0.3815655
1471	0.3818655
1472	0.3822649
1473	0.38263800000000003
1474	0.3829691
1475	0.3833132
1476	0.3836275
1477	0.3839367
1478	0.3842585
1479	0.3846075
1480	0.3849671
1481	0.3852737
1482	0.3855961
1483	0.3859479
1484	0.3862821
1485	0.38659770000000004
1486	0.3869238
1487	0.3872567
1488	0.38756
1489	0.3878356
1490	0.3881353
1491	0.38844650000000003
1492	0.388745
1493	0.38904679999999997
1494	0.3893437
1495	0.3896667
1496	0.3899906
1497	0.39032659999999997
1498	0.3906715
1499	0.39097209999999993
1500	0.3912516
1501	0.3915616
1502	0.3919019
1503	0.39222779999999996
1504	0.3925098
1505	0.39279169999999997
1506	0.3930849
1507	0.3933979
1508	0.39372470000000004
1509	0.3940474
1510	0.39438670000000003
1511	0.39469679999999996
1512	0.39500749999999996
1513	0.39533850000000004
1514	0.39564879999999997
1515	0.3959733
1516	0.3963062
1517	0.3966466
1518	0.3969684
1519	0.3972364
1520	0.3975263
1521	0.3978255
1522	0.39812129999999996
1523	0.3984101
1524	0.3987092
1525	0.39899809999999997
1526	0.3992625
1527	0.3995787
1528	0.3999368
1529	0.40024529999999997
1530	0.4005417
1531	0.4008534
1532	0.401145
1533	0.4014719
1534	0.40184040000000004
1535	0.4021868
1536	0.4025156
1537	0.4028344
1538	0.403154
1539	0.4034473
1540	0.40372909999999995
1541	0.4040086
1542	0.40428909999999996
1543	0.40458299999999997
1544	0.4048843
1545	0.4051816
1546	0.40547009999999994
1547	0.4057388
1548	0.4059831
1549	0.4062367
1550	0.4064899
1551	0.4067491
1552	0.4070474
1553	0.4073515
1554	0.4076497
1555	0.4079435
1556	0.4082157
1557	0.40851350000000003
1558	0.40887429999999997
1559	0.4092139
1560	0.4094866
1561	0.40975829999999996
1562	0.410045
1563	0.4103483
1564	0.4106747
1565	0.41100109999999995
1566	0.4112896
1567	0.411525
1568	0.4118053
1569	0.4121147
1570	0.41239259999999994
1571	0.4127019
1572	0.4130366
1573	0.4133575
1574	0.41364480000000003
1575	0.4139715
1576	0.4142845
1577	0.4145634
1578	0.4148459
1579	0.415157
1580	0.4154487
1581	0.4157188
1582	0.41601509999999997
1583	0.4163215
1584	0.41660200000000003
1585	0.41687060000000004
1586	0.4171518
1587	0.4174388
1588	0.4177406
1589	0.41804589999999997
1590	0.4183331
1591	0.41862959999999994
1592	0.4189052
1593	0.4191416
1594	0.41943159999999996
1595	0.41972120000000007
1596	0.41997700000000004
1597	0.4202527
1598	0.42054719999999995
1599	0.4208527
1600	0.4211598
1601	0.4214375
1602	0.4217259
1603	0.4220188
1604	0.42229269999999997
1605	0.42260640000000005
1606	0.4229215
1607	0.423209
1608	0.4234965
1609	0.4237871
1610	0.42406640000000007
1611	0.4243121
1612	0.4246013
1613	0.42491019999999996
1614	0.4251359
1615	0.42538760000000003
1616	0.42571229999999993
1617	0.4259877
1618	0.42626040000000004
1619	0.42662040000000007
1620	0.42692340000000006
1621	0.4271594
1622	0.42749849999999995
1623	0.42782390000000003
1624	0.42809440000000004
1625	0.42840969999999995
1626	0.42869670000000004
1627	0.4289683
1628	0.4292242
1629	0.4294339
1630	0.4296615
1631	0.4299314
1632	0.4301834
1633	0.4304121
1634	0.43070590000000003
1635	0.43098459999999994
1636	0.43125050000000004
1637	0.4315847
1638	0.4318356
1639	0.4320248
1640	0.4323128
1641	0.4326358
1642	0.4329281
1643	0.4332554
1644	0.4335528
1645	0.4337789000000001
1646	0.43407970000000007
1647	0.4344123
1648	0.43466509999999997
1649	0.43493230000000005
1650	0.4352598
1651	0.43555309999999997
1652	0.4357741
1653	0.43603400000000003
1654	0.43635329999999994
1655	0.4366898
1656	0.4370343
1657	0.4373118
1658	0.43758459999999993
1659	0.43785150000000006
1660	0.4380947
1661	0.43843760000000004
1662	0.43875059999999994
1663	0.43895470000000003
1664	0.43920020000000004
1665	0.43946709999999994
1666	0.43970590000000004
1667	0.43997240000000004
1668	0.44026099999999996
1669	0.4405372
1670	0.44083729999999993
1671	0.4411418
1672	0.4413764
1673	0.44165109999999996
1674	0.4419565
1675	0.4421608
1676	0.44240039999999997
1677	0.44270119999999996
1678	0.442942
1679	0.4431643
1680	0.44344540000000005
1681	0.44374709999999995
1682	0.4439952999999999
1683	0.4442307
1684	0.44448370000000004
1685	0.4447392
1686	0.44498290000000007
1687	0.44523149999999995
1688	0.4455287
1689	0.44578670000000004
1690	0.44601490000000005
1691	0.4463225
1692	0.4465958
1693	0.4467937
1694	0.4470258
1695	0.4472742
1696	0.4475888
1697	0.44795150000000006
1698	0.44823370000000007
1699	0.4485479
1700	0.4488352
1701	0.4490174
1702	0.4493202
1703	0.4496795
1704	0.44997259999999994
1705	0.45027029999999996
1706	0.45050280000000004
1707	0.4506835
1708	0.45095050000000003
1709	0.4512526
1710	0.45151490000000005
1711	0.4517808
1712	0.4519858
1713	0.45217579999999996
1714	0.45247570000000004
1715	0.4527627
1716	0.4529613
1717	0.4531567
1718	0.4534294
1719	0.45369
1720	0.4538972
1721	0.45418459999999994
1722	0.45444940000000006
1723	0.45465649999999996
1724	0.45487849999999996
1725	0.45502309999999996
1726	0.45520299999999997
1727	0.45548869999999997
1728	0.45578199999999996
1729	0.4560732
1730	0.456291
1731	0.45641909999999997
1732	0.45660429999999996
1733	0.4568985
1734	0.4571349
1735	0.45730540000000003
1736	0.4576010999999999
1737	0.4579269
1738	0.45814209999999994
1739	0.45838500000000004
1740	0.45861999999999997
1741	0.45878009999999997
1742	0.4590629
1743	0.459401
1744	0.45958950000000004
1745	0.4597353
1746	0.459971
1747	0.4601795
1748	0.46035470000000006
1749	0.4605728
1750	0.4607255
1751	0.46089259999999993
1752	0.4611274
1753	0.46134129999999995
1754	0.4615745
1755	0.46179220000000004
1756	0.4620269
1757	0.4622598
1758	0.46244670000000004
1759	0.4626698
1760	0.46296329999999997
1761	0.46319620000000006
1762	0.4633788
1763	0.4636259
1764	0.4638874
1765	0.46405340000000006
1766	0.4642693
1767	0.4644886
1768	0.4647237
1769	0.4649579000000001
1770	0.4651879
1771	0.4654724
1772	0.46573990000000004
1773	0.4659098
1774	0.4661281
1775	0.46636990000000006
1776	0.4665005
1777	0.46674170000000004
1778	0.4670710999999999
1779	0.467207
1780	0.46734840000000005
1781	0.4675862
1782	0.46775779999999995
1783	0.46798249999999997
1784	0.4683076
1785	0.46859399999999996
1786	0.46883549999999996
1787	0.46909480000000003
1788	0.4693354
1789	0.4696229
1790	0.46994540000000007
1791	0.4702484
1792	0.4705562
1793	0.47070690000000004
1794	0.47080140000000004
1795	0.47099620000000003
1796	0.4712063
1797	0.4715155
1798	0.47185950000000004
1799	0.47207170000000004
1800	0.4723081
1801	0.47103779999999995
1802	0.47153359999999994
1803	0.4718286
1804	0.4721281
1805	0.47243320000000005
1806	0.47253670000000003
1807	0.4726292
1808	0.4728617
1809	0.47308940000000005
1810	0.47332109999999994
1811	0.47364490000000004
1812	0.47391809999999995
1813	0.4741483
1814	0.4743236
1815	0.4748348
1816	0.4751715999999999
1817	0.4751391
1818	0.4754224
1819	0.47576549999999995
1820	0.4760653
1821	0.47621090000000005
1822	0.47644759999999997
1823	0.4767907
1824	0.4768257000000001
1825	0.47692470000000003
1826	0.4773771
1827	0.47771440000000004
1828	0.47799200000000003
1829	0.47814759999999995
1830	0.4783848
1831	0.4786674
1832	0.47892529999999994
1833	0.4790307
1834	0.4790316
1835	0.4792335999999999
1836	0.47956190000000004
1837	0.4797984
1838	0.4801214
1839	0.4804477
1840	0.4807722
1841	0.4809299
1842	0.48115410000000003
1843	0.48137440000000004
1844	0.48159430000000003
1845	0.48193199999999997
1846	0.4821682
1847	0.4823254
1848	0.482638
1849	0.4830304
1850	0.4833507000000001
1851	0.48356540000000003
1852	0.48380619999999996
1853	0.483879
1854	0.4839362
1855	0.48407970000000006
1856	0.48436809999999997
1857	0.4845689
1858	0.48476790000000003
1859	0.4849093
1860	0.48513779999999995
1861	0.48532529999999996
1862	0.4854794
1863	0.48552929999999994
1864	0.4853625
1865	0.4852873
1866	0.485292
1867	0.48543159999999996
1868	0.48543279999999994
1869	0.48534849999999996
1870	0.4854325
1871	0.48560240000000005
1872	0.48552159999999994
1873	0.4852628
1874	0.48505929999999997
1875	0.48483940000000003
1876	0.4844407
1877	0.4840630999999999
1878	0.48382749999999997
1879	0.4834901
1880	0.48305649999999994
1881	0.48264229999999997
1882	0.48216640000000005
1883	0.4816503
1884	0.4811946
1885	0.480663
1886	0.480199
1887	0.47968890000000003
1888	0.4789702
1889	0.4783059
1890	0.4775839
1891	0.47659399999999996
1892	0.47568190000000005
1893	0.4748854
1894	0.47391059999999996
1895	0.4728487
1896	0.4718223
1897	0.4709026
1898	0.4697233
1899	0.4684661
1900	0.46757730000000003
1901	0.4667907
1902	0.46580020000000005
1903	0.46477399999999996
1904	0.46391270000000007
1905	0.4630277
1906	0.46234079999999994
1907	0.4618714
1908	0.46152200000000004
1909	0.4613504
1910	0.46125020000000005
1911	0.461085
1912	0.4609486
1913	0.46105340000000006
1914	0.4612082
1915	0.4612795
1916	0.46137429999999996
1917	0.4616634
1918	0.4619170999999999
1919	0.46212929999999997
1920	0.46240870000000006
1921	0.4626431
1922	0.46300749999999996
1923	0.4633633
1924	0.46362600000000004
1925	0.46397209999999994
1926	0.4644804
1927	0.4648406
1928	0.46508130000000003
1929	0.4654834
1930	0.46594070000000004
1931	0.4662698
1932	0.4666357
1933	0.4671938
1934	0.46754229999999997
1935	0.46782029999999997
1936	0.4682221
1937	0.4686907
1938	0.4689312
1939	0.4692455
1940	0.4698081
1941	0.47019880000000003
1942	0.47038779999999997
1943	0.4707664000000001
1944	0.47121940000000007
1945	0.4714003
1946	0.47168809999999994
1947	0.47215969999999996
1948	0.47284079999999995
1949	0.47329620000000006
1950	0.47371260000000004
1951	0.47426660000000004
1952	0.4746351
1953	0.47491759999999994
1954	0.4753308
1955	0.47574700000000003
1956	0.47618869999999996
1957	0.47668019999999994
1958	0.4770638
1959	0.4774157
1960	0.4777487
1961	0.478217
1962	0.4786134
1963	0.47898720000000006
1964	0.47965519999999995
1965	0.4803286
1966	0.48080740000000005
1967	0.48125
1968	0.4817055
1969	0.4822019
1970	0.48257570000000005
1971	0.4829791
1972	0.4836559
1973	0.48429300000000003
1974	0.48472020000000005
1975	0.48511809999999994
1976	0.48544170000000003
1977	0.4858888
1978	0.4863763
1979	0.48690829999999996
1980	0.48744679999999996
1981	0.4880917
1982	0.4886097
1983	0.4891077999999999
1984	0.4897572
1985	0.4904424
1986	0.4909347
1987	0.4912391
1988	0.4917962
1989	0.49252049999999997
1990	0.493036
1991	0.49359179999999997
1992	0.49431099999999994
1993	0.4948925
1994	0.4952371
1995	0.49581379999999997
1996	0.49646260000000003
1997	0.4968729
1998	0.4974227
1999	0.4980541
2000	0.498626
2001	0.4991889
2002	0.49978900000000004
2003	0.5003867000000001
2004	0.5009279999999999
2005	0.5014721
2006	0.5020374
2007	0.5025561
2008	0.5030108
2009	0.5036378
2010	0.5043265
2011	0.5049475999999999
2012	0.5055496
2013	0.5061524000000001
2014	0.506758
2015	0.5073107
2016	0.5078263
2017	0.5083728
2018	0.5088996
2019	0.5093747000000001
2020	0.5098844
2021	0.5104758
2022	0.5112139
2023	0.5119041
2024	0.5124887
2025	0.5130757
2026	0.5136426
2027	0.5140342999999999
2028	0.5145729
2029	0.5151864
2030	0.5157845999999999
2031	0.5164492
2032	0.5170037999999999
2033	0.5173568000000001
2034	0.517929
2035	0.518521
2036	0.5189396
2037	0.5194001
2038	0.5200069
2039	0.5205132
2040	0.5207847
2041	0.5212408
2042	0.5219020999999999
2043	0.5223953
2044	0.5227939
2045	0.5233538
2046	0.5237215000000001
2047	0.5239791
2048	0.5243642
2049	0.5246741
2050	0.5251286999999999
2051	0.5257783
2052	0.5262439
2053	0.5267019000000001
2054	0.5271729
2055	0.5275310000000001
2056	0.5279089
2057	0.5283299
2058	0.5287562
2059	0.5290169
2060	0.5294384
2061	0.5299513000000001
2062	0.5303300999999999
2063	0.5307590999999999
2064	0.5314522
2065	0.5318301
2066	0.5318165
2067	0.532259
2068	0.532975
2069	0.5333509
2070	0.5336706
2071	0.5343094
2072	0.534696
2073	0.5347281
2074	0.535101
2075	0.535719
2076	0.5360244000000001
2077	0.5362828000000001
2078	0.5366833000000001
2079	0.5372295
2080	0.5376001
2081	0.5379984
2082	0.538274
2083	0.5382958999999999
2084	0.5385260999999999
2085	0.5388421
2086	0.539114
2087	0.539441
2088	0.5397576
2089	0.5398318
2090	0.5399653
2091	0.5402584
2092	0.5406736
2093	0.5409541999999999
2094	0.5412703000000001
2095	0.5416579
2096	0.54205
2097	0.5423394
2098	0.5426755
2099	0.5430028
2100	0.5431911
2101	0.5433927
2102	0.543884
2103	0.5443184
2104	0.5444189
2105	0.5446503
2106	0.5450187
2107	0.5453543000000001
2108	0.5456281
2109	0.5461031999999999
2110	0.5465806
2111	0.5468878
2112	0.5472785
2113	0.547886
2114	0.5483392
2115	0.5484834
2116	0.5490893
2117	0.5496393
2118	0.5497644
2119	0.5500484
2120	0.550401
2121	0.550733
2122	0.5511404999999999
2123	0.5515727
2124	0.5520430000000001
2125	0.5523758000000001
2126	0.5526226
2127	0.5530393
2128	0.553517
2129	0.5538644
2130	0.5542792
2131	0.5546589
2132	0.5549486
2133	0.5550383000000001
2134	0.5554764
2135	0.5559734000000001
2136	0.5560229
2137	0.5560314000000001
2138	0.5560989000000001
2139	0.5560706
2140	0.555918
2141	0.5557107
2142	0.5556045000000001
2143	0.5553226
2144	0.5551374
2145	0.5553842
2146	0.5551983
2147	0.5545175999999999
2148	0.5541156999999999
2149	0.5536665
2150	0.5533710999999999
2151	0.5529883000000001
2152	0.5526879
2153	0.552355
2154	0.5516901
2155	0.5510335999999999
2156	0.550329
2157	0.5496854999999999
2158	0.5488592
2159	0.5481959
2160	0.5478588000000001
2161	0.547168
2162	0.5462746
2163	0.5454566
2164	0.5444806
2165	0.5435495
2166	0.5426258
2167	0.5417475
2168	0.5411425999999999
2169	0.5403866
2170	0.5393106
2171	0.5384043000000001
2172	0.5375314
2173	0.5365511
2174	0.5354614000000001
2175	0.5344591999999999
2176	0.5334616
2177	0.5322690999999999
2178	0.5310258000000001
2179	0.5299675
2180	0.5287871999999999
2181	0.5272998000000001
2182	0.525907
2183	0.5247194000000001
2184	0.5233114000000001
2185	0.5215322
2186	0.5200457
2187	0.5189447
2188	0.5174390999999999
2189	0.5157285
2190	0.5140924
2191	0.5125847
2192	0.5107687
2193	0.5093405
2194	0.5083711
2195	0.5072479999999999
2196	0.5059971999999999
2197	0.5050085999999999
2198	0.504311
2199	0.5034599000000001
2200	0.5024413
2201	0.501827
2202	0.5015495
2203	0.5010819999999999
2204	0.5006356
2205	0.5004185
2206	0.5003492
2207	0.5003059
2208	0.500558
2209	0.5011386999999999
2210	0.5018067
2211	0.5023241
2212	0.5033873999999999
2213	0.5051432
2214	0.5064134
2215	0.5077765000000001
2216	0.5089753
2217	0.5099381
2218	0.5109697
2219	0.5121319999999999
2220	0.5130445
2221	0.5137022
2222	0.5144837000000001
2223	0.5151882000000001
2224	0.515845
2225	0.5165010999999999
2226	0.5173258
2227	0.5177297000000001
2228	0.5182029
2229	0.5186954
2230	0.5191582
2231	0.5197064
2232	0.5199098
2233	0.5201465000000001
2234	0.5202363
2235	0.5203645
2236	0.5204648000000001
2237	0.5205119
2238	0.5205255999999999
2239	0.5204951
2240	0.5204426999999999
2241	0.5203103
2242	0.5200612
2243	0.5198007
2244	0.5193897
2245	0.5191984000000001
2246	0.519227
2247	0.5190531
2248	0.518814
2249	0.5185582999999999
2250	0.5186642
2251	0.5187694
2252	0.5189245
2253	0.5191906
2254	0.5191814
2255	0.5190894
2256	0.5194002000000001
2257	0.5201824
2258	0.5206041
2259	0.5209208
2260	0.5214669
2261	0.522058
2262	0.5225813
2263	0.5234082999999999
2264	0.5239288
2265	0.5240451
2266	0.5244109
2267	0.5247675
2268	0.5252432
2269	0.5260661
2270	0.5264926999999999
2271	0.5268459
2272	0.527045
2273	0.5269020999999999
2274	0.5267524
2275	0.5268031999999999
2276	0.5269688
2277	0.5270855999999999
2278	0.5270789
2279	0.5271215
2280	0.5269883000000001
2281	0.5265234000000001
2282	0.5265871
2283	0.5265890000000001
2284	0.5266473
2285	0.5263547
2286	0.5259238
2287	0.525742
2288	0.5254108000000001
2289	0.5252344
2290	0.5256556
2291	0.5254443
2292	0.5246308000000001
2293	0.5242327
2294	0.5238701
2295	0.5234548
2296	0.5231007000000001
2297	0.5227908
2298	0.5226069000000001
2299	0.5221034999999999
2300	0.5213258
2301	0.5209964
2302	0.5207542000000001
2303	0.5202926
2304	0.5201165
2305	0.5200249
2306	0.5194572000000001
2307	0.518886
2308	0.5187984
2309	0.5185225
2310	0.5178600999999999
2311	0.5171734
2312	0.5167989000000001
2313	0.5164243
2314	0.5160374
2315	0.5160448000000001
2316	0.515637
2317	0.5147265000000001
2318	0.5142588
2319	0.5139542
2320	0.5136033
2321	0.5134162999999999
2322	0.5130144
2323	0.5125014
2324	0.511905
2325	0.5111779000000001
2326	0.5108098
2327	0.5105885
2328	0.5099269000000001
2329	0.5090947
2330	0.5086615
2331	0.5082268
2332	0.5077299
2333	0.5075991
2334	0.5071855
2335	0.5060452999999999
2336	0.5057758
2337	0.5061042
2338	0.5057201
2339	0.5052243
2340	0.505001
2341	0.504365
2342	0.5042222
2343	0.5044029000000001
2344	0.5035456
2345	0.5029851
2346	0.5030467000000001
2347	0.5026288
2348	0.5025814000000001
2349	0.5026775
2350	0.5019901
2351	0.5016649999999999
2352	0.5020241
2353	0.5020407
2354	0.5019002
2355	0.502131
2356	0.5026858000000001
2357	0.5032386
2358	0.5035897
2359	0.503804
2360	0.5037751
2361	0.5039680999999999
2362	0.5044350999999999
2363	0.5046001
2364	0.5046288
2365	0.5048652
2366	0.5050874
2367	0.5049328
2368	0.5046353
2369	0.5047799
2370	0.5047345999999999
2371	0.5047666000000001
2372	0.5054509
2373	0.5056289
2374	0.5052565
2375	0.5052734999999999
2376	0.5052478
2377	0.5053718
2378	0.5056794
2379	0.5050218
2380	0.5041026
2381	0.5043918
2382	0.5044420999999999
2383	0.5040762
2384	0.504292
2385	0.5037435
2386	0.5030680000000001
2387	0.503184
2388	0.5035505
2389	0.5040308
2390	0.5038114
2391	0.5035314000000001
2392	0.5036747
2393	0.5036694
2394	0.5033027
2395	0.5023613
2396	0.5020142
2397	0.5026037
2398	0.5028130000000001
2399	0.503184
2400	0.5034962000000001
2401	0.5025627
2402	0.5022703
2403	0.5028285
2404	0.502838
2405	0.5030097
2406	0.5033054
2407	0.5026229999999999
2408	0.5020375
2409	0.5020608
2410	0.5009335
2411	0.49958800000000003
2412	0.49953290000000006
2413	0.5000137
2414	0.4999477
2415	0.4989545999999999
2416	0.49821540000000003
2417	0.49746660000000004
2418	0.4969005999999999
2419	0.4980767
2420	0.49824309999999994
2421	0.49686140000000006
2422	0.49709780000000003
2423	0.4975935
2424	0.49622380000000005
2425	0.49496270000000003
2426	0.4945718
2427	0.4938549
2428	0.4940271
2429	0.4953576
2430	0.4951304
2431	0.49340839999999997
2432	0.4925608
2433	0.4919697
2434	0.49129799999999996
2435	0.49125959999999996
2436	0.49215649999999994
2437	0.49208379999999996
2438	0.492124
2439	0.4916174
2440	0.4901495
2441	0.4896394
2442	0.48908679999999993
2443	0.4886491
2444	0.4890001
2445	0.48885909999999994
2446	0.48840600000000006
2447	0.4885897
2448	0.4890412
2449	0.4887431
2450	0.48798969999999997
2451	0.4884496
2452	0.49022089999999996
2453	0.4896786
2454	0.4875103
2455	0.4875917
2456	0.48757209999999995
2457	0.48719929999999995
2458	0.48917619999999995
2459	0.48967340000000004
2460	0.4877826
2461	0.48622040000000005
2462	0.4844608
2463	0.4845062
2464	0.4853726
2465	0.48477429999999994
2466	0.48516570000000003
2467	0.4856574000000001
2468	0.48347209999999996
2469	0.48371220000000004
2470	0.48849609999999993
2471	0.4889935
2472	0.4868009
2473	0.4863193
2474	0.48409409999999997
2475	0.48290550000000004
2476	0.48355360000000003
2477	0.48385829999999996
2478	0.4836705
2479	0.4839112
2480	0.4865557
2481	0.48615749999999996
2482	0.4823423
2483	0.4817874
2484	0.4805925999999999
2485	0.48090150000000004
2486	0.4855822
2487	0.48749040000000005
2488	0.4885544
2489	0.48926149999999996
2490	0.48888400000000004
2491	0.4883981
2492	0.4864476
2493	0.4860242
2494	0.4874513
2495	0.48614309999999994
2496	0.4819062
2497	0.4822849
2498	0.48327190000000003
2499	0.485043
2500	0.4949705
