350	0.1039171
351	0.10152749999999999
352	0.0999154
353	0.0984146
354	0.0973942
355	0.0975249
356	0.098004
357	0.09782189999999999
358	0.09656669999999999
359	0.0982553
360	0.0999878
361	0.0996217
362	0.0987808
363	0.0988296
364	0.0997942
365	0.0996765
366	0.1005469
367	0.1015682
368	0.1002835
369	0.10115589999999999
370	0.10263980000000002
371	0.1021297
372	0.1020024
373	0.10224960000000001
374	0.1026708
375	0.10344389999999999
376	0.10394010000000001
377	0.10431030000000001
378	0.1061848
379	0.1062817
380	0.1055843
381	0.10746610000000001
382	0.1078098
383	0.107314
384	0.1076504
385	0.10820160000000001
386	0.1087615
387	0.109242
388	0.1097063
389	0.11067239999999999
390	0.1118759
391	0.11181480000000002
392	0.11210419999999999
393	0.1128848
394	0.11358230000000001
395	0.113907
396	0.1141037
397	0.1145462
398	0.1154191
399	0.1163211
400	0.1168385
401	0.1164357
402	0.11669890000000001
403	0.11774580000000001
404	0.1176978
405	0.1180653
406	0.1188808
407	0.11951019999999998
408	0.1198141
409	0.1200818
410	0.12062169999999998
411	0.1210341
412	0.121428
413	0.1219384
414	0.1226749
415	0.1234103
416	0.1239599
417	0.12408110000000001
418	0.1243808
419	0.124928
420	0.1255287
421	0.1262173
422	0.1267834
423	0.1270788
424	0.1277039
425	0.1282614
426	0.1285586
427	0.12922360000000002
428	0.12991689999999997
429	0.13050530000000002
430	0.131098
431	0.1316401
432	0.1322402
433	0.1330841
434	0.13385
435	0.13449489999999997
436	0.1350779
437	0.1358353
438	0.1366356
439	0.13737670000000002
440	0.1381311
441	0.1388309
442	0.1394993
443	0.14028859999999999
444	0.14095729999999998
445	0.14156570000000002
446	0.142312
447	0.1428779
448	0.1433823
449	0.14401270000000002
450	0.1447336
451	0.1454206
452	0.14601489999999998
453	0.1466459
454	0.14724779999999998
455	0.1478418
456	0.14857379999999998
457	0.1491469
458	0.1496273
459	0.1502433
460	0.1508132
461	0.1512925
462	0.1516948
463	0.1521629
464	0.1526289
465	0.15305610000000003
466	0.1535072
467	0.15401389999999998
468	0.1545511
469	0.1550226
470	0.155529
471	0.15602879999999997
472	0.15643529999999997
473	0.1568787
474	0.15737579999999998
475	0.15790829999999997
476	0.1584281
477	0.15889879999999998
478	0.1593309
479	0.15982570000000001
480	0.1603618
481	0.1609076
482	0.16141670000000002
483	0.1619828
484	0.1625468
485	0.1630124
486	0.1634586
487	0.1639376
488	0.164486
489	0.1651089
490	0.1656901
491	0.1662261
492	0.1669148
493	0.1675904
494	0.168217
495	0.1688306
496	0.169435
497	0.17007629999999999
498	0.1707864
499	0.171417
500	0.17196570000000003
501	0.1724928
502	0.1732091
503	0.1738968
504	0.1745013
505	0.175202
506	0.1759065
507	0.1765995
508	0.17729720000000002
509	0.17791310000000002
510	0.1785408
511	0.1792787
512	0.17996529999999997
513	0.18065250000000002
514	0.1813753
515	0.1820796
516	0.1827655
517	0.1834392
518	0.1841125
519	0.1847973
520	0.1855037
521	0.1862355
522	0.186961
523	0.1876624
524	0.188346
525	0.1891099
526	0.18988729999999998
527	0.1906361
528	0.1913777
529	0.19216760000000002
530	0.19296970000000002
531	0.1936683
532	0.1944229
533	0.1952495
534	0.19610750000000002
535	0.19689579999999998
536	0.19765560000000001
537	0.19844820000000002
538	0.1993229
539	0.2002088
540	0.2010694
541	0.2019072
542	0.2027639
543	0.2036527
544	0.2045672
545	0.2054971
546	0.20643809999999999
547	0.20738510000000002
548	0.2083234
549	0.2093192
550	0.21040019999999998
551	0.2114904
552	0.2126027
553	0.2137634
554	0.21502849999999998
555	0.21629429999999997
556	0.21752510000000003
557	0.218718
558	0.21989450000000002
559	0.2210384
560	0.222144
561	0.22325509999999998
562	0.2243725
563	0.22548479999999999
564	0.2265541
565	0.22760879999999997
566	0.2286768
567	0.22978
568	0.2308723
569	0.2319435
570	0.23299570000000003
571	0.2340344
572	0.2350145
573	0.23592829999999998
574	0.23689829999999998
575	0.23791060000000003
576	0.238934
577	0.2399201
578	0.24087889999999998
579	0.24181170000000002
580	0.2427268
581	0.24364339999999998
582	0.24453920000000004
583	0.2453942
584	0.2462279
585	0.24704020000000002
586	0.2478321
587	0.24859279999999997
588	0.24936979999999997
589	0.2501583
590	0.2509101
591	0.25165170000000003
592	0.2523248
593	0.2528649
594	0.2533774
595	0.2538728
596	0.2543692
597	0.25497329999999996
598	0.2556325
599	0.2563025
600	0.2569654
601	0.2576215
602	0.2582639
603	0.2588911
604	0.259499
605	0.26008760000000003
606	0.2606621
607	0.2612284
608	0.261783
609	0.26233090000000003
610	0.2628914
611	0.2634546
612	0.2640031
613	0.26451090000000005
614	0.2650488
615	0.26559099999999997
616	0.2660925
617	0.2665821
618	0.2670775
619	0.2675778
620	0.2680421
621	0.2685228
622	0.2690072
623	0.26941679999999996
624	0.2698532
625	0.2703184
626	0.2707828
627	0.2712799
628	0.2717602
629	0.27218909999999996
630	0.2726047
631	0.2730307
632	0.2734718
633	0.2739052
634	0.2743363
635	0.2747662
636	0.27519190000000004
637	0.27559629999999996
638	0.2760216
639	0.2764908
640	0.2768946
641	0.2773033
642	0.2777423
643	0.2781441
644	0.2785336
645	0.27892
646	0.27930809999999995
647	0.2797366
648	0.2801692
649	0.2805637
650	0.280961
651	0.2813578
652	0.2817577
653	0.2821903
654	0.28261479999999994
655	0.2830217
656	0.2834253
657	0.2838104
658	0.2841984
659	0.2846065
660	0.28493359999999995
661	0.28528400000000004
662	0.28571820000000003
663	0.2861273
664	0.2865118
665	0.2868898
666	0.2873057
667	0.287677
668	0.28802849999999997
669	0.2884212
670	0.288823
671	0.2892282
672	0.2896291
673	0.2899907
674	0.29035259999999996
675	0.2907383
676	0.2911542
677	0.2915485
678	0.2919262
679	0.2923135
680	0.29267719999999997
681	0.29305440000000005
682	0.29346540000000004
683	0.29382620000000004
684	0.2942264
685	0.29467940000000004
686	0.2950873
687	0.2954895
688	0.2958963
689	0.2963107
690	0.29673499999999997
691	0.2971664
692	0.2975982
693	0.29800709999999997
694	0.2983958
695	0.2987752
696	0.29916620000000005
697	0.29954559999999997
698	0.29992399999999997
699	0.3003261
700	0.30073140000000004
701	0.30114029999999997
702	0.3015496
703	0.30192399999999997
704	0.3023079
705	0.30271420000000004
706	0.30310290000000006
707	0.3034705
708	0.3038282
709	0.3041989
710	0.304571
711	0.304967
712	0.30539879999999997
713	0.3058092
714	0.30617740000000004
715	0.3065182
716	0.3069084
717	0.3072684
718	0.3076232
719	0.3080441
720	0.3084017
721	0.30873979999999995
722	0.3091171
723	0.3094973
724	0.3098922
725	0.3102867
726	0.3106113
727	0.31097420000000003
728	0.3113789
729	0.3117772
730	0.3121413
731	0.3124842
732	0.3128265
733	0.3131618
734	0.3135248
735	0.31391030000000003
736	0.31424009999999997
737	0.31461469999999997
738	0.3150057
739	0.315334
740	0.31570149999999997
741	0.31608709999999995
742	0.31645409999999996
743	0.31679229999999997
744	0.31711540000000005
745	0.3174427
746	0.3178054
747	0.31819709999999995
748	0.31858059999999994
749	0.3189131
750	0.31925549999999997
751	0.3196168
752	0.3199893
753	0.3203348
754	0.32068320000000006
755	0.32104040000000006
756	0.32138490000000003
757	0.32172090000000003
758	0.3220653
759	0.3224302
760	0.322753
761	0.32307620000000004
762	0.32342350000000003
763	0.32374400000000003
764	0.32404629999999995
765	0.324347
766	0.3246731
767	0.32503309999999996
768	0.3253989
769	0.3257322
770	0.32600609999999997
771	0.3262982
772	0.3266418
773	0.3269645
774	0.3272816
775	0.3275902
776	0.3278791
777	0.3281632
778	0.3284654
779	0.3287915
780	0.32907670000000006
781	0.3293523
782	0.3296392
783	0.3299414
784	0.3302502
785	0.3305444
786	0.33080240000000005
787	0.3310655
788	0.33134559999999996
789	0.3316378
790	0.3318975
791	0.3321482
792	0.3324074
793	0.33268509999999996
794	0.3329587
795	0.33319529999999997
796	0.3333778
797	0.3336259
798	0.3338989
799	0.3341491
800	0.3343399
801	0.3345663
802	0.3348427
803	0.33512620000000004
804	0.3353647
805	0.3355665
806	0.33575370000000004
807	0.3359163
808	0.3361296
809	0.33639600000000003
810	0.33660100000000004
811	0.3368002
812	0.3370067
813	0.3372142
814	0.3373846
815	0.3375478
816	0.3377313
817	0.3379288
818	0.338125
819	0.33830920000000003
820	0.33847540000000004
821	0.3386858
822	0.33888190000000007
823	0.33899759999999995
824	0.3391147
825	0.33925340000000004
826	0.33942009999999995
827	0.33961090000000005
828	0.3397549
829	0.33987670000000003
830	0.340045
831	0.3402098
832	0.3403576
833	0.3404804
834	0.3405605
835	0.34067959999999997
836	0.34084549999999997
837	0.3409948
838	0.34115009999999996
839	0.34129790000000004
840	0.3414231
841	0.3415457
842	0.3416758
843	0.34180520000000003
844	0.3418892
845	0.34198270000000003
846	0.3420925
847	0.342204
848	0.34233109999999994
849	0.3424493
850	0.34254209999999996
851	0.3426243
852	0.34275370000000005
853	0.34291540000000004
854	0.3430297
855	0.34310749999999995
856	0.3431837
857	0.3432927
858	0.3434308
859	0.3435312
860	0.3435881
861	0.3436888
862	0.3437866
863	0.3438642
864	0.3439273
865	0.3441037
866	0.3442623
867	0.3443317
868	0.34443870000000004
869	0.3445646
870	0.34468730000000003
871	0.3447812
872	0.3448996
873	0.3450085
874	0.3450793
875	0.3451575
876	0.3452582
877	0.34538070000000004
878	0.34550759999999997
879	0.3456208
880	0.3457281
881	0.3458427
882	0.345957
883	0.346077
884	0.3462035
885	0.3463313
886	0.3464359
887	0.34651109999999996
888	0.34657150000000003
889	0.3467111
890	0.34687940000000006
891	0.3470255
892	0.3471315
893	0.34724879999999997
894	0.34738270000000004
895	0.34750949999999997
896	0.3476088
897	0.34771820000000003
898	0.347866
899	0.3480239
900	0.3481697
901	0.3483029
902	0.3484434
903	0.34861240000000004
904	0.3487809
905	0.3489185
906	0.34904650000000004
907	0.34917259999999994
908	0.34930100000000003
909	0.349432
910	0.34958249999999996
911	0.3497605
912	0.34995440000000005
913	0.35006570000000004
914	0.35018320000000003
915	0.35035320000000003
916	0.350542
917	0.3507353
918	0.35090190000000004
919	0.35102140000000004
920	0.3511877
921	0.35136209999999996
922	0.3515179
923	0.3516802
924	0.35182759999999996
925	0.351985
926	0.35218649999999996
927	0.35232820000000004
928	0.3525022
929	0.35274629999999996
930	0.3529045
931	0.35309509999999994
932	0.3533035
933	0.3534469
934	0.35358890000000004
935	0.35375759999999995
936	0.35395329999999997
937	0.3541163
938	0.3542691
939	0.354457
940	0.3547305
941	0.3549125
942	0.3550486
943	0.355211
944	0.3554151
945	0.3556145
946	0.3557915
947	0.35595679999999996
948	0.35618130000000003
949	0.3563936
950	0.35653379999999996
951	0.356691
952	0.3568555
953	0.35704450000000004
954	0.35729240000000007
955	0.357486
956	0.35764120000000005
957	0.35779540000000004
958	0.3579344
959	0.3581519
960	0.3584059
961	0.35853140000000006
962	0.35870250000000004
963	0.358881
964	0.3590191
965	0.3592263
966	0.35945309999999997
967	0.35965820000000004
968	0.3598105
969	0.35995079999999996
970	0.3601395
971	0.3604016
972	0.3606213
973	0.3608527
974	0.3610567
975	0.36111259999999995
976	0.3612911
977	0.3615432
978	0.36176529999999996
979	0.3619573
980	0.36213179999999995
981	0.36231420000000003
982	0.36253909999999995
983	0.362779
984	0.3629921
985	0.36315549999999996
986	0.3633181
987	0.3635006
988	0.36370790000000003
989	0.3639257
990	0.36404770000000003
991	0.3641764
992	0.36439429999999995
993	0.3645768
994	0.3647787
995	0.36499940000000003
996	0.36519509999999994
997	0.3653048
998	0.365383
999	0.3654958
1000	0.3656822
1001	0.36499240000000005
1002	0.365221
1003	0.36542020000000003
1004	0.3656255
1005	0.3658019
1006	0.3659068
1007	0.36606259999999996
1008	0.3662645
1009	0.3664054
1010	0.36655170000000004
1011	0.3666457
1012	0.3665866
1013	0.3666821
1014	0.3668573
1015	0.3670013
1016	0.367167
1017	0.3674297
1018	0.3676257
1019	0.3677716
1020	0.36793020000000004
1021	0.3681212
1022	0.3682749
1023	0.3683661
1024	0.368501
1025	0.368696
1026	0.36881679999999994
1027	0.36886209999999997
1028	0.3689863
1029	0.36908040000000003
1030	0.369114
1031	0.3692289
1032	0.3693938
1033	0.3695575
1034	0.3697678
1035	0.36992420000000004
1036	0.370107
1037	0.3702247
1038	0.3702228
1039	0.3703183
1040	0.37042329999999996
1041	0.37055140000000003
1042	0.3706994
1043	0.3709426
1044	0.37105540000000004
1045	0.3711244
1046	0.3711811
1047	0.37111540000000004
1048	0.3712101
1049	0.371409
1050	0.37153070000000005
1051	0.3716934
1052	0.37183590000000005
1053	0.3719015
1054	0.3719982
1055	0.3721094
1056	0.37228870000000003
1057	0.3723987
1058	0.3724655
1059	0.37257640000000003
1060	0.3726844
1061	0.3727995
1062	0.3729636
1063	0.37307470000000004
1064	0.37311550000000004
1065	0.37323579999999995
1066	0.3733895
1067	0.37351490000000004
1068	0.37368920000000005
1069	0.3738386
1070	0.3739415
1071	0.37397729999999996
1072	0.37408259999999993
1073	0.37419559999999996
1074	0.37430019999999997
1075	0.37442729999999996
1076	0.3745321
1077	0.37460140000000003
1078	0.3747092
1079	0.3748459
1080	0.3749625
1081	0.3750598
1082	0.3752071
1083	0.37535890000000005
1084	0.3754395
1085	0.3755363
1086	0.3756236
1087	0.37574029999999997
1088	0.37584570000000006
1089	0.3759749
1090	0.37615440000000006
1091	0.3762998
1092	0.37643499999999996
1093	0.3765636
1094	0.3766939
1095	0.3767977
1096	0.37685359999999996
1097	0.3769677
1098	0.3770009
1099	0.37709390000000004
1100	0.37723779999999996
1101	0.37743540000000003
1102	0.3775691
1103	0.3777603
1104	0.3778752
1105	0.3778757
1106	0.3779765
1107	0.3781252
1108	0.3782402
1109	0.3783856
1110	0.37849279999999996
1111	0.3785599
1112	0.37865129999999997
1113	0.3787926
1114	0.3789132
1115	0.37901399999999996
1116	0.3791097
1117	0.37921659999999996
1118	0.3792978
1119	0.37940229999999997
1120	0.37955279999999997
1121	0.37965229999999994
1122	0.37972090000000003
1123	0.37980359999999996
1124	0.37985890000000005
1125	0.37992929999999997
1126	0.3800865
1127	0.3802466
1128	0.38035019999999997
1129	0.3804467
1130	0.38057640000000004
1131	0.3806825
1132	0.38079179999999996
1133	0.3809441
1134	0.3810882
1135	0.3811986
1136	0.3813165
1137	0.3814856
1138	0.3816093
1139	0.3817007
1140	0.381776
1141	0.38183540000000005
1142	0.3819181
1143	0.38201779999999996
1144	0.3821353
1145	0.38224369999999996
1146	0.3823679
1147	0.3824539
1148	0.3825219
1149	0.38259970000000004
1150	0.3826387
1151	0.3827518
1152	0.38294040000000007
1153	0.3830357
1154	0.3831243
1155	0.3832596
1156	0.3833767
1157	0.3834785
1158	0.3836198
1159	0.3837659
1160	0.3838601
1161	0.3839585
1162	0.38406440000000003
1163	0.3841663
1164	0.38429009999999997
1165	0.3844316
1166	0.3845612
1167	0.3846972
1168	0.38484209999999996
1169	0.3849807
1170	0.3851256
1171	0.3853007
1172	0.38545809999999997
1173	0.3855969
1174	0.3857409
1175	0.38587319999999997
1176	0.3860048
1177	0.3861677
1178	0.38634309999999994
1179	0.3864732
1180	0.38657220000000003
1181	0.3866953
1182	0.3867804
1183	0.3869028
1184	0.3870548
1185	0.387243
1186	0.3873953
1187	0.38748790000000005
1188	0.3875663
1189	0.3876735
1190	0.3877907
1191	0.38789709999999994
1192	0.3880426
1193	0.38820659999999996
1194	0.38834
1195	0.38845959999999996
1196	0.38860029999999995
1197	0.3887328
1198	0.3888592
1199	0.3889893
1200	0.3891328
1201	0.3892642
1202	0.38938540000000005
1203	0.38949659999999997
1204	0.38962640000000004
1205	0.38972429999999997
1206	0.3898054
1207	0.38993459999999996
1208	0.39006240000000003
1209	0.3902015
1210	0.39036909999999997
1211	0.39051790000000003
1212	0.3906625
1213	0.3908291
1214	0.3910335
1215	0.39119190000000004
1216	0.3913368
1217	0.39150009999999996
1218	0.39161840000000003
1219	0.39172979999999996
1220	0.3918836
1221	0.3920303
1222	0.39217729999999995
1223	0.39232209999999995
1224	0.3924453
1225	0.3925729
1226	0.3927299
1227	0.3928935
1228	0.393023
1229	0.39314509999999997
1230	0.3933001
1231	0.3934552
1232	0.3936103
1233	0.3938042
1234	0.3939829
1235	0.3940804
1236	0.39419109999999996
1237	0.3943384
1238	0.3944572
1239	0.39459079999999996
1240	0.39472199999999996
1241	0.3948435
1242	0.3950058
1243	0.3951579
1244	0.3952895
1245	0.3954467
1246	0.3955895
1247	0.3957038
1248	0.3958365
1249	0.395974
1250	0.3960907
1251	0.3962042
1252	0.3963724
1253	0.3965715
1254	0.3967659
1255	0.39692859999999996
1256	0.39706620000000004
1257	0.397192
1258	0.39731120000000003
1259	0.39742659999999996
1260	0.39754870000000003
1261	0.39772440000000003
1262	0.3979184
1263	0.39808259999999995
1264	0.3982407
1265	0.3983859
1266	0.3985355
1267	0.3986538
1268	0.3987861
1269	0.39893829999999997
1270	0.3991009
1271	0.39922290000000005
1272	0.3993465
1273	0.3994928
1274	0.3996105
1275	0.3997304
1276	0.399861
1277	0.40001279999999995
1278	0.40019699999999997
1279	0.40031690000000003
1280	0.4004143
1281	0.4006006
1282	0.40077820000000003
1283	0.4009211
1284	0.4010905
1285	0.4012696
1286	0.4014574
1287	0.4016055
1288	0.4017677
1289	0.4019087
1290	0.40203049999999996
1291	0.402156
1292	0.402273
1293	0.40237470000000003
1294	0.4025149
1295	0.4026619
1296	0.4027755
1297	0.4029483
1298	0.4031633
1299	0.4032948
1300	0.4034072
1301	0.40357
1302	0.4037044
1303	0.4038202
1304	0.403964
1305	0.40411240000000004
1306	0.404263
1307	0.404407
1308	0.4045351
1309	0.4046892
1310	0.40484559999999997
1311	0.40496609999999994
1312	0.4051046
1313	0.4052223
1314	0.4053328
1315	0.4054899
1316	0.4056062
1317	0.4056864
1318	0.40579790000000004
1319	0.4059442
1320	0.4061013
1321	0.4062385
1322	0.4064012
1323	0.4065744
1324	0.40670690000000004
1325	0.4068718
1326	0.40703649999999997
1327	0.40719740000000004
1328	0.4073526
1329	0.4075129
1330	0.40767359999999997
1331	0.40781209999999996
1332	0.40792470000000003
1333	0.4080388
1334	0.4081555
1335	0.40825700000000004
1336	0.40838070000000004
1337	0.4085268
1338	0.40868530000000003
1339	0.40884970000000004
1340	0.4090268
1341	0.40917329999999996
1342	0.4092666
1343	0.4093852
1344	0.4094937
1345	0.4095539
1346	0.4096398
1347	0.4097749
1348	0.40989129999999996
1349	0.4099852
1350	0.4100812
1351	0.4102075
1352	0.4103023
1353	0.4103476
1354	0.41044540000000007
1355	0.4105795
1356	0.41066720000000007
1357	0.4107777
1358	0.41091679999999997
1359	0.4109942
1360	0.41103999999999996
1361	0.411105
1362	0.41122780000000003
1363	0.411366
1364	0.41144529999999996
1365	0.41155640000000004
1366	0.4116755
1367	0.4117227
1368	0.41178950000000003
1369	0.41188
1370	0.41192890000000004
1371	0.4119352
1372	0.41192749999999995
1373	0.41191869999999997
1374	0.4118852
1375	0.4118251
1376	0.41171549999999996
1377	0.4116235
1378	0.4114982
1379	0.41133800000000004
1380	0.4111896
1381	0.41106040000000005
1382	0.41094129999999995
1383	0.4107804
1384	0.4106419
1385	0.4105138
1386	0.4103274
1387	0.41011720000000007
1388	0.4098678
1389	0.4095687
1390	0.4092481
1391	0.40889440000000005
1392	0.4085127
1393	0.4081195
1394	0.4077039
1395	0.4072564
1396	0.40678949999999997
1397	0.40628200000000003
1398	0.4057203
1399	0.40517359999999997
1400	0.40459320000000004
1401	0.404039
1402	0.40350749999999996
1403	0.4029725
1404	0.4024703
1405	0.40201770000000003
1406	0.4015827
1407	0.4011896
1408	0.4008176
1409	0.40046370000000003
1410	0.40020900000000004
1411	0.3999958
1412	0.39986059999999995
1413	0.3998764
1414	0.40004670000000003
1415	0.4003991
1416	0.4008607
1417	0.401434
1418	0.4020714
1419	0.4027172
1420	0.4033894
1421	0.4040278
1422	0.4046712
1423	0.4053158
1424	0.4059192
1425	0.4065002
1426	0.40709509999999993
1427	0.4076752
1428	0.4082244
1429	0.40876890000000005
1430	0.4093283
1431	0.4098674
1432	0.4103509
1433	0.4108378
1434	0.41134269999999995
1435	0.411812
1436	0.41226779999999996
1437	0.41271949999999996
1438	0.4131289000000001
1439	0.4135085
1440	0.4138840999999999
1441	0.414254
1442	0.4146196
1443	0.41496759999999994
1444	0.4153208
1445	0.4156817
1446	0.4159877
1447	0.4162702999999999
1448	0.4165589
1449	0.4168519
1450	0.4171544
1451	0.4174313
1452	0.41771199999999997
1453	0.4179541
1454	0.41814840000000003
1455	0.4183501
1456	0.4185562
1457	0.41873710000000003
1458	0.4188948
1459	0.4190393
1460	0.419204
1461	0.41938450000000005
1462	0.41953549999999995
1463	0.4196853
1464	0.419861
1465	0.4200098
1466	0.42018140000000004
1467	0.4204173
1468	0.4206277
1469	0.420842
1470	0.421101
1471	0.42132520000000007
1472	0.42157120000000003
1473	0.42185209999999995
1474	0.422095
1475	0.4223611
1476	0.4226387
1477	0.42288990000000004
1478	0.4231518
1479	0.4234175
1480	0.42365959999999997
1481	0.4238831
1482	0.42410169999999997
1483	0.4243005
1484	0.4245134
1485	0.4247281
1486	0.42493990000000004
1487	0.42516499999999996
1488	0.42537659999999994
1489	0.4255692
1490	0.42576990000000003
1491	0.4259692
1492	0.4261638
1493	0.4263531
1494	0.4265674
1495	0.4267611
1496	0.426947
1497	0.42714179999999996
1498	0.4273234
1499	0.42751320000000004
1500	0.42771090000000006
1501	0.42789629999999995
1502	0.42807340000000005
1503	0.4282531
1504	0.4284215
1505	0.42859319999999995
1506	0.428778
1507	0.4289571
1508	0.4291614
1509	0.4293679
1510	0.4295344
1511	0.42968900000000004
1512	0.42984620000000007
1513	0.4300064
1514	0.43018
1515	0.4303701
1516	0.4305236
1517	0.43064430000000004
1518	0.4308076
1519	0.4309831
1520	0.431133
1521	0.43128640000000007
1522	0.43145079999999997
1523	0.43161109999999997
1524	0.43176279999999995
1525	0.43192559999999997
1526	0.43210470000000006
1527	0.43225820000000004
1528	0.43239170000000005
1529	0.4325164000000001
1530	0.43263050000000003
1531	0.4327694
1532	0.4329088
1533	0.43305109999999997
1534	0.4332114
1535	0.4333541
1536	0.43351080000000003
1537	0.4336862
1538	0.4338496
1539	0.43400209999999995
1540	0.43413050000000003
1541	0.4342613
1542	0.4343942
1543	0.43453240000000004
1544	0.4346804
1545	0.43477299999999997
1546	0.43486949999999996
1547	0.4350093
1548	0.43512170000000006
1549	0.43524009999999996
1550	0.4353909000000001
1551	0.4355147
1552	0.4356272
1553	0.4357695
1554	0.4359186
1555	0.43605020000000005
1556	0.4361835
1557	0.436327
1558	0.4364353
1559	0.4365552
1560	0.4367322
1561	0.43686369999999997
1562	0.4369692
1563	0.43712650000000003
1564	0.4372572
1565	0.4373558
1566	0.437488
1567	0.4376392
1568	0.43777380000000005
1569	0.4378843
1570	0.43799740000000004
1571	0.4381213
1572	0.438233
1573	0.43833240000000007
1574	0.4384269
1575	0.4385337
1576	0.4386763
1577	0.4388469
1578	0.4389978
1579	0.43918850000000004
1580	0.43934220000000007
1581	0.4394448
1582	0.43958230000000004
1583	0.4397478
1584	0.43988459999999996
1585	0.44001
1586	0.440122
1587	0.44022290000000003
1588	0.44033279999999997
1589	0.44042709999999996
1590	0.44052120000000006
1591	0.4406103
1592	0.44072790000000006
1593	0.4408496
1594	0.4409839
1595	0.44113100000000005
1596	0.44127840000000007
1597	0.44141729999999996
1598	0.4415577
1599	0.4416887
1600	0.4418136
1601	0.4419599
1602	0.4421013
1603	0.4422272
1604	0.44236179999999997
1605	0.4424755999999999
1606	0.4425424
1607	0.44263630000000004
1608	0.44278420000000007
1609	0.4429205
1610	0.44306819999999997
1611	0.44323190000000007
1612	0.4433798
1613	0.44350900000000004
1614	0.4436228
1615	0.4437435
1616	0.4438619000000001
1617	0.44397349999999997
1618	0.44406190000000006
1619	0.4441794
1620	0.4443289000000001
1621	0.4444143
1622	0.4445182
1623	0.4446626
1624	0.4447714
1625	0.4449012
1626	0.44503590000000004
1627	0.44513800000000003
1628	0.4452503
1629	0.4453589
1630	0.4454477
1631	0.445524
1632	0.4456233
1633	0.4457374
1634	0.4458096
1635	0.4459044
1636	0.44602970000000003
1637	0.4461455
1638	0.4462932
1639	0.44643109999999997
1640	0.44656809999999997
1641	0.4467170999999999
1642	0.4468347
1643	0.4469821
1644	0.44710900000000003
1645	0.4471639
1646	0.4472416
1647	0.4473433
1648	0.44746400000000003
1649	0.4476045
1650	0.44772280000000003
1651	0.4478392
1652	0.44793999999999995
1653	0.4480232
1654	0.44811140000000005
1655	0.44820299999999996
1656	0.4483362
1657	0.4484979
1658	0.4486522
1659	0.44880820000000005
1660	0.4489484
1661	0.4490734
1662	0.44921759999999994
1663	0.4493566
1664	0.449457
1665	0.44957890000000006
1666	0.44972790000000007
1667	0.4498334
1668	0.4499015
1669	0.44996210000000003
1670	0.4500436
1671	0.4501375
1672	0.4502446
1673	0.45040410000000003
1674	0.45052539999999996
1675	0.45056540000000006
1676	0.4506615
1677	0.4507852
1678	0.45085929999999996
1679	0.4509834
1680	0.4510999
1681	0.4511407
1682	0.4512093
1683	0.45130329999999996
1684	0.4513902
1685	0.4514863
1686	0.4515956
1687	0.45172049999999997
1688	0.45184009999999997
1689	0.4519486
1690	0.4520760999999999
1691	0.4521883
1692	0.452259
1693	0.4523387
1694	0.45242040000000006
1695	0.4524907
1696	0.4525861
1697	0.45273620000000003
1698	0.45285690000000006
1699	0.4529169
1700	0.4530217000000001
1701	0.453115
1702	0.45315320000000003
1703	0.45324090000000006
1704	0.453359
1705	0.45345959999999996
1706	0.4535738
1707	0.45365779999999994
1708	0.45370730000000004
1709	0.4537923
1710	0.4539073
1711	0.45401629999999993
1712	0.45408690000000007
1713	0.4541563
1714	0.45425109999999996
1715	0.45432029999999995
1716	0.45439589999999996
1717	0.4544858
1718	0.454517
1719	0.4545241
1720	0.4545785
1721	0.4546458
1722	0.45471350000000005
1723	0.4548125
1724	0.45492829999999995
1725	0.45498720000000004
1726	0.4549969
1727	0.45506840000000004
1728	0.4551321
1729	0.45515829999999996
1730	0.4552401
1731	0.45531170000000004
1732	0.45536450000000006
1733	0.4554496
1734	0.4555275
1735	0.4555855
1736	0.45564979999999994
1737	0.45571809999999996
1738	0.4557656
1739	0.45582429999999996
1740	0.4558758
1741	0.4558826
1742	0.4559129
1743	0.45594589999999996
1744	0.45597340000000003
1745	0.45607659999999994
1746	0.4561575
1747	0.45614740000000004
1748	0.456189
1749	0.45626640000000007
1750	0.4563031
1751	0.45638950000000006
1752	0.4564562
1753	0.4564117999999999
1754	0.456488
1755	0.4565291
1756	0.45652970000000004
1757	0.45657179999999997
1758	0.45660619999999996
1759	0.45663180000000003
1760	0.4567075
1761	0.4567424
1762	0.45670249999999996
1763	0.4567494000000001
1764	0.45683950000000006
1765	0.45693500000000004
1766	0.4570325
1767	0.4571223
1768	0.45719970000000004
1769	0.4572732
1770	0.45737150000000004
1771	0.45747740000000003
1772	0.45755379999999995
1773	0.45761369999999996
1774	0.4577245
1775	0.4578460999999999
1776	0.4578847
1777	0.4579187
1778	0.4580027
1779	0.45803299999999997
1780	0.45805290000000004
1781	0.45814220000000005
1782	0.45819
1783	0.45821890000000004
1784	0.45831990000000006
1785	0.4584179
1786	0.4584661
1787	0.4585151
1788	0.4586002
1789	0.45868590000000004
1790	0.4587691
1791	0.45887790000000006
1792	0.4589737
1793	0.45906179999999996
1794	0.45915249999999996
1795	0.45920659999999996
1796	0.45924929999999997
1797	0.45929319999999996
1798	0.45933029999999997
1799	0.4594344
1800	0.45957250000000005
1801	0.45882829999999997
1802	0.4590948
1803	0.45936459999999996
1804	0.4596501
1805	0.4599419
1806	0.46013329999999997
1807	0.46041099999999996
1808	0.4606621
1809	0.4606821
1810	0.4608061
1811	0.4610298
1812	0.4611517
1813	0.4612111
1814	0.46124799999999994
1815	0.46133370000000007
1816	0.4613258
1817	0.461409
1818	0.46159629999999996
1819	0.4616941
1820	0.4617343
1821	0.4618596
1822	0.4619951
1823	0.46211729999999995
1824	0.4622585
1825	0.4623521
1826	0.4624281
1827	0.4625714
1828	0.46268190000000003
1829	0.4628514
1830	0.46298720000000004
1831	0.4630835
1832	0.4631721
1833	0.46321759999999995
1834	0.4632958
1835	0.4634247
1836	0.46358540000000004
1837	0.4637239
1838	0.4639293
1839	0.4640746
1840	0.4641456
1841	0.46430340000000003
1842	0.46443609999999996
1843	0.46451590000000004
1844	0.46461759999999996
1845	0.46474079999999995
1846	0.464792
1847	0.46473050000000005
1848	0.46481009999999995
1849	0.46499759999999996
1850	0.46502570000000004
1851	0.464983
1852	0.46500969999999997
1853	0.46503310000000003
1854	0.4650184
1855	0.4649893
1856	0.465017
1857	0.46505859999999993
1858	0.46509870000000003
1859	0.46499579999999996
1860	0.4650098
1861	0.4650898
1862	0.46508459999999996
1863	0.4650026
1864	0.46497920000000004
1865	0.46487510000000004
1866	0.46469849999999996
1867	0.46444140000000006
1868	0.4642297
1869	0.4638854
1870	0.46351190000000003
1871	0.46317420000000004
1872	0.4628254
1873	0.4625253
1874	0.46221850000000003
1875	0.4618294
1876	0.46141099999999996
1877	0.4609394
1878	0.46042970000000005
1879	0.459768
1880	0.4589388
1881	0.45810209999999996
1882	0.45717529999999995
1883	0.45609279999999996
1884	0.4548678
1885	0.4535646
1886	0.4521174
1887	0.45055439999999997
1888	0.44875550000000003
1889	0.44677700000000004
1890	0.4445673
1891	0.4420401
1892	0.4393558
1893	0.43649970000000005
1894	0.4334696
1895	0.4304603
1896	0.42728710000000003
1897	0.424104
1898	0.4210127
1899	0.41816049999999994
1900	0.4154637
1901	0.4130839
1902	0.4112023
1903	0.40947459999999997
1904	0.407998
1905	0.4067896
1906	0.40592890000000004
1907	0.40525209999999995
1908	0.40487059999999997
1909	0.40482399999999996
1910	0.4049345
1911	0.4051013
1912	0.40546329999999997
1913	0.40601149999999997
1914	0.4067028
1915	0.4075492
1916	0.40861379999999997
1917	0.40976599999999996
1918	0.4108464
1919	0.4119496
1920	0.41312959999999993
1921	0.4142923
1922	0.41539620000000005
1923	0.4165578
1924	0.4177383
1925	0.4188406
1926	0.4198693
1927	0.42098640000000004
1928	0.4221672000000001
1929	0.4232478
1930	0.4242852
1931	0.4254175
1932	0.42646649999999997
1933	0.42736940000000007
1934	0.4282442
1935	0.4291265
1936	0.4299797000000001
1937	0.430796
1938	0.43152809999999997
1939	0.43234229999999996
1940	0.43316990000000005
1941	0.4339063
1942	0.4346242
1943	0.4352777
1944	0.4359496
1945	0.43655950000000004
1946	0.4371417
1947	0.4377666
1948	0.4384425
1949	0.4389988
1950	0.43950670000000003
1951	0.44003409999999993
1952	0.4405504
1953	0.4410719
1954	0.441586
1955	0.44216170000000005
1956	0.44272690000000003
1957	0.44325119999999996
1958	0.4437647
1959	0.44429309999999994
1960	0.44484239999999997
1961	0.44540810000000003
1962	0.44593820000000006
1963	0.4463924
1964	0.4469303
1965	0.4474241
1966	0.44778429999999997
1967	0.4482242
1968	0.4487388
1969	0.44923320000000005
1970	0.4496763
1971	0.4502173
1972	0.45085379999999997
1973	0.451384
1974	0.4517674
1975	0.45220370000000004
1976	0.45275509999999997
1977	0.4531999
1978	0.45360600000000006
1979	0.4539853
1980	0.4545117
1981	0.4550459
1982	0.45554170000000005
1983	0.4560444
1984	0.4566081
1985	0.4571049
1986	0.4575363
1987	0.45815320000000004
1988	0.45875470000000007
1989	0.45916229999999997
1990	0.4595693
1991	0.4600263
1992	0.46052829999999995
1993	0.4610014
1994	0.46148149999999993
1995	0.4619897
1996	0.4623981
1997	0.46284319999999995
1998	0.4633749
1999	0.4637951
2000	0.46418940000000003
2001	0.4646751
2002	0.4651585999999999
2003	0.46561769999999997
2004	0.4660643
2005	0.46653890000000003
2006	0.4670455
2007	0.4674889
2008	0.4680036
2009	0.4685793
2010	0.46901980000000004
2011	0.4694179
2012	0.46983379999999997
2013	0.4702674
2014	0.4707519
2015	0.47118180000000004
2016	0.47159589999999996
2017	0.4719905
2018	0.47233859999999994
2019	0.4726982
2020	0.47306309999999996
2021	0.4734951
2022	0.4740389
2023	0.4745097
2024	0.4748777
2025	0.47522020000000004
2026	0.47566
2027	0.4761873
2028	0.4765308
2029	0.476789
2030	0.47716679999999995
2031	0.4774759
2032	0.47777470000000005
2033	0.4781368
2034	0.4785326
2035	0.4788261
2036	0.47905020000000004
2037	0.4793924
2038	0.47975249999999997
2039	0.480058
2040	0.48025909999999994
2041	0.4805696
2042	0.4809441
2043	0.4812508
2044	0.4816202
2045	0.48186309999999993
2046	0.48200190000000004
2047	0.482234
2048	0.4825166
2049	0.48276179999999996
2050	0.4829684
2051	0.4831869000000001
2052	0.483357
2053	0.4833656
2054	0.4835170999999999
2055	0.4837599
2056	0.4839907
2057	0.4842896
2058	0.48454030000000003
2059	0.4848139
2060	0.4850232
2061	0.48517150000000003
2062	0.4854007000000001
2063	0.485678
2064	0.4859125
2065	0.48613359999999994
2066	0.4863749
2067	0.4866195
2068	0.4868075
2069	0.4870026
2070	0.4871504
2071	0.487491
2072	0.4877205
2073	0.4878973
2074	0.4881277
2075	0.48823820000000007
2076	0.48829929999999994
2077	0.4884168
2078	0.48859830000000004
2079	0.48886809999999997
2080	0.4890143
2081	0.48906629999999995
2082	0.48930280000000004
2083	0.4896937
2084	0.48984679999999997
2085	0.48993240000000005
2086	0.49013379999999995
2087	0.4903664000000001
2088	0.4905059
2089	0.49074129999999994
2090	0.49111930000000004
2091	0.49128279999999996
2092	0.49106859999999997
2093	0.4911518
2094	0.4914452
2095	0.49157259999999997
2096	0.4916521
2097	0.4917992
2098	0.49187520000000007
2099	0.4920130999999999
2100	0.492253
2101	0.4924594
2102	0.4926463
2103	0.4928276
2104	0.4929052
2105	0.4930313
2106	0.49320990000000003
2107	0.4933942
2108	0.4936099
2109	0.4939057
2110	0.4941732
2111	0.4944307
2112	0.4946951
2113	0.49504899999999996
2114	0.49528490000000003
2115	0.49543339999999997
2116	0.49559670000000006
2117	0.4958088
2118	0.4959755
2119	0.49631959999999997
2120	0.4967706
2121	0.49705659999999996
2122	0.49725059999999993
2123	0.4975272
2124	0.49779120000000004
2125	0.49804090000000006
2126	0.4983772
2127	0.4985998
2128	0.49868720000000005
2129	0.49883999999999995
2130	0.49909970000000003
2131	0.4991848
2132	0.4992102
2133	0.49908729999999996
2134	0.499105
2135	0.49916170000000004
2136	0.49924799999999997
2137	0.4993984
2138	0.4994031
2139	0.49923429999999996
2140	0.49909970000000003
2141	0.4989697
2142	0.498796
2143	0.49851809999999996
2144	0.49827380000000004
2145	0.49810540000000003
2146	0.4978209
2147	0.4973933
2148	0.4970826
2149	0.49689890000000003
2150	0.49645649999999997
2151	0.4959273
2152	0.4955549
2153	0.49514709999999995
2154	0.49459840000000005
2155	0.4940877
2156	0.49376909999999996
2157	0.4931812
2158	0.49230109999999994
2159	0.4916474
2160	0.4909925
2161	0.49036260000000004
2162	0.4898839
2163	0.4892781
2164	0.48861629999999995
2165	0.487943
2166	0.4871944
2167	0.4864594
2168	0.4857781
2169	0.4851391
2170	0.48449220000000004
2171	0.48367910000000003
2172	0.48288459999999994
2173	0.48200779999999993
2174	0.4811638
2175	0.48027539999999996
2176	0.4794835
2177	0.4787532
2178	0.47793100000000005
2179	0.47717020000000004
2180	0.47633640000000005
2181	0.4754107
2182	0.4744683
2183	0.4734713
2184	0.4724632
2185	0.4713557
2186	0.4703748
2187	0.4693704000000001
2188	0.4683536
2189	0.46720559999999994
2190	0.4658380999999999
2191	0.4646682
2192	0.4634121
2193	0.4623826
2194	0.46162780000000003
2195	0.46065829999999997
2196	0.4595317
2197	0.45867179999999996
2198	0.45804279999999997
2199	0.4571737
2200	0.4562754
2201	0.45549809999999996
2202	0.4544775
2203	0.4536852
2204	0.453171
2205	0.4527416
2206	0.4521743
2207	0.45176179999999994
2208	0.4515443
2209	0.45145870000000005
2210	0.45137299999999997
2211	0.4513746
2212	0.4515451
2213	0.4518028
2214	0.4520799
2215	0.4525536
2216	0.45295329999999995
2217	0.4533639
2218	0.4537245
2219	0.4541052
2220	0.4544799
2221	0.45477209999999996
2222	0.4550479
2223	0.45537790000000006
2224	0.4557196
2225	0.4560799
2226	0.4562541
2227	0.4566
2228	0.456928
2229	0.45714629999999995
2230	0.45738029999999996
2231	0.4577241
2232	0.45789840000000004
2233	0.45802659999999995
2234	0.4581188
2235	0.4582435
2236	0.4582348
2237	0.45830150000000003
2238	0.45851090000000005
2239	0.4585625
2240	0.4584419
2241	0.4585259
2242	0.45869399999999994
2243	0.458741
2244	0.45880870000000007
2245	0.4589427
2246	0.4590389
2247	0.45909540000000004
2248	0.4591906
2249	0.4593420999999999
2250	0.4593312
2251	0.4594724
2252	0.45965340000000005
2253	0.45984369999999997
2254	0.4600833
2255	0.4602532999999999
2256	0.46056090000000005
2257	0.46105609999999997
2258	0.4613354
2259	0.46153950000000005
2260	0.4618312
2261	0.46205240000000003
2262	0.4623004
2263	0.46260109999999993
2264	0.4630153
2265	0.4635373
2266	0.4638592000000001
2267	0.4641566
2268	0.4645125
2269	0.4647819
2270	0.4650147
2271	0.465434
2272	0.4656181
2273	0.4654538
2274	0.4654532
2275	0.4656845
2276	0.4657353
2277	0.4657499
2278	0.46588209999999997
2279	0.46594490000000005
2280	0.46597790000000006
2281	0.46590459999999995
2282	0.46579259999999995
2283	0.4658156
2284	0.4658145
2285	0.46573400000000004
2286	0.4657496
2287	0.4657122
2288	0.46547429999999995
2289	0.465383
2290	0.4655675
2291	0.4654898
2292	0.46510379999999996
2293	0.4649789000000001
2294	0.46500020000000003
2295	0.4648311
2296	0.46463000000000004
2297	0.4645513
2298	0.4643773
2299	0.46427290000000004
2300	0.46444620000000003
2301	0.4644376
2302	0.4643376
2303	0.46403869999999997
2304	0.46403500000000003
2305	0.4640746
2306	0.4637835999999999
2307	0.46368869999999995
2308	0.4637228
2309	0.4635184
2310	0.4635593
2311	0.46378590000000003
2312	0.4638347
2313	0.4637698
2314	0.4636273
2315	0.46352299999999996
2316	0.46348999999999996
2317	0.4634101
2318	0.4633429
2319	0.4634289000000001
2320	0.4634116
2321	0.46322159999999996
2322	0.4630983
2323	0.46305810000000003
2324	0.4629853
2325	0.46289090000000005
2326	0.46278329999999995
2327	0.46259229999999996
2328	0.462606
2329	0.4627773
2330	0.4627553
2331	0.4628108
2332	0.4628049
2333	0.4625018
2334	0.4623905
2335	0.4624764
2336	0.46249589999999996
2337	0.46238290000000004
2338	0.4622353
2339	0.4619097
2340	0.4617028
2341	0.461805
2342	0.4617626
2343	0.461462
2344	0.46154529999999994
2345	0.46173379999999997
2346	0.4615898
2347	0.46171890000000004
2348	0.46200329999999995
2349	0.4617307
2350	0.46147559999999993
2351	0.46187390000000006
2352	0.46192219999999995
2353	0.4616598
2354	0.46189830000000004
2355	0.4619455
2356	0.46178220000000003
2357	0.4620505999999999
2358	0.46233500000000005
2359	0.4623285
2360	0.4622638
2361	0.46223109999999995
2362	0.462074
2363	0.46193370000000006
2364	0.46190059999999994
2365	0.4619044
2366	0.46168000000000003
2367	0.46150230000000003
2368	0.46159340000000004
2369	0.461553
2370	0.4613697
2371	0.46132159999999994
2372	0.4613394
2373	0.4612169
2374	0.4609187
2375	0.4609876
2376	0.46102479999999996
2377	0.4605639
2378	0.4600175
2379	0.46004049999999996
2380	0.45993829999999997
2381	0.4594525
2382	0.4592552
2383	0.4587982
2384	0.45830010000000004
2385	0.458341
2386	0.4583737
2387	0.4582023
2388	0.45814579999999994
2389	0.4582825
2390	0.45825059999999995
2391	0.45787799999999995
2392	0.45741570000000004
2393	0.4568813
2394	0.45628900000000006
2395	0.4562847
2396	0.4563818
2397	0.4560369000000001
2398	0.4558209
2399	0.45547150000000003
2400	0.45498820000000006
2401	0.45474
2402	0.4547366
2403	0.454788
2404	0.45455379999999995
2405	0.4538821
2406	0.4531232
2407	0.45280159999999997
2408	0.45279250000000004
2409	0.45275829999999995
2410	0.4522807
2411	0.4514526
2412	0.4508277
2413	0.4503109
2414	0.4500848
2415	0.45005740000000005
2416	0.44962060000000004
2417	0.4491986
2418	0.4489242
2419	0.4484948
2420	0.44804970000000005
2421	0.44755439999999996
2422	0.44708980000000004
2423	0.4465639
2424	0.4460593
2425	0.4458432
2426	0.4455331
2427	0.44483770000000006
2428	0.44367390000000007
2429	0.4427585
2430	0.4421946
2431	0.4416665
2432	0.44120349999999997
2433	0.44055920000000004
2434	0.43942299999999995
2435	0.4389634
2436	0.43879750000000006
2437	0.4381308
2438	0.4375242999999999
2439	0.436834
2440	0.43572209999999995
2441	0.4354075
2442	0.4356695
2443	0.43527390000000005
2444	0.43495959999999995
2445	0.43444570000000005
2446	0.43334490000000003
2447	0.43275340000000007
2448	0.43231590000000003
2449	0.43205509999999997
2450	0.43231970000000003
2451	0.43194940000000004
2452	0.43142440000000004
2453	0.43088999999999994
2454	0.42977780000000004
2455	0.42906130000000003
2456	0.42859670000000005
2457	0.4281202
2458	0.4274853
2459	0.4274064
2460	0.42848640000000005
2461	0.427942
2462	0.4260166
2463	0.42587780000000003
2464	0.42600429999999995
2465	0.4255882
2466	0.42658500000000005
2467	0.4266213
2468	0.4247781
2469	0.4241644
2470	0.42447979999999996
2471	0.42429940000000005
2472	0.4242123
2473	0.4238072
2474	0.42362829999999996
2475	0.42245699999999997
2476	0.41929620000000006
2477	0.41840140000000003
2478	0.41795340000000003
2479	0.41786819999999997
2480	0.42086409999999996
2481	0.4211759
2482	0.4191782
2483	0.4190548
2484	0.4187947
2485	0.4185389
2486	0.4193737
2487	0.4199226
2488	0.42109009999999997
2489	0.41996059999999996
2490	0.4164087
2491	0.41581049999999997
2492	0.4150026
2493	0.41401540000000003
2494	0.4161379
2495	0.41655640000000005
2496	0.41382700000000006
2497	0.41321440000000004
2498	0.4141339
2499	0.4157093
2500	0.4192902
