350	0.1067163
351	0.1014747
352	0.0987118
353	0.0996408
354	0.1017809
355	0.1001305
356	0.0989598
357	0.09825260000000001
358	0.09732560000000001
359	0.0981413
360	0.098751
361	0.09800589999999999
362	0.097971
363	0.0984653
364	0.0993658
365	0.1008453
366	0.1014198
367	0.1014326
368	0.10232100000000001
369	0.1031544
370	0.10341660000000001
371	0.1028068
372	0.101596
373	0.1014743
374	0.10310810000000001
375	0.10383350000000001
376	0.104715
377	0.1058767
378	0.1059361
379	0.10641869999999999
380	0.10693079999999999
381	0.10605060000000001
382	0.1058567
383	0.1066749
384	0.1081145
385	0.1083503
386	0.10870360000000001
387	0.1099122
388	0.11002650000000001
389	0.11028130000000001
390	0.11110199999999999
391	0.11190910000000001
392	0.11251130000000001
393	0.11280119999999999
394	0.11275360000000001
395	0.11331120000000001
396	0.11405979999999999
397	0.1143972
398	0.1149154
399	0.1157048
400	0.11656760000000002
401	0.1165846
402	0.1167782
403	0.117403
404	0.1177469
405	0.1180971
406	0.11848980000000002
407	0.1188706
408	0.11925919999999998
409	0.1197402
410	0.12034849999999998
411	0.12069529999999999
412	0.12094980000000001
413	0.1212969
414	0.1217671
415	0.12276689999999998
416	0.12390430000000001
417	0.1235151
418	0.12346389999999999
419	0.1240591
420	0.1248965
421	0.1253158
422	0.125507
423	0.1258458
424	0.12632390000000002
425	0.1268308
426	0.1273106
427	0.1278963
428	0.12848110000000001
429	0.129063
430	0.1297989
431	0.1304001
432	0.1308854
433	0.1314348
434	0.1322665
435	0.13302479999999997
436	0.1333737
437	0.13408399999999998
438	0.1348396
439	0.1354
440	0.1359674
441	0.1366751
442	0.1374816
443	0.1380991
444	0.13871529999999999
445	0.1393481
446	0.1399444
447	0.1405722
448	0.1411306
449	0.14155479999999998
450	0.1422234
451	0.1429955
452	0.1436999
453	0.1441818
454	0.1446905
455	0.1453045
456	0.1459322
457	0.14645039999999998
458	0.146924
459	0.1475046
460	0.14794749999999998
461	0.1482937
462	0.1486596
463	0.1491993
464	0.14976
465	0.1502183
466	0.1505444
467	0.15086010000000002
468	0.151233
469	0.1516889
470	0.1521545
471	0.1525844
472	0.152953
473	0.15337910000000002
474	0.1538175
475	0.1542199
476	0.1546769
477	0.155143
478	0.1555881
479	0.15602149999999998
480	0.1564809
481	0.15697260000000002
482	0.15748020000000001
483	0.1580096
484	0.1584892
485	0.15884379999999998
486	0.1592262
487	0.15967989999999999
488	0.16021970000000002
489	0.1608569
490	0.161384
491	0.1617916
492	0.1624235
493	0.1630264
494	0.1635808
495	0.1642036
496	0.1648179
497	0.1654141
498	0.1659914
499	0.1664725
500	0.1669757
501	0.1675896
502	0.1682805
503	0.1688654
504	0.1693542
505	0.17005420000000002
506	0.1706667
507	0.1712457
508	0.17201370000000002
509	0.1725651
510	0.173087
511	0.1738219
512	0.1744184
513	0.1750609
514	0.17582060000000002
515	0.1763555
516	0.17692149999999998
517	0.177589
518	0.1782427
519	0.1788864
520	0.17952490000000002
521	0.1801688
522	0.18086010000000002
523	0.1815338
524	0.1821455
525	0.1828415
526	0.1835404
527	0.18420029999999998
528	0.1848854
529	0.1855915
530	0.1863058
531	0.187007
532	0.18775050000000001
533	0.188505
534	0.18921970000000002
535	0.18994370000000002
536	0.1906954
537	0.19148110000000002
538	0.1922826
539	0.19306589999999998
540	0.1938329
541	0.1946321
542	0.1954735
543	0.1963319
544	0.19715429999999998
545	0.1979805
546	0.1988396
547	0.19974820000000001
548	0.20066879999999998
549	0.2016186
550	0.2026074
551	0.2036147
552	0.20467660000000001
553	0.20580570000000004
554	0.20699810000000002
555	0.2081855
556	0.2093364
557	0.21044279999999999
558	0.21154589999999998
559	0.21260300000000001
560	0.2136024
561	0.21471279999999998
562	0.2158266
563	0.21688179999999999
564	0.2179187
565	0.2189199
566	0.21991770000000002
567	0.22097379999999997
568	0.2220053
569	0.22300789999999998
570	0.2240016
571	0.2249955
572	0.22591929999999996
573	0.22675460000000003
574	0.22766950000000002
575	0.228629
576	0.22959229999999997
577	0.2305163
578	0.2314254
579	0.2323136
580	0.2331701
581	0.2340219
582	0.23485520000000001
583	0.2356522
584	0.23639320000000003
585	0.23713379999999998
586	0.23790389999999997
587	0.23866439999999997
588	0.23941039999999997
589	0.240137
590	0.2408397
591	0.24150500000000003
592	0.24213200000000001
593	0.24271869999999998
594	0.2432081
595	0.243604
596	0.2439614
597	0.2444822
598	0.24509360000000002
599	0.24573470000000003
600	0.2463792
601	0.2469646
602	0.2475151
603	0.24809970000000003
604	0.2486577
605	0.2491893
606	0.24970949999999997
607	0.25023429999999997
608	0.2507572
609	0.2512661
610	0.2517281
611	0.252206
612	0.2527019
613	0.2531782
614	0.2536519
615	0.2541155
616	0.2545606
617	0.255025
618	0.2554832
619	0.2559149
620	0.256326
621	0.2567702
622	0.2572331
623	0.2576321
624	0.2580252
625	0.2584227
626	0.2588213
627	0.2592279
628	0.2596291
629	0.2600199
630	0.2604271
631	0.2608284
632	0.2612183
633	0.2616125
634	0.2619941
635	0.2623756
636	0.2627781
637	0.2631462
638	0.2635148
639	0.2639158
640	0.26428609999999997
641	0.26468200000000003
642	0.2651078
643	0.26546290000000006
644	0.26579840000000005
645	0.2661393
646	0.2665013
647	0.26691279999999995
648	0.2673188
649	0.2676637
650	0.268015
651	0.2683731
652	0.2687417
653	0.26915320000000004
654	0.26953259999999996
655	0.2698777
656	0.2702462
657	0.270574
658	0.27088909999999994
659	0.27123600000000003
660	0.2715535
661	0.2718816
662	0.272242
663	0.272581
664	0.2729184
665	0.2732614
666	0.27360650000000003
667	0.27394509999999994
668	0.2742833
669	0.2746314
670	0.2749612
671	0.275307
672	0.2756907
673	0.2760709
674	0.2764022
675	0.2767134
676	0.27714229999999995
677	0.2774957
678	0.2778116
679	0.27821399999999996
680	0.2785938
681	0.2789629
682	0.2793423
683	0.27971090000000004
684	0.28011990000000003
685	0.2805654
686	0.2809609
687	0.2813603
688	0.281785
689	0.2822428
690	0.2826787
691	0.2831014
692	0.2835284
693	0.2839521
694	0.2843584
695	0.28474970000000005
696	0.2851484
697	0.28556820000000005
698	0.28599179999999996
699	0.28638379999999997
700	0.2867857
701	0.287196
702	0.2875989
703	0.28795970000000004
704	0.28832870000000005
705	0.2887275
706	0.28913249999999996
707	0.2895158
708	0.2898739
709	0.2902209
710	0.2905727
711	0.2909469
712	0.29134770000000004
713	0.2917272
714	0.2920919
715	0.2924584
716	0.2928668
717	0.2932114
718	0.2935253
719	0.2939104
720	0.29422719999999997
721	0.29454009999999997
722	0.2949199
723	0.2952872
724	0.2956514
725	0.296008
726	0.2963177
727	0.29667
728	0.2970562
729	0.2974178
730	0.2977385
731	0.2980547
732	0.2983993
733	0.2987329
734	0.2990603
735	0.2993849
736	0.2996992
737	0.3000446
738	0.3004005
739	0.3007222
740	0.30109359999999996
741	0.3014578
742	0.30176490000000006
743	0.30207929999999994
744	0.3023847
745	0.3026816
746	0.3029955
747	0.3033383
748	0.303677
749	0.3039686
750	0.3042977
751	0.30464440000000004
752	0.30497759999999996
753	0.3052678
754	0.3056012
755	0.305978
756	0.3063009
757	0.30662890000000004
758	0.3069583
759	0.30726620000000004
760	0.3075452
761	0.30783740000000004
762	0.30816509999999997
763	0.30849440000000006
764	0.3088009
765	0.30908709999999995
766	0.30938109999999996
767	0.30971329999999997
768	0.3100573
769	0.3103677
770	0.3105986
771	0.3108493
772	0.3111693
773	0.3114888
774	0.3117928
775	0.31208040000000004
776	0.3123616
777	0.3125961
778	0.31283449999999996
779	0.3131232
780	0.3134002
781	0.3136835
782	0.3139705
783	0.3142176
784	0.3145142
785	0.314822
786	0.31505209999999995
787	0.3152713
788	0.3155086
789	0.31577259999999996
790	0.3160283
791	0.3162784
792	0.31652659999999994
793	0.3167767
794	0.316997
795	0.3171986
796	0.3174086
797	0.3176552
798	0.3178928
799	0.3180937
800	0.3182755
801	0.3185205
802	0.318804
803	0.3190249
804	0.3192547
805	0.3194607
806	0.31961300000000004
807	0.31978870000000004
808	0.3200055
809	0.3202349
810	0.3203705
811	0.3205553
812	0.3207868
813	0.3209974
814	0.3211602
815	0.3213243
816	0.3215181
817	0.3216733
818	0.3218503
819	0.32204590000000005
820	0.32220040000000005
821	0.32239650000000003
822	0.3225818
823	0.3226895
824	0.3227761
825	0.3228978
826	0.3230716
827	0.3232542
828	0.3233926
829	0.3235087
830	0.32366100000000003
831	0.32380529999999996
832	0.323939
833	0.3240594
834	0.32413600000000004
835	0.3242541
836	0.324413
837	0.3245288
838	0.3246472
839	0.3247481
840	0.324817
841	0.3249698
842	0.325115
843	0.32521409999999995
844	0.325347
845	0.3254411
846	0.3255086
847	0.3256009
848	0.32573850000000004
849	0.32586279999999995
850	0.32593449999999996
851	0.3260034
852	0.32607790000000003
853	0.32617929999999995
854	0.3263382
855	0.3264535
856	0.3265342
857	0.3266182
858	0.3267281
859	0.32681509999999997
860	0.32687990000000006
861	0.32700450000000003
862	0.32711209999999996
863	0.32718509999999995
864	0.3272412
865	0.3273959
866	0.32754479999999997
867	0.32762020000000003
868	0.3276892
869	0.3277685
870	0.3278591
871	0.32795050000000003
872	0.3280676
873	0.3281854
874	0.3282854
875	0.3284041
876	0.3285097
877	0.3286093
878	0.3287506
879	0.3288447
880	0.32890890000000006
881	0.3289901
882	0.32910209999999995
883	0.3292567
884	0.3294342
885	0.32956799999999997
886	0.3296622
887	0.3297325
888	0.3298087
889	0.3299499
890	0.3300942
891	0.3302053
892	0.3303346
893	0.33046929999999997
894	0.33060359999999994
895	0.3307334
896	0.330837
897	0.33096220000000004
898	0.3311345
899	0.33127490000000004
900	0.3314008
901	0.3315252
902	0.3316604
903	0.33183340000000006
904	0.3320071
905	0.3321409
906	0.332246
907	0.3323787
908	0.33254920000000004
909	0.33271209999999996
910	0.33283959999999996
911	0.3329911
912	0.3332099
913	0.3332711
914	0.3333615
915	0.33356220000000003
916	0.3337564
917	0.33391940000000003
918	0.3340585
919	0.33420300000000003
920	0.3343854
921	0.33456890000000006
922	0.334723
923	0.334837
924	0.33496279999999995
925	0.3351364
926	0.3353699
927	0.33553459999999996
928	0.3357123
929	0.3359452
930	0.33611090000000005
931	0.3362901
932	0.3364747
933	0.3366134
934	0.3367638
935	0.3369542
936	0.3371834
937	0.3373889
938	0.3375634
939	0.33774040000000005
940	0.3379765
941	0.338136
942	0.3382814
943	0.3384816
944	0.3387114
945	0.338906
946	0.3390654000000001
947	0.33924570000000004
948	0.33946040000000005
949	0.3396622
950	0.3398159
951	0.3399692
952	0.34015809999999996
953	0.3403915
954	0.34064970000000006
955	0.34087740000000005
956	0.3410573
957	0.3411897
958	0.34128159999999996
959	0.341464
960	0.3417265
961	0.3419256
962	0.3421066
963	0.3422539
964	0.3423742
965	0.342593
966	0.3428511
967	0.3430741
968	0.34317990000000004
969	0.3433393
970	0.3435787
971	0.34386300000000003
972	0.3440823
973	0.34430720000000004
974	0.3445257
975	0.3446499
976	0.3448321
977	0.3450395
978	0.3452254
979	0.34546259999999995
980	0.3457032
981	0.3459335
982	0.3461712
983	0.34639380000000003
984	0.3465982
985	0.3467874
986	0.34695929999999997
987	0.34720809999999996
988	0.3474954
989	0.34767709999999996
990	0.3478138
991	0.3480006
992	0.3482803
993	0.3485159
994	0.3486953
995	0.34885759999999993
996	0.3490741
997	0.3492278
998	0.3494102
999	0.3496789
1000	0.3499073
1001	0.3491032
1002	0.3492913
1003	0.349467
1004	0.3496424
1005	0.3497942
1006	0.3499136
1007	0.3500433
1008	0.3501635
1009	0.35028590000000004
1010	0.3504015
1011	0.3505205
1012	0.35070159999999995
1013	0.35078709999999996
1014	0.35073000000000004
1015	0.3507941
1016	0.35091279999999997
1017	0.35101550000000004
1018	0.35117859999999995
1019	0.35152140000000004
1020	0.351702
1021	0.3518215
1022	0.3519265
1023	0.35194359999999997
1024	0.3520388
1025	0.35210440000000004
1026	0.3522405
1027	0.3524684
1028	0.3527342
1029	0.35282929999999996
1030	0.3528623
1031	0.352937
1032	0.3528374
1033	0.3529719
1034	0.3533364
1035	0.35351370000000004
1036	0.3537086
1037	0.35384309999999997
1038	0.3537892
1039	0.3538813
1040	0.35400929999999997
1041	0.3542368
1042	0.3543491
1043	0.3544784
1044	0.3545906
1045	0.3546072
1046	0.3547116
1047	0.35492870000000004
1048	0.35502790000000006
1049	0.35505729999999996
1050	0.35514450000000003
1051	0.3551855
1052	0.35527070000000005
1053	0.355446
1054	0.3555629
1055	0.3555949
1056	0.35576030000000003
1057	0.35585490000000003
1058	0.35591209999999995
1059	0.3560138
1060	0.3561362
1061	0.3562417
1062	0.3563384
1063	0.3564713
1064	0.35662459999999996
1065	0.3567652
1066	0.35697090000000004
1067	0.3571021
1068	0.3571945
1069	0.35722329999999997
1070	0.3573215
1071	0.3574018
1072	0.3575162
1073	0.357714
1074	0.35781609999999997
1075	0.3578475
1076	0.35793800000000003
1077	0.3580045
1078	0.3581106
1079	0.35831240000000003
1080	0.3584367
1081	0.35851209999999994
1082	0.3586018
1083	0.3587421
1084	0.3588518
1085	0.3589393
1086	0.35903320000000005
1087	0.3591428
1088	0.3592188
1089	0.3593131
1090	0.35945429999999995
1091	0.35957490000000003
1092	0.3596455
1093	0.3597587
1094	0.3599368
1095	0.3600697
1096	0.3602157
1097	0.3603045
1098	0.36035470000000003
1099	0.3604165
1100	0.36051459999999996
1101	0.36064450000000003
1102	0.36074759999999995
1103	0.36085759999999995
1104	0.36096259999999997
1105	0.36102740000000005
1106	0.3611243
1107	0.3613055
1108	0.3614128
1109	0.3614926
1110	0.36152629999999997
1111	0.361616
1112	0.3616577
1113	0.3617466
1114	0.3619077
1115	0.3620204
1116	0.362112
1117	0.3622131
1118	0.36232070000000005
1119	0.3624151
1120	0.3625079
1121	0.3625899
1122	0.3626313
1123	0.362714
1124	0.3627921
1125	0.36293459999999994
1126	0.36307480000000003
1127	0.3631665
1128	0.36324809999999996
1129	0.3633583
1130	0.3634644
1131	0.36357449999999997
1132	0.363684
1133	0.3638111
1134	0.3638927
1135	0.36393509999999996
1136	0.3640414
1137	0.3641336
1138	0.3642424
1139	0.36441209999999996
1140	0.36457059999999997
1141	0.364608
1142	0.36472109999999996
1143	0.3648305
1144	0.3648705
1145	0.3649435
1146	0.3650578
1147	0.3651312
1148	0.36515159999999997
1149	0.3652209
1150	0.3653134
1151	0.3654104
1152	0.3655179
1153	0.3656369
1154	0.3657866
1155	0.365875
1156	0.3659884
1157	0.3661562
1158	0.366279
1159	0.3663916
1160	0.3664909
1161	0.3665561
1162	0.36663490000000004
1163	0.3666864
1164	0.3668011
1165	0.3669562
1166	0.36707990000000007
1167	0.36721550000000003
1168	0.3673627
1169	0.3674868
1170	0.3676492
1171	0.3678348
1172	0.3679945
1173	0.3681415
1174	0.3682873
1175	0.3684254
1176	0.36855479999999996
1177	0.3686943
1178	0.3688465
1179	0.36896840000000003
1180	0.36907779999999996
1181	0.3691939
1182	0.36927790000000005
1183	0.36937800000000004
1184	0.36947800000000003
1185	0.3696377
1186	0.36975759999999996
1187	0.36984490000000003
1188	0.36993400000000004
1189	0.3700206
1190	0.37013870000000004
1191	0.3702736
1192	0.370406
1193	0.37053959999999997
1194	0.3706773
1195	0.3708163
1196	0.37093940000000003
1197	0.3710662
1198	0.3711857
1199	0.371286
1200	0.3713764
1201	0.37149990000000005
1202	0.3716563
1203	0.3717527
1204	0.3718027
1205	0.37188340000000003
1206	0.3719615
1207	0.3720643
1208	0.37223920000000005
1209	0.37240559999999995
1210	0.37250479999999997
1211	0.3725982
1212	0.3727553
1213	0.3729156
1214	0.3731232
1215	0.3732572
1216	0.37336790000000003
1217	0.373487
1218	0.37361479999999997
1219	0.3737749
1220	0.37394720000000004
1221	0.37409970000000003
1222	0.3742623
1223	0.37441030000000003
1224	0.3745418
1225	0.37468090000000004
1226	0.3748022
1227	0.3749361
1228	0.37509380000000003
1229	0.37523920000000005
1230	0.375375
1231	0.37545690000000004
1232	0.3755616
1233	0.37567940000000005
1234	0.37581570000000003
1235	0.37588309999999997
1236	0.37596740000000006
1237	0.37611409999999995
1238	0.3762375
1239	0.3764005
1240	0.3765814
1241	0.3767182
1242	0.3768705
1243	0.37702470000000005
1244	0.3771634
1245	0.3772919
1246	0.3774363
1247	0.37761209999999995
1248	0.37772940000000005
1249	0.3778381
1250	0.3779126
1251	0.37803200000000003
1252	0.37813800000000003
1253	0.37826329999999997
1254	0.3784538
1255	0.3786151
1256	0.37875290000000006
1257	0.3789099
1258	0.379051
1259	0.3791587
1260	0.379252
1261	0.3793661
1262	0.37948259999999995
1263	0.379601
1264	0.37974840000000004
1265	0.37988940000000004
1266	0.3800342
1267	0.3802075
1268	0.3803523
1269	0.38047709999999996
1270	0.3806082
1271	0.3807428
1272	0.3808683
1273	0.3810094
1274	0.381137
1275	0.3812653
1276	0.3814008
1277	0.38151409999999997
1278	0.3816402
1279	0.381772
1280	0.381884
1281	0.3820053
1282	0.38215170000000004
1283	0.38230190000000003
1284	0.3824356
1285	0.3825913
1286	0.3827764
1287	0.3829348
1288	0.3830876
1289	0.3832363
1290	0.3833809
1291	0.38351
1292	0.3836408
1293	0.38376059999999995
1294	0.3838574
1295	0.38395630000000003
1296	0.38406809999999997
1297	0.3842124
1298	0.38437940000000004
1299	0.3845221
1300	0.3846653
1301	0.3848005
1302	0.3849438
1303	0.38513000000000003
1304	0.38527859999999997
1305	0.3854085
1306	0.3855534
1307	0.3857038
1308	0.3858256
1309	0.3859532
1310	0.38607509999999995
1311	0.3861908
1312	0.38630749999999997
1313	0.386398
1314	0.3865033
1315	0.3866178
1316	0.38670079999999996
1317	0.3868003
1318	0.3869179
1319	0.3870301
1320	0.3871645
1321	0.3873293
1322	0.38748990000000005
1323	0.3876113
1324	0.3877421
1325	0.3878886
1326	0.38801840000000004
1327	0.38815170000000004
1328	0.38830640000000005
1329	0.3884739
1330	0.38858899999999996
1331	0.3887133
1332	0.38880149999999997
1333	0.3888623
1334	0.3889422
1335	0.38905259999999997
1336	0.38922080000000003
1337	0.389396
1338	0.3895554
1339	0.3896929
1340	0.3898176
1341	0.3899209
1342	0.38999870000000003
1343	0.3901048
1344	0.3901801
1345	0.3902329
1346	0.3903452
1347	0.3904783
1348	0.3905927
1349	0.3906863
1350	0.3907785
1351	0.3908763
1352	0.3909776
1353	0.3910482
1354	0.3911638
1355	0.391301
1356	0.39139709999999994
1357	0.3915269
1358	0.3916429
1359	0.3917175
1360	0.3918188
1361	0.3919057
1362	0.3920006
1363	0.3921187
1364	0.39220609999999995
1365	0.39229640000000005
1366	0.3923748
1367	0.39244120000000005
1368	0.3925172
1369	0.3925431
1370	0.3925378
1371	0.39251959999999997
1372	0.39249409999999996
1373	0.39242740000000004
1374	0.3923672
1375	0.3923231
1376	0.3922422
1377	0.3921347
1378	0.3920032
1379	0.391865
1380	0.39172270000000003
1381	0.3915818
1382	0.39142550000000004
1383	0.39121940000000005
1384	0.39103530000000003
1385	0.3908627
1386	0.3906366
1387	0.3903873
1388	0.3901134
1389	0.38979400000000003
1390	0.3894448
1391	0.38907129999999995
1392	0.3887015
1393	0.38831279999999996
1394	0.3878568
1395	0.3873758
1396	0.386873
1397	0.3863313
1398	0.38573309999999994
1399	0.38515229999999995
1400	0.3845476
1401	0.3839479
1402	0.3834051
1403	0.3828561
1404	0.3823132
1405	0.3818336
1406	0.38135990000000003
1407	0.38089520000000004
1408	0.38049720000000004
1409	0.380148
1410	0.3798538
1411	0.3796083
1412	0.3794865
1413	0.37949540000000004
1414	0.37962340000000006
1415	0.3799498
1416	0.3804007
1417	0.3809595
1418	0.3815848
1419	0.3822216
1420	0.38288340000000004
1421	0.3835172
1422	0.3841515
1423	0.3847993
1424	0.3854045
1425	0.3859886
1426	0.386569
1427	0.3871281
1428	0.3876652
1429	0.3882124
1430	0.3887348
1431	0.3892094
1432	0.38968070000000005
1433	0.3901662
1434	0.390629
1435	0.3910809
1436	0.3915553
1437	0.3920059
1438	0.3924422
1439	0.3928735
1440	0.3932442
1441	0.39360850000000003
1442	0.3940002
1443	0.394361
1444	0.3947095
1445	0.3950489
1446	0.39536350000000003
1447	0.3956728
1448	0.39595290000000005
1449	0.39622870000000004
1450	0.3964807
1451	0.3967297
1452	0.396982
1453	0.3972158
1454	0.3974379
1455	0.3976321
1456	0.3977907
1457	0.3979543
1458	0.3981055
1459	0.3982598
1460	0.3984071
1461	0.3985671
1462	0.3987343
1463	0.39889949999999996
1464	0.39907990000000004
1465	0.3992637
1466	0.39943140000000005
1467	0.39959390000000006
1468	0.3997888
1469	0.4000304
1470	0.40028259999999993
1471	0.400543
1472	0.4008103
1473	0.4010475
1474	0.40129040000000005
1475	0.4015735
1476	0.4018373
1477	0.4020777
1478	0.4023546
1479	0.4026304
1480	0.4028607
1481	0.4030924
1482	0.403318
1483	0.4035179
1484	0.4037338
1485	0.40395440000000005
1486	0.4041808
1487	0.4044277
1488	0.40466779999999997
1489	0.404915
1490	0.4051276
1491	0.4053219
1492	0.4055
1493	0.405644
1494	0.4058084
1495	0.405968
1496	0.4061361
1497	0.40634040000000005
1498	0.4065408
1499	0.4067107
1500	0.4069075
1501	0.40711909999999996
1502	0.4072882
1503	0.4074406
1504	0.4076039
1505	0.4077768
1506	0.4079595
1507	0.4081571
1508	0.408367
1509	0.4085492
1510	0.4087033
1511	0.4088692
1512	0.4090547
1513	0.4092435
1514	0.4094243
1515	0.40958649999999996
1516	0.4097142
1517	0.4098232
1518	0.4099407
1519	0.41008249999999996
1520	0.41024510000000003
1521	0.41041409999999995
1522	0.41058820000000007
1523	0.41075329999999993
1524	0.41094140000000007
1525	0.41111450000000005
1526	0.411267
1527	0.4114166
1528	0.411563
1529	0.41168999999999994
1530	0.4118071
1531	0.41193230000000003
1532	0.412038
1533	0.41217020000000004
1534	0.41233149999999996
1535	0.4124544
1536	0.41254840000000004
1537	0.4126728
1538	0.41281890000000004
1539	0.4129486
1540	0.4130960999999999
1541	0.4132706
1542	0.4134134
1543	0.4135456
1544	0.41368059999999995
1545	0.4137954000000001
1546	0.4139084
1547	0.41400240000000005
1548	0.41409840000000003
1549	0.4142205
1550	0.4143469
1551	0.41448050000000003
1552	0.41463809999999995
1553	0.4148238
1554	0.4149785
1555	0.4151219
1556	0.415283
1557	0.41538729999999996
1558	0.41548329999999994
1559	0.415599
1560	0.4157108
1561	0.41585059999999996
1562	0.4159714
1563	0.41606109999999996
1564	0.4161315
1565	0.41619040000000007
1566	0.41629350000000004
1567	0.4164184
1568	0.41653490000000004
1569	0.4166678
1570	0.4168048
1571	0.4169233
1572	0.4170311
1573	0.4171428
1574	0.41725730000000005
1575	0.4173843
1576	0.4175353
1577	0.41774880000000003
1578	0.417911
1579	0.41806049999999995
1580	0.4181931
1581	0.4182965
1582	0.4184134
1583	0.4185317
1584	0.4186384
1585	0.4187356
1586	0.4188518
1587	0.4189719
1588	0.4190754
1589	0.41918940000000005
1590	0.41928999999999994
1591	0.41934579999999994
1592	0.41945200000000005
1593	0.41959989999999997
1594	0.4197116
1595	0.41980839999999997
1596	0.41995370000000004
1597	0.4200813
1598	0.4202019
1599	0.42034659999999996
1600	0.4204773
1601	0.4206206
1602	0.4207746
1603	0.42091850000000003
1604	0.4210683
1605	0.4211805
1606	0.4212512
1607	0.4213562
1608	0.42148230000000003
1609	0.4215905
1610	0.421709
1611	0.4218492999999999
1612	0.4219840999999999
1613	0.42210329999999996
1614	0.4222374
1615	0.42234170000000004
1616	0.4223965
1617	0.4225093
1618	0.42265909999999995
1619	0.4227913
1620	0.4229297000000001
1621	0.4230446
1622	0.42316099999999995
1623	0.42330779999999996
1624	0.42346190000000006
1625	0.42359030000000003
1626	0.42367520000000003
1627	0.42378720000000003
1628	0.4239009
1629	0.42394170000000003
1630	0.4239918
1631	0.4240851
1632	0.42416899999999996
1633	0.4242944
1634	0.4244638
1635	0.4245924
1636	0.4247093
1637	0.4248384
1638	0.4249394
1639	0.42503559999999996
1640	0.4251606
1641	0.4252844
1642	0.4254129
1643	0.42555600000000005
1644	0.42565699999999995
1645	0.4257246
1646	0.425791
1647	0.4258696
1648	0.42596590000000006
1649	0.4260589
1650	0.42615640000000005
1651	0.42628720000000003
1652	0.42641940000000006
1653	0.4265169
1654	0.42663
1655	0.4267375
1656	0.4268023
1657	0.426913
1658	0.42704790000000004
1659	0.42714040000000003
1660	0.427254
1661	0.42737700000000006
1662	0.4274934
1663	0.4276463
1664	0.42778760000000005
1665	0.4278971
1666	0.42804780000000003
1667	0.428208
1668	0.42831030000000003
1669	0.4283914000000001
1670	0.4284424
1671	0.4284958
1672	0.4286143
1673	0.4287442
1674	0.42883590000000005
1675	0.4288874
1676	0.428947
1677	0.4290314
1678	0.4291032
1679	0.4291741
1680	0.4292215999999999
1681	0.42924179999999995
1682	0.42930329999999994
1683	0.4293952999999999
1684	0.4294723
1685	0.4295375
1686	0.42961579999999994
1687	0.42971640000000005
1688	0.4298262
1689	0.42992250000000004
1690	0.4300068
1691	0.43009719999999996
1692	0.430184
1693	0.4302588
1694	0.43034120000000003
1695	0.43044170000000004
1696	0.4305242
1697	0.4306057
1698	0.4307178
1699	0.43081099999999994
1700	0.43089629999999995
1701	0.43100109999999997
1702	0.43110190000000004
1703	0.4311986
1704	0.4312614000000001
1705	0.4313098
1706	0.43138869999999996
1707	0.4314804
1708	0.4315915
1709	0.43172200000000005
1710	0.43183640000000006
1711	0.4319385
1712	0.4320611
1713	0.4321697
1714	0.432266
1715	0.4323613
1716	0.43242650000000005
1717	0.43246419999999997
1718	0.4324704000000001
1719	0.432492
1720	0.43251880000000004
1721	0.4325434
1722	0.43260360000000003
1723	0.4326376
1724	0.4326847
1725	0.4327629
1726	0.4327942
1727	0.43282539999999997
1728	0.432846
1729	0.43284759999999994
1730	0.43289659999999996
1731	0.43295900000000004
1732	0.43301419999999996
1733	0.4330807
1734	0.4331346
1735	0.4331634
1736	0.4332096
1737	0.43330329999999995
1738	0.43340690000000004
1739	0.4334889
1740	0.433539
1741	0.43351940000000005
1742	0.4334965
1743	0.4335523
1744	0.4336005
1745	0.4336219
1746	0.4336629
1747	0.433708
1748	0.4337357
1749	0.4337688
1750	0.43385050000000003
1751	0.43389750000000005
1752	0.43391359999999995
1753	0.43397240000000004
1754	0.43392879999999995
1755	0.43392420000000004
1756	0.43394309999999997
1757	0.43394499999999997
1758	0.43395249999999996
1759	0.43396450000000003
1760	0.4339629
1761	0.43399799999999994
1762	0.43404899999999996
1763	0.4341028
1764	0.4341758
1765	0.43427330000000003
1766	0.4343486
1767	0.43439229999999995
1768	0.4344785
1769	0.43455190000000005
1770	0.4346209
1771	0.43473690000000004
1772	0.43479700000000004
1773	0.4348059
1774	0.4348576
1775	0.4349147
1776	0.43497399999999997
1777	0.4350806
1778	0.435174
1779	0.43518720000000005
1780	0.435199
1781	0.4352742
1782	0.43532020000000005
1783	0.4353566
1784	0.4354615
1785	0.4355104
1786	0.43552159999999995
1787	0.4356232
1788	0.4357113
1789	0.43576629999999994
1790	0.4358734
1791	0.4359914000000001
1792	0.43607120000000005
1793	0.4361556
1794	0.4362555
1795	0.4363252
1796	0.43637489999999995
1797	0.436406
1798	0.43641140000000006
1799	0.43640509999999993
1800	0.43645020000000007
1801	0.43507349999999995
1802	0.4358269
1803	0.4364356
1804	0.437067
1805	0.4376445
1806	0.43805029999999995
1807	0.43841440000000004
1808	0.43876940000000003
1809	0.43894399999999995
1810	0.4391285
1811	0.4392696
1812	0.4394728
1813	0.43963739999999996
1814	0.4398367
1815	0.4400562
1816	0.44020649999999995
1817	0.4402563
1818	0.4402903
1819	0.44037020000000004
1820	0.4404723
1821	0.4405751
1822	0.4406788
1823	0.44081990000000004
1824	0.44098699999999996
1825	0.4411622
1826	0.44132489999999996
1827	0.44141959999999997
1828	0.44157929999999995
1829	0.4417442
1830	0.4419531
1831	0.4422705
1832	0.44250429999999996
1833	0.44254609999999994
1834	0.44257979999999997
1835	0.4426359
1836	0.4426963
1837	0.44286369999999997
1838	0.4432818
1839	0.44349809999999995
1840	0.44362219999999997
1841	0.44382510000000003
1842	0.44404629999999995
1843	0.4441437
1844	0.44420299999999996
1845	0.44424090000000005
1846	0.444328
1847	0.44438420000000006
1848	0.444482
1849	0.4446723
1850	0.4447924
1851	0.4448367999999999
1852	0.44486859999999995
1853	0.44493530000000003
1854	0.4450964
1855	0.44518450000000004
1856	0.445274
1857	0.4453515
1858	0.44540290000000005
1859	0.44539090000000003
1860	0.44546729999999995
1861	0.4455385
1862	0.44550340000000005
1863	0.44538279999999997
1864	0.4451954000000001
1865	0.44507349999999996
1866	0.4448858
1867	0.4446529
1868	0.4444361
1869	0.4441865
1870	0.44377
1871	0.44350429999999996
1872	0.44327570000000005
1873	0.44299570000000005
1874	0.44271750000000004
1875	0.44231629999999994
1876	0.44179079999999993
1877	0.4412353
1878	0.44065959999999993
1879	0.4399215
1880	0.43902399999999997
1881	0.43804970000000004
1882	0.4370052
1883	0.43587370000000003
1884	0.4345907
1885	0.43325509999999995
1886	0.43171090000000006
1887	0.4300738
1888	0.42820240000000004
1889	0.42608630000000003
1890	0.4238721
1891	0.421307
1892	0.41846289999999997
1893	0.4155298
1894	0.4123678
1895	0.4091988
1896	0.40580229999999995
1897	0.40254179999999995
1898	0.3993547
1899	0.39636220000000005
1900	0.3937241
1901	0.39136920000000003
1902	0.38929509999999995
1903	0.38747070000000006
1904	0.3859758
1905	0.38477890000000003
1906	0.3838143
1907	0.38310759999999994
1908	0.3827982
1909	0.38259770000000004
1910	0.38246729999999995
1911	0.3826187
1912	0.3829978
1913	0.38355890000000004
1914	0.3842973
1915	0.3850892
1916	0.38603059999999995
1917	0.38700619999999997
1918	0.3880119
1919	0.38910100000000003
1920	0.3903223
1921	0.3916142
1922	0.3928874
1923	0.3941466
1924	0.3953943
1925	0.3965829
1926	0.3977022
1927	0.3987874
1928	0.39980140000000003
1929	0.4007555
1930	0.40176880000000004
1931	0.4028271
1932	0.4038104
1933	0.4047538
1934	0.4057068
1935	0.40660029999999997
1936	0.4074687
1937	0.40835509999999997
1938	0.40927379999999997
1939	0.41007829999999995
1940	0.4107821
1941	0.41147799999999995
1942	0.41216679999999994
1943	0.4127705
1944	0.41338850000000005
1945	0.4141095
1946	0.41479390000000005
1947	0.41540190000000005
1948	0.4159957
1949	0.4165182
1950	0.41703019999999996
1951	0.417642
1952	0.4181768
1953	0.41875280000000004
1954	0.4194278
1955	0.4199138
1956	0.4204268
1957	0.4210165
1958	0.42162829999999996
1959	0.42219929999999994
1960	0.42272029999999994
1961	0.42332879999999995
1962	0.42395559999999993
1963	0.4244693
1964	0.4249553
1965	0.425558
1966	0.42608720000000005
1967	0.42658950000000007
1968	0.4270242
1969	0.4275667
1970	0.4281424
1971	0.42868
1972	0.4292514
1973	0.42988370000000004
1974	0.4305145
1975	0.4309938
1976	0.4315111
1977	0.4320668
1978	0.43252890000000005
1979	0.43281679999999995
1980	0.43334170000000005
1981	0.43400600000000006
1982	0.43450500000000003
1983	0.4349487
1984	0.4354835999999999
1985	0.4359595
1986	0.4364697
1987	0.43703420000000004
1988	0.4374965
1989	0.4379582
1990	0.4384679
1991	0.4389134
1992	0.4393472
1993	0.4398433
1994	0.44034170000000006
1995	0.4408003
1996	0.4412066
1997	0.44182089999999996
1998	0.4424763
1999	0.4428464
2000	0.4432015
2001	0.44374440000000004
2002	0.444234
2003	0.4446197
2004	0.44506179999999995
2005	0.4455884
2006	0.4460938
2007	0.4465254
2008	0.4470545
2009	0.447611
2010	0.44810690000000003
2011	0.4485683
2012	0.4490286
2013	0.44946440000000004
2014	0.4498794
2015	0.4502889
2016	0.450679
2017	0.45107290000000005
2018	0.4515008
2019	0.45180119999999996
2020	0.45213869999999995
2021	0.4526951
2022	0.45317690000000005
2023	0.4535849
2024	0.4540303
2025	0.45435470000000006
2026	0.4546831
2027	0.4549729
2028	0.45528850000000004
2029	0.4555669
2030	0.45589659999999993
2031	0.456226
2032	0.45663940000000003
2033	0.4570459
2034	0.4572598
2035	0.45739140000000006
2036	0.4575856
2037	0.4578311
2038	0.4581223
2039	0.45842619999999995
2040	0.4587987
2041	0.4591355
2042	0.45949639999999997
2043	0.4597849
2044	0.46004759999999995
2045	0.46027219999999996
2046	0.4604247
2047	0.4607018
2048	0.4610816
2049	0.46130070000000006
2050	0.46150820000000004
2051	0.46168420000000004
2052	0.4619009
2053	0.462107
2054	0.46228450000000004
2055	0.4624264
2056	0.4626175
2057	0.4627505
2058	0.4629856
2059	0.4633249
2060	0.46358119999999997
2061	0.4637116
2062	0.4638816
2063	0.4640098
2064	0.4641973
2065	0.4643857
2066	0.464613
2067	0.4647888
2068	0.46493320000000005
2069	0.46513140000000003
2070	0.46536819999999995
2071	0.4655773
2072	0.46574160000000003
2073	0.4659184
2074	0.4660798
2075	0.46623690000000007
2076	0.4664202
2077	0.46658469999999996
2078	0.46676819999999997
2079	0.4669674
2080	0.46709940000000005
2081	0.4672057
2082	0.4673379
2083	0.46739780000000003
2084	0.4675245
2085	0.4677285
2086	0.467905
2087	0.4680983
2088	0.46823590000000004
2089	0.4684099
2090	0.4686099
2091	0.4687072
2092	0.46871549999999995
2093	0.4688415
2094	0.46896350000000003
2095	0.46905240000000004
2096	0.4691474
2097	0.469322
2098	0.46955050000000004
2099	0.4696758
2100	0.4697844
2101	0.4700005
2102	0.47013069999999996
2103	0.47017840000000005
2104	0.47043149999999995
2105	0.47080209999999995
2106	0.47107
2107	0.471316
2108	0.47152559999999993
2109	0.471689
2110	0.4718696
2111	0.47201750000000003
2112	0.4722161
2113	0.47245509999999996
2114	0.4726589
2115	0.4728541
2116	0.4730405
2117	0.47318859999999996
2118	0.4734516
2119	0.47387619999999997
2120	0.47419849999999997
2121	0.47441300000000003
2122	0.474588
2123	0.4748505
2124	0.4749673
2125	0.47519290000000003
2126	0.4756804
2127	0.4759156
2128	0.47593729999999995
2129	0.4761255999999999
2130	0.47639040000000005
2131	0.47650290000000006
2132	0.4765871
2133	0.47668469999999996
2134	0.4766599
2135	0.4766357
2136	0.47669920000000005
2137	0.47680429999999996
2138	0.4767396
2139	0.47652799999999995
2140	0.47641579999999994
2141	0.47628370000000003
2142	0.4760777
2143	0.475896
2144	0.4756752
2145	0.47527559999999996
2146	0.47502150000000004
2147	0.4749463
2148	0.4747111
2149	0.4744097
2150	0.4741465
2151	0.4738139
2152	0.47336350000000005
2153	0.47295410000000004
2154	0.4724666
2155	0.4719116
2156	0.47121090000000004
2157	0.4706111
2158	0.4700195
2159	0.4694068
2160	0.4687992
2161	0.4681915
2162	0.467521
2163	0.4669054
2164	0.46646940000000003
2165	0.4658227
2166	0.46501229999999993
2167	0.4642743
2168	0.4637
2169	0.46292040000000007
2170	0.4620777
2171	0.46127879999999993
2172	0.46053710000000003
2173	0.4596453
2174	0.4588604
2175	0.4583514
2176	0.4575863
2177	0.4565889
2178	0.4556785
2179	0.45472349999999995
2180	0.45386980000000005
2181	0.45319899999999996
2182	0.45227390000000006
2183	0.4511976
2184	0.4502281
2185	0.4491304
2186	0.4480285
2187	0.4472713
2188	0.44642529999999997
2189	0.44518149999999995
2190	0.44401009999999996
2191	0.4429987
2192	0.4419287
2193	0.4409616
2194	0.44023059999999997
2195	0.43940619999999997
2196	0.43854090000000007
2197	0.4376824
2198	0.4369664000000001
2199	0.4360759
2200	0.43482139999999997
2201	0.4339808
2202	0.4333625
2203	0.43267659999999997
2204	0.4321625
2205	0.43167
2206	0.43115829999999994
2207	0.4307898
2208	0.43039970000000005
2209	0.43011190000000005
2210	0.43014769999999997
2211	0.43031679999999994
2212	0.43046819999999997
2213	0.4310087
2214	0.43132970000000004
2215	0.4313588
2216	0.43166499999999997
2217	0.4322737
2218	0.4326807
2219	0.4330204000000001
2220	0.4333755999999999
2221	0.43371579999999993
2222	0.4340157
2223	0.4342916
2224	0.4345983
2225	0.4349396
2226	0.43512740000000005
2227	0.43537890000000007
2228	0.4357496
2229	0.436051
2230	0.4361022
2231	0.436216
2232	0.436546
2233	0.4366354
2234	0.43661459999999996
2235	0.43672799999999995
2236	0.4368433
2237	0.43684220000000007
2238	0.4368348
2239	0.43692349999999996
2240	0.4369581
2241	0.4369285
2242	0.4370156
2243	0.43707809999999997
2244	0.43689220000000006
2245	0.4368639
2246	0.4370385
2247	0.4371852
2248	0.4373849
2249	0.4374795999999999
2250	0.4377567
2251	0.43786899999999995
2252	0.43778500000000004
2253	0.4380203
2254	0.43833950000000005
2255	0.43846229999999997
2256	0.4386532
2257	0.43895270000000003
2258	0.4391538
2259	0.43922170000000005
2260	0.4394119000000001
2261	0.43966049999999995
2262	0.439933
2263	0.44022510000000004
2264	0.440565
2265	0.44106949999999995
2266	0.44130509999999995
2267	0.4413821
2268	0.4415928
2269	0.4416495
2270	0.4418544
2271	0.4424696
2272	0.44265340000000003
2273	0.44255059999999996
2274	0.44250390000000006
2275	0.4426013
2276	0.4425446
2277	0.4424853
2278	0.4426319
2279	0.44274040000000003
2280	0.4426627
2281	0.44267619999999996
2282	0.44275559999999997
2283	0.4426924
2284	0.442324
2285	0.44226809999999994
2286	0.4424471
2287	0.44236000000000003
2288	0.4421415
2289	0.44207959999999996
2290	0.44203050000000005
2291	0.44190799999999997
2292	0.4419329000000001
2293	0.44180290000000005
2294	0.44130230000000004
2295	0.4411564
2296	0.4412848
2297	0.44121190000000005
2298	0.4411822
2299	0.44115879999999996
2300	0.4410085999999999
2301	0.4408742
2302	0.44084890000000004
2303	0.4407201
2304	0.4405344
2305	0.44049659999999996
2306	0.4405175
2307	0.44066590000000005
2308	0.44065249999999995
2309	0.4404403
2310	0.4404581
2311	0.4403942
2312	0.4401843
2313	0.44027570000000005
2314	0.44049350000000004
2315	0.4405883
2316	0.4405164000000001
2317	0.4404396
2318	0.44043509999999997
2319	0.44018850000000004
2320	0.44008820000000004
2321	0.44033999999999995
2322	0.4402317
2323	0.43968720000000006
2324	0.4396198
2325	0.4398129
2326	0.4397713
2327	0.4398838
2328	0.43987780000000004
2329	0.4395134
2330	0.43943580000000004
2331	0.4396818
2332	0.4396098
2333	0.43932489999999996
2334	0.4392978
2335	0.43933320000000003
2336	0.43918950000000007
2337	0.43929070000000003
2338	0.4394442
2339	0.43928500000000004
2340	0.43922510000000003
2341	0.4392928
2342	0.4390928
2343	0.43899259999999996
2344	0.439072
2345	0.4390425
2346	0.43907920000000006
2347	0.43913509999999994
2348	0.43903000000000003
2349	0.4389432
2350	0.4389854
2351	0.439068
2352	0.4390027
2353	0.438763
2354	0.4387183
2355	0.4387039000000001
2356	0.43855429999999995
2357	0.43858729999999996
2358	0.4387308
2359	0.4387607
2360	0.4386526
2361	0.43868329999999994
2362	0.43878429999999996
2363	0.4387772
2364	0.438939
2365	0.43896130000000005
2366	0.43865640000000006
2367	0.438668
2368	0.438787
2369	0.4388293
2370	0.43922029999999995
2371	0.43908
2372	0.43853580000000003
2373	0.4382637
2374	0.43788240000000006
2375	0.4372978
2376	0.43716809999999995
2377	0.43716809999999995
2378	0.4370608
2379	0.43712290000000004
2380	0.43692759999999997
2381	0.43631800000000004
2382	0.43571000000000004
2383	0.43533820000000006
2384	0.4352312
2385	0.4349269
2386	0.4343764
2387	0.43408500000000005
2388	0.43418249999999997
2389	0.43415879999999996
2390	0.43373249999999997
2391	0.4335242
2392	0.4335295
2393	0.4333433
2394	0.4329911
2395	0.4323322
2396	0.4317822
2397	0.4318232
2398	0.4320259
2399	0.43200779999999994
2400	0.4315245
2401	0.4306952
2402	0.43018490000000004
2403	0.43014359999999996
2404	0.43029359999999994
2405	0.42999659999999995
2406	0.4294978
2407	0.42929629999999996
2408	0.428749
2409	0.4282973
2410	0.4283537
2411	0.4279059
2412	0.4271509
2413	0.42688409999999993
2414	0.4263338
2415	0.42552429999999997
2416	0.42519470000000004
2417	0.42534120000000003
2418	0.42523950000000005
2419	0.424375
2420	0.4238473
2421	0.42334279999999996
2422	0.4224418
2423	0.4221375
2424	0.42156679999999996
2425	0.42038859999999995
2426	0.419925
2427	0.4200813
2428	0.41998969999999997
2429	0.41935290000000003
2430	0.41856720000000003
2431	0.4178691
2432	0.41708909999999993
2433	0.41652510000000004
2434	0.41679309999999997
2435	0.4160526
2436	0.4144125
2437	0.41391130000000004
2438	0.4136723
2439	0.4131442
2440	0.4132088
2441	0.41292579999999995
2442	0.4121878
2443	0.4114428
2444	0.4107464
2445	0.41007479999999996
2446	0.40878109999999995
2447	0.4082186
2448	0.4085866
2449	0.40830370000000005
2450	0.408184
2451	0.4073853
2452	0.40531
2453	0.4047916
2454	0.4051026
2455	0.4046679
2456	0.4048772
2457	0.4046639
2458	0.40325859999999997
2459	0.40253540000000004
2460	0.40233220000000003
2461	0.4021566
2462	0.4023244
2463	0.4016991
2464	0.4007825
2465	0.40041279999999996
2466	0.39934949999999997
2467	0.39913059999999995
2468	0.4005623
2469	0.4005002
2470	0.3995515
2471	0.3989125
2472	0.3978913
2473	0.3971528
2474	0.3967744
2475	0.3958311
2476	0.3936453
2477	0.3933598
2478	0.394617
2479	0.39473309999999995
2480	0.3954568
2481	0.3960381
2482	0.3963688
2483	0.39544120000000005
2484	0.3936637
2485	0.3930249
2486	0.3906054
2487	0.3899672
2488	0.39412579999999997
2489	0.3930901
2490	0.386966
2491	0.3857842
2492	0.3854125
2493	0.3838139
2494	0.38450759999999995
2495	0.38581679999999996
2496	0.3859539
2497	0.3852007
2498	0.38751820000000003
2499	0.3876612
2500	0.38202579999999997
