350	0.1019961
351	0.102364
352	0.10054830000000001
353	0.1012753
354	0.1041057
355	0.1061897
356	0.10543419999999999
357	0.1036423
358	0.10318279999999999
359	0.1017855
360	0.1028962
361	0.10702730000000002
362	0.1042124
363	0.10363199999999999
364	0.1069298
365	0.10441960000000002
366	0.1045548
367	0.10725430000000001
368	0.10789569999999998
369	0.10634249999999999
370	0.1060965
371	0.11022670000000001
372	0.10992169999999998
373	0.1080617
374	0.1076135
375	0.1077404
376	0.1077973
377	0.1078242
378	0.10893219999999999
379	0.1102494
380	0.11081179999999999
381	0.1095248
382	0.11062069999999999
383	0.11209870000000001
384	0.1111039
385	0.11099489999999998
386	0.1112313
387	0.11122939999999999
388	0.11139929999999999
389	0.11263610000000002
390	0.11441130000000001
391	0.11394489999999999
392	0.11421289999999999
393	0.11559089999999998
394	0.1171763
395	0.1166641
396	0.11563139999999998
397	0.11619449999999999
398	0.11689389999999998
399	0.1173192
400	0.11745180000000001
401	0.1179738
402	0.11868669999999999
403	0.11941099999999999
404	0.1199836
405	0.12038910000000001
406	0.1206723
407	0.1209272
408	0.1214325
409	0.12187560000000001
410	0.12193589999999999
411	0.12215250000000001
412	0.12276820000000001
413	0.12370839999999998
414	0.1242088
415	0.1244383
416	0.1246083
417	0.1250194
418	0.1255101
419	0.1260793
420	0.1267783
421	0.1271697
422	0.1273603
423	0.1276135
424	0.1282626
425	0.128935
426	0.1294037
427	0.12999180000000002
428	0.1307075
429	0.1314816
430	0.1321102
431	0.1328436
432	0.1335769
433	0.1340344
434	0.13455989999999998
435	0.135238
436	0.1360336
437	0.13658589999999998
438	0.1372646
439	0.13820179999999999
440	0.13866589999999998
441	0.1393201
442	0.1402775
443	0.1409741
444	0.1415692
445	0.1421532
446	0.14281649999999999
447	0.1436129
448	0.144351
449	0.1448636
450	0.14549089999999998
451	0.146248
452	0.1470194
453	0.1473884
454	0.1479007
455	0.14864549999999999
456	0.149194
457	0.1497654
458	0.15037720000000002
459	0.1509736
460	0.1515556
461	0.1520101
462	0.15228429999999998
463	0.1527051
464	0.1532404
465	0.153819
466	0.15436689999999997
467	0.15477939999999998
468	0.1551142
469	0.1556039
470	0.1561381
471	0.1566818
472	0.1572164
473	0.1577014
474	0.1581307
475	0.1585339
476	0.15906660000000003
477	0.1596156
478	0.1601153
479	0.160626
480	0.16108670000000003
481	0.1615134
482	0.1619895
483	0.162503
484	0.1630613
485	0.16365839999999998
486	0.1640769
487	0.1645412
488	0.1652134
489	0.16577479999999997
490	0.1662514
491	0.1667477
492	0.16752679999999998
493	0.1682183
494	0.1687773
495	0.1693593
496	0.1699967
497	0.1706802
498	0.1713585
499	0.1718078
500	0.1723108
501	0.1730412
502	0.1736746
503	0.17429660000000002
504	0.17495539999999998
505	0.17565899999999998
506	0.1763336
507	0.1769757
508	0.1776215
509	0.17828070000000001
510	0.1789426
511	0.1795965
512	0.1802578
513	0.1809304
514	0.1816039
515	0.18222829999999998
516	0.1828461
517	0.1834935
518	0.1842088
519	0.18494029999999997
520	0.1856614
521	0.1863536
522	0.18703599999999998
523	0.18772339999999998
524	0.18842509999999998
525	0.1891277
526	0.1898695
527	0.19064460000000003
528	0.1913535
529	0.1920895
530	0.1928713
531	0.19366789999999998
532	0.1944178
533	0.1951766
534	0.19602529999999999
535	0.1968344
536	0.1976164
537	0.19841489999999998
538	0.19930599999999998
539	0.20017929999999998
540	0.201002
541	0.2018544
542	0.2027126
543	0.20359670000000002
544	0.20454560000000002
545	0.2055057
546	0.2064561
547	0.2073916
548	0.20834819999999998
549	0.2093879
550	0.2105283
551	0.21169120000000002
552	0.21285059999999997
553	0.21402800000000002
554	0.2153112
555	0.2165937
556	0.2178598
557	0.21912820000000002
558	0.22034720000000002
559	0.2215105
560	0.2226414
561	0.22382070000000004
562	0.22499339999999998
563	0.2261344
564	0.2272739
565	0.2284107
566	0.2295524
567	0.23070010000000002
568	0.23185789999999998
569	0.2329993
570	0.2340919
571	0.2351413
572	0.2361558
573	0.237152
574	0.238161
575	0.2392212
576	0.24030259999999998
577	0.24127910000000002
578	0.24227579999999999
579	0.24328139999999998
580	0.24423089999999997
581	0.24518299999999998
582	0.2461106
583	0.24698789999999998
584	0.24786750000000002
585	0.2487071
586	0.24949920000000003
587	0.250307
588	0.2511297
589	0.2519366
590	0.25266639999999996
591	0.25338649999999996
592	0.25406039999999996
593	0.2546349
594	0.2551909
595	0.2557509
596	0.25632689999999997
597	0.2569482
598	0.2575993
599	0.2582663
600	0.2589593
601	0.25959940000000004
602	0.26019960000000003
603	0.2608221
604	0.26145460000000004
605	0.2620748
606	0.2626691
607	0.2632576
608	0.26383609999999996
609	0.2644032
610	0.2649597
611	0.2655195
612	0.266059
613	0.2665281
614	0.2670347
615	0.2675651
616	0.26807570000000003
617	0.2685887
618	0.2690708
619	0.269511
620	0.26996620000000005
621	0.2704213
622	0.27087990000000006
623	0.27136869999999996
624	0.271839
625	0.27226500000000003
626	0.2726416
627	0.2730606
628	0.273516
629	0.27397859999999996
630	0.2743909
631	0.2748021
632	0.2752301
633	0.275648
634	0.2760416
635	0.2764351
636	0.2768684
637	0.2773026
638	0.2776999
639	0.2780449
640	0.2784213
641	0.27882290000000004
642	0.2792341
643	0.27963720000000003
644	0.2800165
645	0.2803889
646	0.28079570000000004
647	0.28118740000000003
648	0.2815795
649	0.2819937
650	0.28237579999999995
651	0.282738
652	0.2831047
653	0.2835163
654	0.28393379999999996
655	0.2843315
656	0.2846882
657	0.2850571
658	0.2854419
659	0.28582490000000005
660	0.2861688
661	0.286518
662	0.2869011
663	0.28728709999999996
664	0.2876548
665	0.2880094
666	0.2883866
667	0.2887651
668	0.2891188
669	0.28943179999999996
670	0.28981609999999997
671	0.2902067
672	0.2905513
673	0.2909175
674	0.2912978
675	0.2916719
676	0.2919935
677	0.2923578
678	0.2927498
679	0.29310890000000006
680	0.29347740000000005
681	0.2938562
682	0.2942318
683	0.294563
684	0.2949212
685	0.295317
686	0.2956745
687	0.2960173
688	0.29636009999999996
689	0.29671909999999996
690	0.2970983
691	0.2974887
692	0.29787759999999996
693	0.2982465
694	0.2986051
695	0.29895520000000003
696	0.2992772
697	0.2995933
698	0.29992420000000003
699	0.3002868
700	0.3006344
701	0.3009825
702	0.30134679999999997
703	0.3016952
704	0.3020255
705	0.30234690000000003
706	0.3026873
707	0.30305129999999997
708	0.3034151
709	0.3037415
710	0.3041001
711	0.30446059999999997
712	0.3047891
713	0.3051258
714	0.3054732
715	0.3058264
716	0.3061692
717	0.3065018
718	0.3068328
719	0.3071753
720	0.3075185
721	0.30787190000000003
722	0.30823229999999996
723	0.30852540000000006
724	0.30883879999999997
725	0.3091997
726	0.3095337
727	0.30985759999999996
728	0.3101732
729	0.3104829
730	0.3108298
731	0.3111643
732	0.3114476
733	0.3117479
734	0.3120639
735	0.3123875
736	0.3126988
737	0.3130113
738	0.31332329999999997
739	0.3136282
740	0.3139386
741	0.3142614
742	0.3145922
743	0.31489120000000004
744	0.31518670000000004
745	0.31549390000000005
746	0.31581370000000003
747	0.31613559999999996
748	0.3164499
749	0.31675159999999997
750	0.31706540000000005
751	0.31737790000000005
752	0.3176784
753	0.3179761
754	0.3182807
755	0.3185886
756	0.3188816
757	0.31916540000000004
758	0.3194498
759	0.3197423
760	0.3200158
761	0.3202973
762	0.3205993
763	0.3208842
764	0.32117470000000004
765	0.3214691
766	0.32174559999999996
767	0.3220063
768	0.322262
769	0.32252390000000003
770	0.32278490000000004
771	0.3230494
772	0.323323
773	0.3236177
774	0.32388829999999996
775	0.3241332
776	0.324378
777	0.3246248
778	0.32487009999999994
779	0.3251092
780	0.3253501
781	0.3256018
782	0.3258547
783	0.32606820000000003
784	0.3262993
785	0.32654120000000003
786	0.3267623
787	0.3269958
788	0.3272156
789	0.327409
790	0.3276362
791	0.3278548
792	0.3280552
793	0.3282607
794	0.3284599
795	0.32865359999999993
796	0.3288454
797	0.3290356
798	0.32924040000000004
799	0.32945840000000004
800	0.32964390000000005
801	0.3298335
802	0.330018
803	0.3301603
804	0.33032690000000003
805	0.3305117
806	0.3306945
807	0.33087790000000006
808	0.33104920000000004
809	0.33121
810	0.331384
811	0.3315544
812	0.3317199
813	0.33188179999999995
814	0.33201929999999996
815	0.33215279999999997
816	0.3322943
817	0.3324098
818	0.332557
819	0.3327294
820	0.3328633
821	0.3329978
822	0.33312529999999996
823	0.3332355
824	0.333362
825	0.33348259999999996
826	0.3335898
827	0.3337092
828	0.3338131
829	0.33390390000000003
830	0.3339991
831	0.3341075
832	0.3342122
833	0.3343014
834	0.3343906
835	0.3344925
836	0.33460120000000004
837	0.3346917
838	0.3347868
839	0.33488559999999995
840	0.3349838
841	0.33509770000000005
842	0.33519329999999997
843	0.3352638
844	0.3353556
845	0.33544609999999997
846	0.335518
847	0.3355635
848	0.3356723
849	0.3357913
850	0.33587100000000003
851	0.3359375
852	0.3360027
853	0.336079
854	0.3361788
855	0.336258
856	0.33632740000000005
857	0.3364061
858	0.33647790000000005
859	0.3365462
860	0.33661640000000004
861	0.33669829999999995
862	0.3367354
863	0.33674679999999996
864	0.33678959999999997
865	0.3369452
866	0.33709629999999996
867	0.3371645
868	0.3372002
869	0.3372605
870	0.337351
871	0.3374413
872	0.3375357
873	0.33761640000000004
874	0.3376789
875	0.3377791
876	0.3378598
877	0.3379167
878	0.3380009
879	0.33809120000000004
880	0.338175
881	0.3382448
882	0.3383142
883	0.3383859
884	0.3384606
885	0.3385353
886	0.3386436
887	0.3387623
888	0.3388481
889	0.3389098
890	0.3389811
891	0.33908520000000003
892	0.3392225
893	0.33933240000000003
894	0.33942140000000004
895	0.33953459999999996
896	0.3396378
897	0.3397349
898	0.33983270000000004
899	0.33992659999999997
900	0.34001129999999996
901	0.34010609999999997
902	0.340251
903	0.3404052
904	0.3405303
905	0.3406093
906	0.34070259999999997
907	0.34081
908	0.3409252
909	0.3410367
910	0.3411285
911	0.34123459999999994
912	0.341389
913	0.3415335
914	0.3416568
915	0.3417579
916	0.3418441
917	0.3419532
918	0.3420841
919	0.3422165
920	0.3423282
921	0.3424513
922	0.3426
923	0.3427458
924	0.3428684
925	0.3429747
926	0.3430884
927	0.3432396
928	0.34339770000000003
929	0.34353790000000006
930	0.3436685
931	0.3438206
932	0.3439997
933	0.34418990000000005
934	0.344325
935	0.34444109999999994
936	0.3445783
937	0.3447409
938	0.34488420000000003
939	0.3450061
940	0.3451349
941	0.3452572
942	0.345432
943	0.34567190000000003
944	0.3458118
945	0.34593359999999995
946	0.3460829
947	0.3462719
948	0.3463732
949	0.3464693
950	0.34664090000000003
951	0.3467914
952	0.34696609999999994
953	0.3471437
954	0.3472451
955	0.3473512
956	0.3474739
957	0.3476135
958	0.3477982
959	0.3479458
960	0.3480546
961	0.3482022
962	0.3483691
963	0.3485261
964	0.3486565
965	0.34880170000000005
966	0.34894840000000005
967	0.3490998
968	0.3492728
969	0.3494262
970	0.34956859999999995
971	0.3497159
972	0.3498555
973	0.35005
974	0.3502743
975	0.3504218
976	0.3506014
977	0.3507636
978	0.350867
979	0.35103670000000003
980	0.3511871
981	0.3513085
982	0.351461
983	0.3515962
984	0.3517612
985	0.35198379999999996
986	0.3521669
987	0.3522913
988	0.35238509999999995
989	0.3525178
990	0.3526882
991	0.3528804
992	0.3530591
993	0.3531318
994	0.35325429999999997
995	0.3534454
996	0.35362109999999997
997	0.35378699999999996
998	0.3539118
999	0.353987
1000	0.3540757
1001	0.3535517
1002	0.35367129999999997
1003	0.35384940000000004
1004	0.3540842
1005	0.3542259
1006	0.35434509999999997
1007	0.3544731
1008	0.3545261
1009	0.354648
1010	0.3548582
1011	0.3549698
1012	0.3549446
1013	0.35508829999999997
1014	0.3552244
1015	0.3555244
1016	0.3556937
1017	0.3560164
1018	0.3561098
1019	0.3559973
1020	0.3559875
1021	0.3558524
1022	0.3559294
1023	0.3562422
1024	0.3563197
1025	0.3563118
1026	0.3564256
1027	0.3564868
1028	0.3564934
1029	0.35662209999999994
1030	0.35697890000000004
1031	0.3571362
1032	0.3571933
1033	0.35729720000000004
1034	0.357362
1035	0.35749549999999997
1036	0.3577563
1037	0.3578341
1038	0.35777509999999996
1039	0.357848
1040	0.3579027
1041	0.35789040000000005
1042	0.3580242
1043	0.3583666
1044	0.35851809999999995
1045	0.35863690000000004
1046	0.358699
1047	0.3586428
1048	0.3587185
1049	0.3587896
1050	0.3588987
1051	0.35914
1052	0.35928150000000003
1053	0.35941740000000005
1054	0.3595016
1055	0.3594466
1056	0.3595305
1057	0.3595715
1058	0.35952009999999995
1059	0.35961940000000003
1060	0.3598322
1061	0.3599799
1062	0.3602264
1063	0.3603675
1064	0.3604142
1065	0.3604954
1066	0.36053959999999996
1067	0.360592
1068	0.3605897
1069	0.3607358
1070	0.36082909999999996
1071	0.3609164
1072	0.36103459999999993
1073	0.3611382
1074	0.3613094
1075	0.3616235
1076	0.3617475
1077	0.3618329
1078	0.36190159999999993
1079	0.3617249
1080	0.36176540000000007
1081	0.36189499999999997
1082	0.36215729999999996
1083	0.362387
1084	0.3625323
1085	0.36261059999999995
1086	0.362514
1087	0.36261570000000004
1088	0.36277370000000003
1089	0.3629114
1090	0.3631803
1091	0.363315
1092	0.3632944
1093	0.36338190000000004
1094	0.3635193
1095	0.3636222
1096	0.3637527
1097	0.36386929999999995
1098	0.3639824
1099	0.3640627
1100	0.3641365
1101	0.36418809999999996
1102	0.3643128
1103	0.3644495
1104	0.36458090000000004
1105	0.36481540000000007
1106	0.36491799999999996
1107	0.36489429999999995
1108	0.3649687
1109	0.3650058
1110	0.3651231
1111	0.3653441
1112	0.36541999999999997
1113	0.36536929999999995
1114	0.3653711
1115	0.3654832
1116	0.3656908
1117	0.36577729999999997
1118	0.365917
1119	0.3660142
1120	0.3659155
1121	0.365992
1122	0.3662744
1123	0.36640759999999994
1124	0.36650229999999995
1125	0.36657829999999997
1126	0.36670349999999996
1127	0.36682220000000004
1128	0.36695690000000003
1129	0.36706890000000003
1130	0.36714600000000003
1131	0.3670966
1132	0.3671888
1133	0.367374
1134	0.3674843
1135	0.3676116
1136	0.36770640000000004
1137	0.36770579999999997
1138	0.3677803
1139	0.3679321
1140	0.3680388
1141	0.3680226
1142	0.3681231
1143	0.368201
1144	0.3682493
1145	0.3683361
1146	0.3685205
1147	0.3685742
1148	0.36852779999999996
1149	0.36858
1150	0.36862399999999995
1151	0.3686793
1152	0.3687763
1153	0.368921
1154	0.3689557
1155	0.36895809999999996
1156	0.36907579999999995
1157	0.3692159
1158	0.3693488
1159	0.3695672
1160	0.3697241
1161	0.3697244
1162	0.3698057
1163	0.36986820000000004
1164	0.3699973
1165	0.37018049999999997
1166	0.37033390000000005
1167	0.3705482
1168	0.3706762
1169	0.3707275
1170	0.3708165
1171	0.37095
1172	0.3710312
1173	0.3711142
1174	0.3712837
1175	0.3714357
1176	0.371477
1177	0.37156500000000003
1178	0.3717278
1179	0.3718458
1180	0.3719625
1181	0.3720423
1182	0.37203270000000005
1183	0.3721527
1184	0.3723145
1185	0.3725019
1186	0.372661
1187	0.37273920000000005
1188	0.3727969
1189	0.3729073
1190	0.3730598
1191	0.3732457
1192	0.3733937
1193	0.3734318
1194	0.3735259
1195	0.37368629999999997
1196	0.3737948
1197	0.3738278
1198	0.3739599
1199	0.3741461
1200	0.3742836
1201	0.37442420000000004
1202	0.3745386
1203	0.3746001
1204	0.374695
1205	0.3748619
1206	0.3750426
1207	0.3751595
1208	0.3752212
1209	0.3752687
1210	0.3753842
1211	0.3755352
1212	0.37563820000000003
1213	0.3757527
1214	0.37584290000000004
1215	0.3759593
1216	0.3760808
1217	0.3762242
1218	0.3763995
1219	0.3765352
1220	0.3766159
1221	0.376755
1222	0.37685599999999997
1223	0.3769159
1224	0.3770228
1225	0.3771442
1226	0.37729850000000004
1227	0.37743709999999997
1228	0.3775562
1229	0.37769990000000003
1230	0.37780949999999996
1231	0.3778487
1232	0.3779638
1233	0.3781206
1234	0.37825190000000003
1235	0.37832899999999997
1236	0.37844429999999996
1237	0.3785765
1238	0.378682
1239	0.3788057
1240	0.3789572
1241	0.37913109999999994
1242	0.37925679999999995
1243	0.3793366
1244	0.3794513
1245	0.3795805
1246	0.3796969
1247	0.379798
1248	0.379913
1249	0.380046
1250	0.3801481
1251	0.3802273
1252	0.3803937
1253	0.3805887
1254	0.3807198
1255	0.38083979999999995
1256	0.38095640000000003
1257	0.3810887
1258	0.3811994
1259	0.3812808
1260	0.3814382
1261	0.3816099
1262	0.3816906
1263	0.3817545
1264	0.38189290000000004
1265	0.3820295
1266	0.38213270000000005
1267	0.3822705
1268	0.382417
1269	0.3825343
1270	0.3826297
1271	0.38276079999999996
1272	0.3828974
1273	0.38302359999999996
1274	0.38314570000000003
1275	0.3832623
1276	0.3834068
1277	0.3835295
1278	0.3835853
1279	0.38369770000000003
1280	0.383899
1281	0.38406409999999996
1282	0.3841185
1283	0.38419200000000003
1284	0.384363
1285	0.38452509999999995
1286	0.3846779000000001
1287	0.38481940000000003
1288	0.3849648
1289	0.3850304
1290	0.3851265
1291	0.385266
1292	0.38537009999999994
1293	0.3854526
1294	0.3855403
1295	0.38560570000000005
1296	0.3856867
1297	0.38582849999999996
1298	0.3859166
1299	0.3859509
1300	0.38608459999999994
1301	0.3862481
1302	0.38636309999999996
1303	0.3864828
1304	0.3866232
1305	0.38674400000000003
1306	0.3868551
1307	0.3869425
1308	0.3870655
1309	0.3871611
1310	0.387235
1311	0.3873823
1312	0.3875966
1313	0.3877562
1314	0.3878771
1315	0.38798509999999997
1316	0.3880695
1317	0.3881768
1318	0.3882952
1319	0.38841440000000005
1320	0.38849609999999996
1321	0.3885878
1322	0.3887638
1323	0.38891040000000004
1324	0.3890667
1325	0.3892578
1326	0.38939959999999996
1327	0.389529
1328	0.3896577
1329	0.38976479999999997
1330	0.38978979999999996
1331	0.3899118
1332	0.3900376
1333	0.3900929
1334	0.3902547
1335	0.3904454
1336	0.3905258
1337	0.3906509
1338	0.39083379999999995
1339	0.3909458
1340	0.3910297
1341	0.3911742
1342	0.39133049999999997
1343	0.3914382
1344	0.3914992
1345	0.39155270000000003
1346	0.391631
1347	0.3917364
1348	0.3918692
1349	0.3919836
1350	0.3921065
1351	0.3921819
1352	0.3922303
1353	0.39232790000000006
1354	0.3924631
1355	0.39249870000000003
1356	0.39254429999999996
1357	0.3926799
1358	0.3927892
1359	0.3928745
1360	0.3929769
1361	0.393057
1362	0.3931118
1363	0.3931992
1364	0.3932965
1365	0.393389
1366	0.3934551
1367	0.3934322
1368	0.3934232
1369	0.39347859999999996
1370	0.393488
1371	0.3934718
1372	0.393469
1373	0.39349229999999996
1374	0.3934434
1375	0.3933551
1376	0.3932802
1377	0.3931422
1378	0.3929567
1379	0.3928202
1380	0.3926867
1381	0.3925422
1382	0.3923483
1383	0.39210700000000004
1384	0.3919282
1385	0.391769
1386	0.39155999999999996
1387	0.3913043
1388	0.391007
1389	0.3906872
1390	0.3903494
1391	0.3899591
1392	0.3895136
1393	0.3890668
1394	0.3886232
1395	0.3881257
1396	0.38759509999999997
1397	0.38706940000000006
1398	0.3865139
1399	0.3859301
1400	0.385323
1401	0.38475190000000004
1402	0.3841974
1403	0.38362229999999997
1404	0.3830887
1405	0.3826084
1406	0.38210109999999997
1407	0.38164159999999997
1408	0.38124959999999997
1409	0.3808643
1410	0.38057209999999997
1411	0.3803541
1412	0.3801921
1413	0.3801829
1414	0.3803743
1415	0.38071540000000004
1416	0.3811461
1417	0.38172670000000003
1418	0.3823512
1419	0.3829216
1420	0.3835283
1421	0.3841662
1422	0.3847991
1423	0.3854085
1424	0.3860362
1425	0.38672290000000004
1426	0.3873295
1427	0.387898
1428	0.3884625
1429	0.3889698
1430	0.3894636
1431	0.3899896
1432	0.3904995
1433	0.39097370000000004
1434	0.3914459
1435	0.39188870000000003
1436	0.39228029999999997
1437	0.3927036
1438	0.39315320000000004
1439	0.3935618
1440	0.39393449999999997
1441	0.3942682
1442	0.3945863
1443	0.3949265
1444	0.3952873
1445	0.3956692
1446	0.3960163
1447	0.39627779999999996
1448	0.3965459
1449	0.3968207
1450	0.3970775
1451	0.3973058
1452	0.3975473
1453	0.39776090000000003
1454	0.3979268
1455	0.39811440000000003
1456	0.3983111
1457	0.39848590000000006
1458	0.3986513
1459	0.3987934
1460	0.398897
1461	0.399022
1462	0.3991688
1463	0.3993239
1464	0.3995051
1465	0.3996856
1466	0.3998663
1467	0.4000438
1468	0.4002392
1469	0.4004946
1470	0.40075409999999995
1471	0.4010028
1472	0.4012736
1473	0.4015464
1474	0.4017985
1475	0.40203790000000006
1476	0.4022622
1477	0.402492
1478	0.4027673
1479	0.4030277
1480	0.40323509999999996
1481	0.403422
1482	0.4036643
1483	0.4039453
1484	0.4041344
1485	0.40429509999999996
1486	0.40451970000000004
1487	0.40470209999999995
1488	0.4048547
1489	0.4050792
1490	0.40528990000000004
1491	0.40541409999999994
1492	0.4055535
1493	0.40572179999999997
1494	0.40592690000000003
1495	0.40612750000000003
1496	0.40627929999999995
1497	0.40643190000000007
1498	0.4066506
1499	0.4068248
1500	0.40694980000000003
1501	0.4071228
1502	0.4073136
1503	0.40745180000000003
1504	0.4075887
1505	0.4077615
1506	0.4079014
1507	0.4080256
1508	0.4081758
1509	0.4083341
1510	0.4084913
1511	0.4086297
1512	0.4087715
1513	0.4089644
1514	0.40912509999999996
1515	0.4092147
1516	0.4093466
1517	0.4095199
1518	0.4096729
1519	0.4098174
1520	0.409955
1521	0.41010909999999995
1522	0.4102491
1523	0.4103786
1524	0.41053249999999997
1525	0.4106694
1526	0.41076359999999995
1527	0.41086759999999994
1528	0.410962
1529	0.4111009
1530	0.41127829999999993
1531	0.41140150000000003
1532	0.4115264
1533	0.4116825
1534	0.4118297
1535	0.41192929999999994
1536	0.41203599999999996
1537	0.41219220000000006
1538	0.4123429
1539	0.41238980000000003
1540	0.41245479999999995
1541	0.4126008
1542	0.4127179
1543	0.41284529999999997
1544	0.4130379
1545	0.413195
1546	0.4132849
1547	0.41338109999999995
1548	0.4135097
1549	0.4136263
1550	0.413713
1551	0.4138297
1552	0.41395010000000004
1553	0.414041
1554	0.4141446
1555	0.4142482
1556	0.4143516
1557	0.4144652
1558	0.41459090000000004
1559	0.41471709999999995
1560	0.41484570000000004
1561	0.4149973
1562	0.4151651
1563	0.4153125
1564	0.4153893
1565	0.4154649
1566	0.4155987
1567	0.4157017
1568	0.4157698
1569	0.41586940000000006
1570	0.41595820000000006
1571	0.41602659999999997
1572	0.41613950000000005
1573	0.416292
1574	0.41642250000000003
1575	0.41652920000000004
1576	0.4166265
1577	0.41671499999999995
1578	0.41683109999999995
1579	0.4169423
1580	0.4170606
1581	0.4172229
1582	0.4173590999999999
1583	0.4174642
1584	0.4175851
1585	0.4177214
1586	0.41782600000000003
1587	0.4179082
1588	0.4180353
1589	0.41816850000000005
1590	0.41828420000000005
1591	0.4184347
1592	0.41855200000000004
1593	0.4186206
1594	0.41871729999999996
1595	0.41881769999999996
1596	0.41889040000000005
1597	0.41901009999999994
1598	0.4191465999999999
1599	0.41925779999999996
1600	0.4193763
1601	0.4194907
1602	0.41959929999999995
1603	0.4197153
1604	0.4198313
1605	0.41990550000000004
1606	0.4199637
1607	0.4200951
1608	0.4202536
1609	0.4203745
1610	0.42047829999999997
1611	0.4205746
1612	0.4206617
1613	0.42071450000000005
1614	0.42076620000000003
1615	0.4208482
1616	0.4209050999999999
1617	0.4210016
1618	0.4211519
1619	0.4212611
1620	0.42135839999999997
1621	0.4214569
1622	0.42154040000000004
1623	0.4216177
1624	0.4217398
1625	0.4218861
1626	0.4219655
1627	0.4220638
1628	0.42216509999999996
1629	0.4222008
1630	0.4223129
1631	0.42242349999999995
1632	0.4224604
1633	0.422567
1634	0.4226712
1635	0.4227657
1636	0.4229053
1637	0.42300370000000004
1638	0.42306409999999994
1639	0.42313409999999996
1640	0.4232588
1641	0.4234241
1642	0.42355950000000003
1643	0.42368100000000003
1644	0.4238148
1645	0.42393000000000003
1646	0.4239981
1647	0.4240347
1648	0.4241424
1649	0.42430790000000007
1650	0.4243731
1651	0.4244267
1652	0.42454200000000003
1653	0.4246189
1654	0.424752
1655	0.4249478
1656	0.42507870000000003
1657	0.4251522
1658	0.4252549
1659	0.42541629999999997
1660	0.4255143
1661	0.42554529999999996
1662	0.42564589999999997
1663	0.4257898
1664	0.42590320000000004
1665	0.4259982
1666	0.42606890000000003
1667	0.4261429
1668	0.42624049999999997
1669	0.4263392
1670	0.426486
1671	0.4266195
1672	0.4266997
1673	0.42682309999999996
1674	0.42693770000000003
1675	0.4269978
1676	0.42704309999999995
1677	0.4271139
1678	0.4272473
1679	0.4273331
1680	0.4273436
1681	0.42739499999999997
1682	0.42747920000000006
1683	0.4275319
1684	0.4275857
1685	0.4277404
1686	0.4279273
1687	0.4279933
1688	0.428079
1689	0.4282411
1690	0.4282759
1691	0.4282851
1692	0.42839099999999997
1693	0.4284726
1694	0.4285615
1695	0.42869129999999994
1696	0.4288048
1697	0.42890790000000006
1698	0.42894979999999994
1699	0.428965
1700	0.4290661
1701	0.42915410000000004
1702	0.4291675999999999
1703	0.4292651
1704	0.4294394
1705	0.4295271
1706	0.4295898
1707	0.4297223
1708	0.42983599999999994
1709	0.4299129
1710	0.42999380000000004
1711	0.43005420000000005
1712	0.430141
1713	0.4302776
1714	0.43033109999999997
1715	0.4303468
1716	0.43044840000000006
1717	0.4304781
1718	0.43048569999999997
1719	0.4306066
1720	0.43065109999999995
1721	0.43064890000000006
1722	0.43075569999999996
1723	0.43087890000000006
1724	0.43091309999999994
1725	0.4309197
1726	0.43098000000000003
1727	0.4310564
1728	0.43112290000000003
1729	0.4311634
1730	0.43118249999999997
1731	0.43119409999999997
1732	0.43122780000000005
1733	0.4312892
1734	0.4313135
1735	0.4313282
1736	0.43134849999999997
1737	0.4314353
1738	0.4315503
1739	0.43159309999999995
1740	0.4316299
1741	0.4316021
1742	0.4315617
1743	0.4316567
1744	0.4317527
1745	0.431745
1746	0.4317275
1747	0.4317271
1748	0.4317367999999999
1749	0.4317514
1750	0.431755
1751	0.4318041
1752	0.43187109999999995
1753	0.4318709
1754	0.431993
1755	0.4320567
1756	0.43200190000000005
1757	0.4320147
1758	0.4320719
1759	0.4320920999999999
1760	0.4320917
1761	0.43214929999999996
1762	0.4322129
1763	0.4322794
1764	0.4324147
1765	0.43249920000000003
1766	0.43252529999999995
1767	0.4325622
1768	0.432633
1769	0.43264790000000003
1770	0.4326561
1771	0.4327139
1772	0.4327097
1773	0.4326898
1774	0.4327707
1775	0.4328215999999999
1776	0.4328049
1777	0.43286899999999995
1778	0.4329665
1779	0.43295340000000004
1780	0.43293999999999994
1781	0.43307700000000005
1782	0.4331683
1783	0.4332334
1784	0.43339750000000005
1785	0.43340340000000005
1786	0.433367
1787	0.43352749999999995
1788	0.4336464
1789	0.4336397
1790	0.4336621
1791	0.4337078
1792	0.43376049999999994
1793	0.43390470000000003
1794	0.4341272
1795	0.4341735
1796	0.4341147
1797	0.4342595
1798	0.4343369000000001
1799	0.4343542
1800	0.4345563
1801	0.4341359
1802	0.4342018
1803	0.4342845
1804	0.43445029999999996
1805	0.4345491
1806	0.4346522
1807	0.43472920000000004
1808	0.43467829999999996
1809	0.4346526
1810	0.4347218
1811	0.43481179999999997
1812	0.4348525
1813	0.4349105
1814	0.43509609999999993
1815	0.4352374
1816	0.43521920000000003
1817	0.43540559999999995
1818	0.435591
1819	0.4356737
1820	0.4356389
1821	0.4357707
1822	0.4359987
1823	0.4360088
1824	0.43607299999999993
1825	0.43613050000000003
1826	0.4361017
1827	0.4362107
1828	0.436276
1829	0.4363878
1830	0.43646720000000006
1831	0.43647440000000004
1832	0.43657890000000005
1833	0.43668549999999995
1834	0.43686379999999997
1835	0.4369732
1836	0.43692179999999997
1837	0.43700500000000003
1838	0.4372032
1839	0.43732970000000004
1840	0.4374844
1841	0.43758450000000004
1842	0.4376503
1843	0.4375633
1844	0.43755649999999996
1845	0.43769929999999996
1846	0.4377853
1847	0.43797070000000005
1848	0.4380197
1849	0.4379866
1850	0.43791270000000004
1851	0.4378878
1852	0.4378485
1853	0.43798469999999995
1854	0.43811350000000004
1855	0.4380965
1856	0.437997
1857	0.43794809999999995
1858	0.4378121
1859	0.4376278
1860	0.43772159999999993
1861	0.43776400000000004
1862	0.4376433
1863	0.4376094
1864	0.437424
1865	0.4370809
1866	0.43685109999999994
1867	0.43663900000000005
1868	0.436532
1869	0.4363606
1870	0.4360152
1871	0.4358146
1872	0.4356093
1873	0.4350945
1874	0.4346853
1875	0.4342626
1876	0.43384940000000005
1877	0.4330697
1878	0.43232709999999996
1879	0.43165879999999995
1880	0.4307287
1881	0.4296947
1882	0.4287102
1883	0.42771359999999997
1884	0.42647700000000005
1885	0.4250866
1886	0.42350659999999996
1887	0.42189740000000003
1888	0.42004189999999997
1889	0.41798409999999997
1890	0.4157181
1891	0.41309529999999994
1892	0.4102449000000001
1893	0.4072047
1894	0.40403520000000004
1895	0.4009278
1896	0.39778470000000005
1897	0.39451959999999997
1898	0.3912511
1899	0.38841529999999996
1900	0.3858678
1901	0.38351240000000003
1902	0.3815563
1903	0.3799841
1904	0.3786386
1905	0.3775475
1906	0.3766281
1907	0.3759511
1908	0.3756104
1909	0.37544240000000006
1910	0.3756012
1911	0.3761216
1912	0.376692
1913	0.3773161
1914	0.378083
1915	0.3789195
1916	0.3798804
1917	0.3809055
1918	0.3821348
1919	0.3834563
1920	0.3846908
1921	0.3860229
1922	0.3873586
1923	0.38856
1924	0.3897806
1925	0.3909974
1926	0.3922369
1927	0.3932692
1928	0.3943384
1929	0.3956122
1930	0.39668909999999996
1931	0.39770859999999997
1932	0.3989139
1933	0.3999198
1934	0.4006989
1935	0.4016368
1936	0.4025675
1937	0.4034542
1938	0.4040948
1939	0.40485709999999997
1940	0.40574390000000005
1941	0.4063104
1942	0.40690540000000003
1943	0.40766290000000005
1944	0.40827959999999996
1945	0.40886469999999997
1946	0.4095256
1947	0.4101242
1948	0.4107795
1949	0.41120569999999995
1950	0.41165609999999997
1951	0.41237970000000007
1952	0.4130875
1953	0.41358149999999994
1954	0.4140264
1955	0.41455810000000004
1956	0.41505410000000004
1957	0.4154988
1958	0.4160568
1959	0.41678339999999997
1960	0.4172447
1961	0.41759480000000004
1962	0.4179133
1963	0.4183473
1964	0.41884849999999996
1965	0.4192241
1966	0.41972929999999997
1967	0.4202478
1968	0.4206719
1969	0.42116099999999995
1970	0.4217805
1971	0.42236949999999995
1972	0.42277380000000003
1973	0.4230232
1974	0.4233398
1975	0.4238777
1976	0.4243379
1977	0.42480340000000005
1978	0.42535779999999995
1979	0.4259419
1980	0.42641809999999997
1981	0.42693770000000003
1982	0.427496
1983	0.42776670000000006
1984	0.42800479999999996
1985	0.4286982
1986	0.42937470000000005
1987	0.42975990000000003
1988	0.43020379999999997
1989	0.43073690000000003
1990	0.4311905
1991	0.4316272
1992	0.4322654
1993	0.4328215
1994	0.43320410000000004
1995	0.4336334
1996	0.4341695
1997	0.4347361
1998	0.4351714
1999	0.43550900000000003
2000	0.4359657
2001	0.4365138
2002	0.4369822
2003	0.43743869999999996
2004	0.4378526
2005	0.4381839
2006	0.43860859999999996
2007	0.4390226
2008	0.43931229999999993
2009	0.43980290000000005
2010	0.4403555
2011	0.44075529999999996
2012	0.4411651
2013	0.4415852
2014	0.4418907999999999
2015	0.44229840000000004
2016	0.44283249999999996
2017	0.4433084
2018	0.44387139999999997
2019	0.4442009
2020	0.44439129999999993
2021	0.4447209
2022	0.445162
2023	0.4455861
2024	0.44600609999999996
2025	0.4463867
2026	0.4468304
2027	0.4472142
2028	0.44765659999999996
2029	0.4483201
2030	0.448709
2031	0.44887209999999994
2032	0.4491887
2033	0.44945029999999997
2034	0.44958729999999997
2035	0.45006809999999997
2036	0.45042429999999994
2037	0.45065299999999997
2038	0.4511187
2039	0.4514259
2040	0.4515542
2041	0.4518844
2042	0.4523495
2043	0.45265550000000004
2044	0.4530657
2045	0.45331809999999995
2046	0.45322559999999995
2047	0.45327120000000004
2048	0.45365259999999996
2049	0.4539548
2050	0.45412420000000003
2051	0.4542842000000001
2052	0.4545206
2053	0.45459799999999995
2054	0.4547991
2055	0.45531400000000005
2056	0.4556234
2057	0.4557814
2058	0.4559103
2059	0.4562695
2060	0.45638190000000006
2061	0.4563991
2062	0.45653950000000004
2063	0.45654480000000003
2064	0.45666629999999997
2065	0.45687429999999996
2066	0.4572597
2067	0.4574955
2068	0.45781530000000004
2069	0.4579844
2070	0.4579545
2071	0.45809690000000003
2072	0.4582831
2073	0.4584298
2074	0.4587744000000001
2075	0.4591188
2076	0.4591844
2077	0.4591812
2078	0.45938270000000003
2079	0.4596198
2080	0.45979369999999997
2081	0.46020150000000004
2082	0.46040200000000003
2083	0.46024719999999997
2084	0.4603884
2085	0.4607812
2086	0.4608997
2087	0.46088900000000005
2088	0.4611633
2089	0.4613549
2090	0.4613923
2091	0.4615076
2092	0.4617738
2093	0.4619138
2094	0.461926
2095	0.46203549999999993
2096	0.46218469999999995
2097	0.4623357
2098	0.4624904
2099	0.4626389
2100	0.46282209999999996
2101	0.4630251
2102	0.46311769999999997
2103	0.46319399999999994
2104	0.4634675999999999
2105	0.4636769
2106	0.4638242
2107	0.46395190000000003
2108	0.46414890000000003
2109	0.46430429999999995
2110	0.46450410000000003
2111	0.4648347
2112	0.46506270000000005
2113	0.4650674
2114	0.4653151
2115	0.4657024
2116	0.46613999999999994
2117	0.4664665
2118	0.4668058
2119	0.4670112
2120	0.4672161
2121	0.46731890000000004
2122	0.4673772
2123	0.4675391
2124	0.46751499999999996
2125	0.4677361
2126	0.46837740000000005
2127	0.46858279999999997
2128	0.4685745
2129	0.4687335
2130	0.4686802
2131	0.4688036
2132	0.4692057
2133	0.46959809999999996
2134	0.46945169999999997
2135	0.46931369999999994
2136	0.4693585
2137	0.4691815
2138	0.46912299999999996
2139	0.46939719999999996
2140	0.46931819999999996
2141	0.46887829999999997
2142	0.4687232
2143	0.4686722
2144	0.4685178
2145	0.46855459999999993
2146	0.46830779999999994
2147	0.46774790000000005
2148	0.46731419999999996
2149	0.4668773
2150	0.4662501
2151	0.4657094
2152	0.4654957
2153	0.4652486
2154	0.4648615
2155	0.4643710999999999
2156	0.46373329999999996
2157	0.4632628
2158	0.4627818
2159	0.4622227
2160	0.46179090000000006
2161	0.4612317
2162	0.4605112
2163	0.4597923
2164	0.4589536
2165	0.45825770000000005
2166	0.45745420000000003
2167	0.456887
2168	0.45646970000000003
2169	0.45622470000000004
2170	0.4557161
2171	0.4547935
2172	0.4539789000000001
2173	0.4529134
2174	0.4520598
2175	0.4512648
2176	0.4505269
2177	0.4500437
2178	0.44910730000000004
2179	0.4477513
2180	0.4468822
2181	0.4461621
2182	0.44517049999999997
2183	0.44444209999999995
2184	0.4435785
2185	0.442438
2186	0.4408944
2187	0.4401067
2188	0.43937970000000004
2189	0.4380335
2190	0.43706239999999996
2191	0.43616499999999997
2192	0.43528240000000007
2193	0.43416409999999994
2194	0.4331197
2195	0.4321536
2196	0.43089440000000007
2197	0.42989399999999994
2198	0.4293153
2199	0.4285185
2200	0.4274639
2201	0.42667609999999995
2202	0.4261678
2203	0.42545379999999994
2204	0.42473420000000006
2205	0.4239318
2206	0.4231919
2207	0.4228052
2208	0.4224727
2209	0.42231899999999994
2210	0.42229459999999996
2211	0.42220329999999995
2212	0.42249719999999996
2213	0.4234669
2214	0.42367
2215	0.4234604
2216	0.42385559999999994
2217	0.4242723
2218	0.42453640000000004
2219	0.42526440000000004
2220	0.4257335
2221	0.42574639999999997
2222	0.425882
2223	0.42615
2224	0.4264085999999999
2225	0.4265383
2226	0.4266938
2227	0.42700479999999996
2228	0.42727780000000004
2229	0.4272951
2230	0.42752520000000005
2231	0.42799449999999994
2232	0.4282722
2233	0.42846300000000004
2234	0.42858549999999995
2235	0.4288053
2236	0.4289152
2237	0.42910820000000005
2238	0.4294731
2239	0.42969009999999996
2240	0.4298938
2241	0.4299443
2242	0.42982950000000003
2243	0.42985690000000004
2244	0.4296803
2245	0.42969880000000005
2246	0.4300725
2247	0.43030219999999997
2248	0.4306189
2249	0.4306149
2250	0.4308774
2251	0.4310556
2252	0.4311799
2253	0.43153459999999993
2254	0.4316306
2255	0.4314153
2256	0.43171400000000004
2257	0.43223809999999996
2258	0.4326173
2259	0.43319940000000007
2260	0.4337393
2261	0.4342264
2262	0.43453959999999997
2263	0.4348584
2264	0.4352264
2265	0.4353628
2266	0.4355674
2267	0.4359973
2268	0.4363384
2269	0.4364949000000001
2270	0.4367237
2271	0.4371575
2272	0.4373991
2273	0.4376634
2274	0.4374983
2275	0.43739759999999994
2276	0.437562
2277	0.43741220000000003
2278	0.4376041
2279	0.43801409999999996
2280	0.43779480000000004
2281	0.4375666
2282	0.4376021
2283	0.4378054
2284	0.4382389
2285	0.43815240000000005
2286	0.4380268
2287	0.4380544
2288	0.4376946
2289	0.43746890000000005
2290	0.43754090000000007
2291	0.43763459999999993
2292	0.4374737
2293	0.4375429
2294	0.43843940000000003
2295	0.4384
2296	0.43730699999999995
2297	0.43709129999999996
2298	0.43716220000000006
2299	0.4369953
2300	0.43712340000000005
2301	0.4373013
2302	0.4375625
2303	0.43706049999999996
2304	0.4365988
2305	0.43686090000000005
2306	0.4369009
2307	0.43658859999999994
2308	0.4365916
2309	0.43652349999999995
2310	0.4363523
2311	0.43633679999999997
2312	0.436378
2313	0.4365191
2314	0.436738
2315	0.4369105
2316	0.43686379999999997
2317	0.43679929999999995
2318	0.43686220000000003
2319	0.43664359999999997
2320	0.43654529999999997
2321	0.4369105
2322	0.4368343
2323	0.43611289999999997
2324	0.436061
2325	0.4363808
2326	0.43640249999999997
2327	0.4368437
2328	0.43686549999999996
2329	0.4363039000000001
2330	0.4359413
2331	0.43515600000000004
2332	0.4351528
2333	0.4359345
2334	0.43606769999999995
2335	0.4361753
2336	0.43666720000000003
2337	0.43662870000000004
2338	0.4365317
2339	0.4369693
2340	0.4371162
2341	0.43704970000000004
2342	0.4371912
2343	0.4372195
2344	0.43713690000000005
2345	0.4370879
2346	0.43698809999999993
2347	0.4369524
2348	0.4369255
2349	0.4367521
2350	0.43657120000000005
2351	0.4363974
2352	0.4362607
2353	0.43636640000000004
2354	0.436474
2355	0.4365335
2356	0.4367693
2357	0.43698190000000003
2358	0.43726190000000004
2359	0.4371326
2360	0.4367446
2361	0.4367293
2362	0.4365089
2363	0.4364259
2364	0.43706459999999997
2365	0.4370977
2366	0.43643859999999995
2367	0.4363686
2368	0.4366145
2369	0.4364871
2370	0.4364303
2371	0.43642609999999993
2372	0.43610070000000006
2373	0.43585509999999994
2374	0.43577829999999995
2375	0.4358254
2376	0.4354357
2377	0.43464309999999995
2378	0.43435630000000003
2379	0.4342687
2380	0.4341205
2381	0.4337684
2382	0.4334019
2383	0.4334112
2384	0.432713
2385	0.4321858
2386	0.4328871
2387	0.43242290000000005
2388	0.4316202
2389	0.43224140000000005
2390	0.43142479999999994
2391	0.4299696
2392	0.42993509999999996
2393	0.4303258
2394	0.4304924
2395	0.43006540000000004
2396	0.43004670000000006
2397	0.42988059999999995
2398	0.4288018
2399	0.42903389999999997
2400	0.42951709999999993
2401	0.4281098
2402	0.42789440000000006
2403	0.4291745
2404	0.4289325
2405	0.4282004
2406	0.4278031
2407	0.4269222
2408	0.425903
2409	0.4254144
2410	0.4256192
2411	0.4257843
2412	0.4256009
2413	0.4256601
2414	0.4253981
2415	0.4243467000000001
2416	0.423588
2417	0.4230812
2418	0.4227315
2419	0.4220987
2420	0.4210376
2421	0.42032359999999996
2422	0.41926040000000003
2423	0.4182357
2424	0.4167861
2425	0.41543209999999997
2426	0.4156767
2427	0.4156210999999999
2428	0.4150076
2429	0.4147668
2430	0.4146305
2431	0.41451309999999997
2432	0.41520509999999994
2433	0.4152491
2434	0.41489719999999997
2435	0.4137844
2436	0.4113522
2437	0.41118990000000005
2438	0.41266440000000004
2439	0.4121356
2440	0.41157840000000007
2441	0.41117129999999996
2442	0.40918709999999997
2443	0.40806390000000003
2444	0.40814629999999996
2445	0.40815070000000003
2446	0.40793709999999994
2447	0.4072145
2448	0.40684390000000004
2449	0.4061308
2450	0.40404759999999995
2451	0.4035878
2452	0.40491900000000003
2453	0.4050795
2454	0.4044312
2455	0.4040729
2456	0.4036653
2457	0.4036675
2458	0.4046639
2459	0.40480429999999995
2460	0.40438609999999997
2461	0.40366420000000003
2462	0.40235570000000004
2463	0.40103540000000004
2464	0.3983848
2465	0.3979204
2466	0.4000134
2467	0.40013059999999995
2468	0.4003846
2469	0.3999268
2470	0.396696
2471	0.3957949
2472	0.3967217
2473	0.3970006
2474	0.3992614
2475	0.39800409999999997
2476	0.3920487
2477	0.3914742
2478	0.3933202
2479	0.3919303
2480	0.3918153
2481	0.3931136
2482	0.3926634
2483	0.3909083
2484	0.39040359999999996
2485	0.3918062
2486	0.3913937
2487	0.39062909999999995
2488	0.3944338
2489	0.3957853
2490	0.3911619
2491	0.39059299999999997
2492	0.3941095
2493	0.3966196
2494	0.4006848
2495	0.4006792
2496	0.397385
2497	0.39810619999999997
2498	0.3979508
2499	0.397014
2500	0.399975
