350	0.10831500000000001
351	0.1068941
352	0.10455439999999999
353	0.10528430000000001
354	0.10788199999999999
355	0.1084284
356	0.10781789999999998
357	0.1066287
358	0.1055248
359	0.10527180000000001
360	0.1060191
361	0.1071694
362	0.1058815
363	0.1060942
364	0.1082427
365	0.1074734
366	0.10793710000000001
367	0.10950689999999999
368	0.10978589999999999
369	0.1095218
370	0.1099866
371	0.1119373
372	0.1107423
373	0.1095627
374	0.1106617
375	0.11105610000000002
376	0.1114736
377	0.1121095
378	0.1122165
379	0.1134383
380	0.11466019999999999
381	0.1131924
382	0.11336379999999999
383	0.1147018
384	0.11554769999999999
385	0.11528419999999999
386	0.1151809
387	0.11597930000000001
388	0.1163447
389	0.1171174
390	0.11828210000000002
391	0.1185412
392	0.1191614
393	0.12010510000000002
394	0.12068699999999999
395	0.1206028
396	0.12045550000000001
397	0.1209165
398	0.1213644
399	0.1219879
400	0.1227778
401	0.12286300000000001
402	0.12330410000000001
403	0.12425599999999999
404	0.1247192
405	0.1249997
406	0.1252247
407	0.1254902
408	0.1259836
409	0.1265171
410	0.1268674
411	0.1272006
412	0.12767260000000002
413	0.12828489999999998
414	0.1285845
415	0.12923900000000002
416	0.130134
417	0.1300219
418	0.1300944
419	0.13064260000000003
420	0.13155229999999998
421	0.1318063
422	0.13179620000000003
423	0.1321769
424	0.13286520000000002
425	0.1335414
426	0.1340357
427	0.1346154
428	0.1352759
429	0.1359761
430	0.1366058
431	0.13731629999999997
432	0.1380179
433	0.13850539999999997
434	0.1391566
435	0.1398263
436	0.14031860000000002
437	0.14096129999999998
438	0.1417211
439	0.14247820000000003
440	0.1429238
441	0.1435185
442	0.1443365
443	0.14496779999999998
444	0.1456026
445	0.14623529999999998
446	0.14678729999999998
447	0.1475089
448	0.1481946
449	0.148632
450	0.14923
451	0.1499854
452	0.15076199999999998
453	0.1511421
454	0.1516172
455	0.1522602
456	0.1526617
457	0.1530999
458	0.1536368
459	0.1542473
460	0.15483260000000001
461	0.1553026
462	0.1556389
463	0.1561271
464	0.1566661
465	0.1571496
466	0.1575166
467	0.15782929999999998
468	0.1581587
469	0.1585951
470	0.1591263
471	0.1596525
472	0.1600469
473	0.1605044
474	0.16095009999999998
475	0.16131600000000001
476	0.1617897
477	0.1623174
478	0.162833
479	0.1632596
480	0.1636914
481	0.1641504
482	0.1646079
483	0.1650407
484	0.1654746
485	0.1659483
486	0.1663756
487	0.16686600000000001
488	0.16748870000000002
489	0.1680654
490	0.1685807
491	0.16908199999999998
492	0.16972939999999997
493	0.17033
494	0.17087339999999998
495	0.17146050000000002
496	0.172034
497	0.17259929999999998
498	0.1731707
499	0.173702
500	0.1742503
501	0.1748596
502	0.1755204
503	0.1761314
504	0.1766937
505	0.1773747
506	0.17795529999999998
507	0.17849520000000002
508	0.17919520000000003
509	0.1797902
510	0.1803595
511	0.1810235
512	0.1816108
513	0.18225070000000002
514	0.1829723
515	0.1834672
516	0.1840443
517	0.1847583
518	0.1853975
519	0.18603789999999998
520	0.1866852
521	0.1873241
522	0.1879794
523	0.1886547
524	0.18934179999999998
525	0.18999960000000002
526	0.1906754
527	0.19137720000000003
528	0.19202560000000002
529	0.1927092
530	0.193437
531	0.1941606
532	0.1948884
533	0.1956146
534	0.19633699999999998
535	0.1970991
536	0.1978657
537	0.1986166
538	0.1994214
539	0.2002016
540	0.200952
541	0.2017845
542	0.2026208
543	0.2034516
544	0.2042993
545	0.20514749999999998
546	0.20601979999999998
547	0.20693609999999998
548	0.207835
549	0.208765
550	0.209761
551	0.21080810000000003
552	0.2118955
553	0.21302129999999997
554	0.2141971
555	0.21541439999999998
556	0.21660700000000002
557	0.21769829999999998
558	0.21882510000000002
559	0.2199312
560	0.2209734
561	0.22209160000000003
562	0.22321910000000003
563	0.2243101
564	0.22536839999999997
565	0.22638779999999997
566	0.2273949
567	0.228433
568	0.2294678
569	0.2304944
570	0.231514
571	0.2325085
572	0.2334386
573	0.2343071
574	0.2352509
575	0.23623029999999998
576	0.2372031
577	0.2381248
578	0.23905500000000002
579	0.23996869999999998
580	0.2408111
581	0.24167249999999998
582	0.24253049999999998
583	0.24334740000000002
584	0.2441221
585	0.24485949999999998
586	0.2455824
587	0.24634650000000002
588	0.24709879999999998
589	0.2478165
590	0.24849570000000004
591	0.24913429999999998
592	0.24974139999999997
593	0.25032489999999996
594	0.2508413
595	0.2512919
596	0.2517115
597	0.25223429999999997
598	0.25283649999999996
599	0.2534729
600	0.254087
601	0.2546674
602	0.2552209
603	0.2557717
604	0.2563123
605	0.2568455
606	0.2573727
607	0.257872
608	0.25835990000000003
609	0.25884250000000003
610	0.2593017
611	0.2597542
612	0.2602085
613	0.2606673
614	0.26111999999999996
615	0.26155470000000003
616	0.261965
617	0.2623937
618	0.2628239
619	0.2632373
620	0.26362929999999996
621	0.26402070000000005
622	0.2644175
623	0.2648159
624	0.26518769999999997
625	0.26553699999999997
626	0.26588320000000004
627	0.2662406
628	0.26659340000000004
629	0.26693190000000006
630	0.267277
631	0.2676289
632	0.2679891
633	0.2683625
634	0.2687069
635	0.2690357
636	0.2693874
637	0.26973159999999996
638	0.27007559999999997
639	0.2704237
640	0.2707347
641	0.2710755
642	0.2714541
643	0.2717622
644	0.2720659
645	0.2723853
646	0.2727175
647	0.27304959999999995
648	0.27337340000000004
649	0.2736868
650	0.2739997
651	0.2743052
652	0.274609
653	0.27495149999999996
654	0.2752872
655	0.2756035
656	0.2759124
657	0.2762015
658	0.2764899
659	0.2768007
660	0.2771147
661	0.2774291
662	0.2777398
663	0.2780351
664	0.2783498
665	0.2786804
666	0.27898270000000003
667	0.2792725
668	0.2795665
669	0.27987890000000004
670	0.2801639
671	0.2804465
672	0.28075370000000005
673	0.2810896
674	0.2813913
675	0.281661
676	0.28199050000000003
677	0.2822748
678	0.2825448
679	0.28287979999999996
680	0.28320259999999997
681	0.2835124
682	0.28381740000000005
683	0.28411179999999997
684	0.28442890000000004
685	0.2847659
686	0.28506770000000003
687	0.28537209999999996
688	0.28569190000000005
689	0.2860303
690	0.2863663
691	0.2866955
692	0.2870198
693	0.2873432
694	0.2876631
695	0.2879736
696	0.2882552
697	0.28855729999999996
698	0.2888832
699	0.28920959999999996
700	0.28951459999999996
701	0.28981490000000004
702	0.2901256
703	0.290418
704	0.2907091
705	0.29100909999999997
706	0.2913179
707	0.2916342
708	0.29194109999999995
709	0.29221440000000004
710	0.29248209999999997
711	0.2927582
712	0.2930497
713	0.2933465
714	0.2936449
715	0.29394590000000004
716	0.2942617
717	0.2945441
718	0.2948077
719	0.2950995
720	0.29536399999999996
721	0.2956415
722	0.29596290000000003
723	0.2962384
724	0.29651940000000004
725	0.2968205
726	0.2970873
727	0.29737379999999997
728	0.2976703
729	0.2979397
730	0.29822009999999993
731	0.2984918
732	0.2987422
733	0.2990276
734	0.29930100000000004
735	0.29955170000000003
736	0.2998238
737	0.30010749999999997
738	0.3003938
739	0.30067259999999996
740	0.3009485
741	0.3012176
742	0.301479
743	0.3017475
744	0.30201890000000003
745	0.30228829999999995
746	0.3025516
747	0.302833
748	0.30311520000000003
749	0.30337040000000004
750	0.3036523
751	0.30394629999999995
752	0.30423059999999996
753	0.30448200000000003
754	0.30476290000000006
755	0.30507249999999997
756	0.3053385
757	0.305604
758	0.30585959999999995
759	0.3060844
760	0.3063121
761	0.30655820000000006
762	0.3068261
763	0.30710390000000004
764	0.30736820000000004
765	0.3076134
766	0.3078512
767	0.3080961
768	0.3083454
769	0.30858779999999997
770	0.30879029999999996
771	0.3090077
772	0.3092685
773	0.30954
774	0.3097902
775	0.3100186
776	0.31024609999999997
777	0.3104383
778	0.31062540000000005
779	0.3108396
780	0.3110551
781	0.3112904
782	0.3115355
783	0.3117296
784	0.3119604
785	0.3122066
786	0.3124024
787	0.31258709999999995
788	0.3127667
789	0.31294590000000005
790	0.3131383
791	0.3133287
792	0.3135167
793	0.31371750000000004
794	0.3138875
795	0.31404699999999997
796	0.3142311
797	0.3144176
798	0.3145872
799	0.3147345
800	0.3148789
801	0.31507229999999997
802	0.31528720000000005
803	0.3154398
804	0.3156094
805	0.31576550000000003
806	0.31587859999999995
807	0.316035
808	0.3162107
809	0.31637659999999995
810	0.31649570000000005
811	0.3166413
812	0.3168021
813	0.3169324
814	0.3170525
815	0.317182
816	0.3173238
817	0.3174317
818	0.3175501
819	0.31767779999999995
820	0.3177735
821	0.3178982
822	0.31802509999999995
823	0.3181143
824	0.3181881
825	0.3182712
826	0.3183719
827	0.3184735
828	0.3185582
829	0.3186372
830	0.3187348
831	0.31882140000000003
832	0.3188975
833	0.31896690000000005
834	0.3190252
835	0.3191113
836	0.31921940000000004
837	0.31930040000000004
838	0.3193725
839	0.3194387
840	0.3195042
841	0.3196067
842	0.3196864
843	0.31972940000000005
844	0.3198164
845	0.3198762
846	0.3199097
847	0.31995290000000004
848	0.3200487
849	0.32013459999999994
850	0.320166
851	0.3201933
852	0.320235
853	0.3202979
854	0.3203769
855	0.3204328
856	0.3204701
857	0.32050700000000004
858	0.3205619
859	0.32059920000000003
860	0.32062209999999997
861	0.3206988
862	0.3207466
863	0.32076609999999994
864	0.320796
865	0.3208992
866	0.3210047
867	0.3210582
868	0.3210683
869	0.32110679999999997
870	0.32117090000000004
871	0.32120879999999996
872	0.32125370000000003
873	0.3213065
874	0.3213674
875	0.32145949999999995
876	0.32151440000000003
877	0.3215396
878	0.3216236
879	0.3216837
880	0.3217235
881	0.3217704
882	0.321837
883	0.32192329999999997
884	0.3220177
885	0.3220902
886	0.32216859999999997
887	0.3222493
888	0.32231859999999996
889	0.322383
890	0.3224458
891	0.3225172
892	0.3226266
893	0.32272929999999994
894	0.3228252
895	0.3229377
896	0.32302270000000005
897	0.32310700000000003
898	0.3232136
899	0.3233147
900	0.32340959999999996
901	0.3234974
902	0.3235794
903	0.3237073
904	0.32382990000000006
905	0.32389850000000003
906	0.323981
907	0.3240923
908	0.32422470000000003
909	0.3243457
910	0.3244367
911	0.324535
912	0.3246752
913	0.32475879999999996
914	0.3248672
915	0.3250209
916	0.32512959999999996
917	0.32522290000000004
918	0.3253247
919	0.32545359999999995
920	0.3255761
921	0.32569040000000005
922	0.325803
923	0.32593
924	0.3260675
925	0.32621209999999995
926	0.32635729999999996
927	0.3264835
928	0.32663259999999994
929	0.3268185
930	0.32697370000000003
931	0.3271011
932	0.32721669999999997
933	0.3273472
934	0.3274788
935	0.32762379999999997
936	0.3277854
937	0.327931
938	0.32807159999999996
939	0.3282196
940	0.32838540000000005
941	0.32851620000000004
942	0.32864940000000004
943	0.3288171
944	0.3289823
945	0.3291435
946	0.3292982
947	0.3294449
948	0.32959340000000004
949	0.3297515
950	0.329911
951	0.33000159999999995
952	0.3301409
953	0.3303296
954	0.3304643
955	0.3306067
956	0.33074309999999996
957	0.3308534
958	0.3309486
959	0.33107600000000004
960	0.3312447
961	0.3314263
962	0.33159229999999995
963	0.3317294
964	0.3318502
965	0.3320373
966	0.3322179
967	0.33236659999999996
968	0.332507
969	0.332654
970	0.3328452
971	0.3330869
972	0.33325679999999996
973	0.3334385
974	0.3336341
975	0.33376849999999997
976	0.3339355
977	0.33410759999999995
978	0.3342578
979	0.334475
980	0.33465320000000004
981	0.33479040000000004
982	0.3349788
983	0.3351607
984	0.3353334
985	0.3354979
986	0.3356257
987	0.3357717
988	0.335951
989	0.33614240000000006
990	0.3362908
991	0.33646770000000004
992	0.33670559999999994
993	0.3368197
994	0.33696820000000005
995	0.337163
996	0.3373133
997	0.3374757
998	0.3376416
999	0.3378006
1000	0.3379719
1001	0.3373846
1002	0.3375997
1003	0.3377091
1004	0.33771940000000006
1005	0.3377903
1006	0.337792
1007	0.3378658
1008	0.3379643
1009	0.338093
1010	0.3383266
1011	0.3384357
1012	0.3384788
1013	0.338577
1014	0.3386106
1015	0.33864690000000003
1016	0.3388069
1017	0.3391131
1018	0.3392991
1019	0.3395538
1020	0.3396598
1021	0.3396268
1022	0.3396737
1023	0.33966779999999996
1024	0.33969970000000005
1025	0.33972140000000006
1026	0.339834
1027	0.3400273
1028	0.3401961
1029	0.3403285
1030	0.34054009999999996
1031	0.3406338
1032	0.3406161
1033	0.34063340000000003
1034	0.3405489
1035	0.3406482
1036	0.3408253
1037	0.34098979999999995
1038	0.34142209999999995
1039	0.3415787
1040	0.34158879999999997
1041	0.3414929
1042	0.34151329999999996
1043	0.34141009999999994
1044	0.3414866
1045	0.3417337
1046	0.34187649999999997
1047	0.3420324
1048	0.3421528
1049	0.3422648
1050	0.34234580000000003
1051	0.34237670000000003
1052	0.34243340000000005
1053	0.3424227
1054	0.3425011
1055	0.3426267
1056	0.3428463
1057	0.3429243
1058	0.342981
1059	0.34305559999999996
1060	0.3430192
1061	0.3430867
1062	0.3432628
1063	0.3433914
1064	0.34349959999999996
1065	0.34363119999999997
1066	0.3438137
1067	0.3439297
1068	0.34404470000000004
1069	0.3440928
1070	0.3441769
1071	0.34423200000000004
1072	0.34430079999999996
1073	0.3443877
1074	0.3444767
1075	0.3445362
1076	0.3446259
1077	0.3447769
1078	0.3448712
1079	0.3449263
1080	0.3450094
1081	0.3450737
1082	0.3451518
1083	0.3452935
1084	0.34541079999999996
1085	0.3455103
1086	0.34559959999999995
1087	0.34569440000000007
1088	0.34577040000000003
1089	0.3458716
1090	0.346016
1091	0.3460989
1092	0.3461208
1093	0.3462066
1094	0.34631090000000003
1095	0.3463994
1096	0.34652459999999996
1097	0.3466316
1098	0.3467274
1099	0.34679570000000004
1100	0.346883
1101	0.3470062
1102	0.34709709999999994
1103	0.34713920000000004
1104	0.3472324
1105	0.3473683
1106	0.3474562
1107	0.3475509
1108	0.3476499
1109	0.3477495
1110	0.34776890000000005
1111	0.3478893
1112	0.34794
1113	0.34794780000000003
1114	0.348035
1115	0.34812529999999997
1116	0.34824120000000003
1117	0.3483314
1118	0.34842670000000003
1119	0.348524
1120	0.34862009999999993
1121	0.3486862
1122	0.3487308
1123	0.3488277
1124	0.34893850000000004
1125	0.3489894
1126	0.3491748
1127	0.349369
1128	0.34938509999999995
1129	0.3494383
1130	0.3495402
1131	0.3495953
1132	0.3497086
1133	0.3499752
1134	0.35008540000000005
1135	0.35009509999999994
1136	0.3501678
1137	0.35018990000000005
1138	0.3502636
1139	0.3504091
1140	0.3505143
1141	0.3505958
1142	0.3507376
1143	0.3508116
1144	0.3508728
1145	0.3509395
1146	0.3509788
1147	0.35101540000000003
1148	0.35106509999999996
1149	0.3511203
1150	0.3511446
1151	0.35121540000000007
1152	0.35132909999999995
1153	0.35139840000000006
1154	0.3515346
1155	0.3516844
1156	0.3517787
1157	0.3518866
1158	0.3519805
1159	0.3520709
1160	0.35215749999999996
1161	0.3522378
1162	0.3523367
1163	0.3524006
1164	0.3525182
1165	0.3527258
1166	0.35285279999999997
1167	0.352914
1168	0.3530468
1169	0.35320830000000003
1170	0.3533322
1171	0.353445
1172	0.3535669
1173	0.3536479
1174	0.35377620000000004
1175	0.35396409999999995
1176	0.35410359999999996
1177	0.3541798
1178	0.3542663
1179	0.3543827
1180	0.3545402
1181	0.3546307
1182	0.3546885
1183	0.3547918
1184	0.3548525
1185	0.3549718
1186	0.35516420000000004
1187	0.35529190000000005
1188	0.35532790000000003
1189	0.35541009999999995
1190	0.3555368
1191	0.3556411
1192	0.35573449999999995
1193	0.3558382
1194	0.3559473
1195	0.356023
1196	0.35612540000000004
1197	0.3562853
1198	0.35639099999999996
1199	0.35645040000000006
1200	0.3565455
1201	0.3566658
1202	0.3567884
1203	0.35690700000000003
1204	0.35701170000000004
1205	0.3571178
1206	0.357215
1207	0.3573088
1208	0.357444
1209	0.3576243
1210	0.3577887
1211	0.35789709999999997
1212	0.3580122
1213	0.3581647
1214	0.3583358
1215	0.3584462
1216	0.3585508
1217	0.3586935
1218	0.3588177
1219	0.35893159999999996
1220	0.3590711
1221	0.3591915
1222	0.359293
1223	0.35942140000000006
1224	0.35958979999999996
1225	0.3597355
1226	0.3598317
1227	0.3599487
1228	0.3600607
1229	0.3601514
1230	0.36026420000000003
1231	0.360388
1232	0.36048040000000003
1233	0.3605395
1234	0.36067859999999996
1235	0.3608097
1236	0.3609337
1237	0.36107940000000005
1238	0.3612209
1239	0.3613663
1240	0.36153620000000003
1241	0.3617134
1242	0.3618366
1243	0.3619447
1244	0.362098
1245	0.36226040000000004
1246	0.36242409999999997
1247	0.362589
1248	0.36269470000000004
1249	0.3627991
1250	0.3628425
1251	0.3629482
1252	0.3630908
1253	0.36322020000000005
1254	0.3633248
1255	0.3634301
1256	0.36356809999999995
1257	0.36371
1258	0.3638176
1259	0.3639055
1260	0.36400920000000003
1261	0.36416550000000003
1262	0.3642816
1263	0.3643571
1264	0.3645136
1265	0.3646377
1266	0.364749
1267	0.36492020000000003
1268	0.3650768
1269	0.3652094
1270	0.3652838
1271	0.3653772
1272	0.36552779999999996
1273	0.3656665
1274	0.3657795
1275	0.3659845
1276	0.3661447
1277	0.36621190000000003
1278	0.3663442
1279	0.3664664
1280	0.3665435
1281	0.3666756
1282	0.36680820000000003
1283	0.3669135
1284	0.3670454
1285	0.36717990000000006
1286	0.36730830000000003
1287	0.3674469
1288	0.367588
1289	0.36771950000000003
1290	0.3678535
1291	0.3679845
1292	0.3681002
1293	0.3682071
1294	0.3682901
1295	0.3684059
1296	0.3685103
1297	0.36859970000000003
1298	0.3687494
1299	0.36887770000000003
1300	0.3689963
1301	0.3691527
1302	0.36929320000000004
1303	0.36939540000000004
1304	0.36952009999999996
1305	0.3697019
1306	0.36984429999999996
1307	0.36998179999999997
1308	0.3701295
1309	0.3702969
1310	0.37037570000000003
1311	0.37045959999999994
1312	0.37061859999999996
1313	0.3707176
1314	0.3708152
1315	0.37097870000000005
1316	0.37111170000000004
1317	0.37122059999999996
1318	0.37133259999999996
1319	0.37145120000000004
1320	0.3715894
1321	0.3717463
1322	0.3719019
1323	0.3720354
1324	0.3721605
1325	0.37229120000000004
1326	0.37242600000000003
1327	0.372581
1328	0.37271170000000003
1329	0.3728336
1330	0.3729482
1331	0.3730591
1332	0.3731685
1333	0.3732796
1334	0.373391
1335	0.37352540000000006
1336	0.3736696
1337	0.37381479999999995
1338	0.3739683
1339	0.3740762
1340	0.3741551
1341	0.3742474
1342	0.37434709999999993
1343	0.37447509999999995
1344	0.37458359999999996
1345	0.3746955
1346	0.3748094
1347	0.3748849
1348	0.3750024
1349	0.3751093
1350	0.3752189
1351	0.3753059
1352	0.3754106
1353	0.3755005
1354	0.3756011
1355	0.3757188
1356	0.37581859999999995
1357	0.3759297
1358	0.3760751
1359	0.3761922
1360	0.3762877
1361	0.3763944
1362	0.37649299999999997
1363	0.37657290000000004
1364	0.3766383
1365	0.37674250000000004
1366	0.376861
1367	0.3769137
1368	0.37696199999999996
1369	0.3770433
1370	0.37707579999999996
1371	0.37703590000000003
1372	0.3770208
1373	0.37702440000000004
1374	0.37698190000000004
1375	0.37689490000000003
1376	0.37684179999999995
1377	0.3767891
1378	0.376697
1379	0.3765965
1380	0.3764803
1381	0.3763533
1382	0.37621659999999996
1383	0.37602859999999994
1384	0.3758277
1385	0.3756413
1386	0.3754281
1387	0.37521020000000005
1388	0.3749804
1389	0.3746711
1390	0.37433299999999997
1391	0.3739723
1392	0.3735901
1393	0.37323059999999997
1394	0.37279609999999996
1395	0.37233790000000005
1396	0.37185250000000003
1397	0.3713574
1398	0.3708195
1399	0.3702933
1400	0.369764
1401	0.36920759999999997
1402	0.3686758
1403	0.3681667
1404	0.3676833
1405	0.3672321
1406	0.3667895
1407	0.3663597
1408	0.3659748
1409	0.36565190000000003
1410	0.36539720000000003
1411	0.36522509999999997
1412	0.365164
1413	0.3651801
1414	0.3653302
1415	0.36568740000000005
1416	0.366128
1417	0.3666531
1418	0.3672545
1419	0.3678335
1420	0.3684462
1421	0.36908420000000003
1422	0.3697002
1423	0.3703166
1424	0.3709197
1425	0.3715158
1426	0.37209169999999997
1427	0.3726613
1428	0.37320690000000006
1429	0.37372009999999994
1430	0.37420559999999997
1431	0.3746886
1432	0.3751357
1433	0.37554990000000005
1434	0.3760054
1435	0.37646090000000004
1436	0.3768882
1437	0.3773106
1438	0.37770929999999997
1439	0.3780844
1440	0.3784554
1441	0.3788351
1442	0.3792034
1443	0.37954570000000004
1444	0.3798948
1445	0.3802346
1446	0.3805376
1447	0.380809
1448	0.3810406
1449	0.3813009
1450	0.38157729999999995
1451	0.3818229
1452	0.38208179999999997
1453	0.3823074
1454	0.382475
1455	0.3826594
1456	0.3828452
1457	0.3830168
1458	0.3831757
1459	0.3833503
1460	0.38349690000000003
1461	0.38364990000000004
1462	0.3838165
1463	0.38396840000000004
1464	0.3841281
1465	0.3842895
1466	0.3844605
1467	0.384648
1468	0.3848415
1469	0.38504970000000005
1470	0.38527
1471	0.38552
1472	0.3858052
1473	0.3860558
1474	0.3862722
1475	0.38650429999999997
1476	0.3867363
1477	0.38697859999999995
1478	0.3872345
1479	0.3874816
1480	0.3877275
1481	0.3879499
1482	0.3881704
1483	0.38841509999999996
1484	0.38863759999999997
1485	0.38881140000000003
1486	0.3890114
1487	0.38923159999999996
1488	0.3894419
1489	0.3896644
1490	0.3898558
1491	0.39002070000000005
1492	0.3902025
1493	0.3903682
1494	0.390536
1495	0.3907119
1496	0.3908728
1497	0.391022
1498	0.3911888
1499	0.3913656
1500	0.3915636
1501	0.3917506
1502	0.39188920000000005
1503	0.3920553
1504	0.3922203
1505	0.3923483
1506	0.3925186
1507	0.3926895
1508	0.3928427
1509	0.3930033
1510	0.3931557
1511	0.3933312
1512	0.39351840000000005
1513	0.393679
1514	0.3938185
1515	0.3939674
1516	0.39412800000000003
1517	0.3942737
1518	0.3944313
1519	0.39458899999999997
1520	0.3947002
1521	0.3948379
1522	0.3950006
1523	0.3951433
1524	0.3952751
1525	0.3954132
1526	0.3955342
1527	0.3956815
1528	0.39585879999999996
1529	0.3960048
1530	0.39615759999999994
1531	0.3962949
1532	0.39638520000000005
1533	0.396519
1534	0.39668390000000003
1535	0.3968197
1536	0.3969495
1537	0.39709099999999997
1538	0.3972292
1539	0.3973399
1540	0.3974507
1541	0.3976009
1542	0.3977345
1543	0.3978532
1544	0.3979795
1545	0.3981146
1546	0.398241
1547	0.39833179999999996
1548	0.3984236
1549	0.3985267
1550	0.3986322
1551	0.3987614
1552	0.3989185
1553	0.39906909999999995
1554	0.3992019
1555	0.39933670000000004
1556	0.399466
1557	0.39959179999999994
1558	0.3997078
1559	0.39982729999999994
1560	0.3999736
1561	0.4000942
1562	0.4001929
1563	0.4003171
1564	0.4004355
1565	0.4005323
1566	0.40064959999999994
1567	0.40077890000000005
1568	0.400903
1569	0.40104259999999997
1570	0.4011862
1571	0.4013156
1572	0.4014145
1573	0.4015244
1574	0.4016651
1575	0.40179109999999996
1576	0.4019178
1577	0.40206279999999994
1578	0.4021907
1579	0.40231009999999995
1580	0.4024169
1581	0.40250840000000004
1582	0.40261199999999997
1583	0.4026967
1584	0.4028033
1585	0.40294559999999996
1586	0.4030698
1587	0.40318509999999996
1588	0.40329840000000006
1589	0.40340290000000006
1590	0.40351040000000005
1591	0.4036188
1592	0.4037309
1593	0.4038467
1594	0.4039601
1595	0.4040675
1596	0.4042119
1597	0.4043605
1598	0.4044764
1599	0.40461329999999995
1600	0.40475279999999997
1601	0.4048629
1602	0.4050014
1603	0.40514759999999994
1604	0.4052545
1605	0.4053465
1606	0.4054587
1607	0.4056105
1608	0.4057307
1609	0.4058021
1610	0.405895
1611	0.40599559999999996
1612	0.406088
1613	0.4061906
1614	0.40629899999999997
1615	0.40640040000000005
1616	0.4064778
1617	0.4065588
1618	0.4066724
1619	0.4068033
1620	0.406938
1621	0.40706809999999993
1622	0.4071947
1623	0.4073075
1624	0.4074362
1625	0.4076072
1626	0.40774499999999997
1627	0.4078186
1628	0.40788559999999996
1629	0.4079687
1630	0.4080551
1631	0.40815290000000004
1632	0.4082632
1633	0.40833990000000003
1634	0.408427
1635	0.4085858
1636	0.4087361
1637	0.4088357
1638	0.4089268
1639	0.409042
1640	0.40914459999999997
1641	0.4092249
1642	0.40934380000000004
1643	0.4094735
1644	0.40957709999999997
1645	0.4096688
1646	0.4097622
1647	0.4098782999999999
1648	0.4099827999999999
1649	0.41008009999999995
1650	0.41022440000000004
1651	0.41036769999999995
1652	0.4104806
1653	0.4105888
1654	0.4107049
1655	0.41082749999999996
1656	0.4109523
1657	0.4111004
1658	0.41122609999999993
1659	0.41130209999999995
1660	0.4113935
1661	0.4114885999999999
1662	0.41158590000000006
1663	0.4117187
1664	0.4118447
1665	0.41195950000000003
1666	0.4120781
1667	0.41219890000000003
1668	0.4122964
1669	0.41236350000000005
1670	0.4124616
1671	0.41257619999999995
1672	0.41265630000000003
1673	0.4127221
1674	0.41282290000000005
1675	0.4129191
1676	0.41298100000000004
1677	0.4130549
1678	0.4131125
1679	0.4131439
1680	0.4131973
1681	0.41328580000000004
1682	0.4133693
1683	0.4134344
1684	0.41351279999999996
1685	0.4135972
1686	0.41367349999999997
1687	0.41376840000000004
1688	0.4138948
1689	0.4139996
1690	0.414087
1691	0.4142076
1692	0.4142849
1693	0.4143075
1694	0.41440190000000005
1695	0.4145253
1696	0.41460600000000003
1697	0.4147001
1698	0.41481549999999995
1699	0.4149179
1700	0.4149842000000001
1701	0.4150764
1702	0.41519399999999995
1703	0.41526670000000004
1704	0.4153585999999999
1705	0.4154468
1706	0.4155132
1707	0.4156201
1708	0.4157304
1709	0.4158733
1710	0.41601099999999996
1711	0.41607340000000004
1712	0.41615280000000004
1713	0.41625690000000004
1714	0.4163396
1715	0.4163951
1716	0.4164447
1717	0.41650859999999995
1718	0.41654890000000006
1719	0.41659079999999993
1720	0.4166312
1721	0.41668469999999996
1722	0.41678409999999994
1723	0.4168523
1724	0.41690839999999996
1725	0.41696000000000005
1726	0.41697920000000005
1727	0.41703270000000003
1728	0.41711640000000005
1729	0.417188
1730	0.4172374
1731	0.41726009999999997
1732	0.4172838
1733	0.4173124
1734	0.4173415
1735	0.4173943
1736	0.41744659999999995
1737	0.41748459999999993
1738	0.41753609999999997
1739	0.41762920000000003
1740	0.4177193
1741	0.417754
1742	0.41778930000000003
1743	0.41780280000000003
1744	0.4178004
1745	0.4178701
1746	0.41793450000000004
1747	0.4179527
1748	0.41798900000000005
1749	0.4180125
1750	0.4180465
1751	0.41811620000000005
1752	0.418162
1753	0.41820779999999996
1754	0.41823299999999997
1755	0.41825559999999995
1756	0.41829099999999997
1757	0.4183354
1758	0.41836369999999995
1759	0.41840320000000003
1760	0.418475
1761	0.4185415
1762	0.4185987
1763	0.4186532
1764	0.41869880000000004
1765	0.4187456
1766	0.41883729999999997
1767	0.4188948
1768	0.41898959999999996
1769	0.4190642
1770	0.41903779999999996
1771	0.4191152
1772	0.4192582
1773	0.41932129999999995
1774	0.4193918
1775	0.41946400000000006
1776	0.41945709999999997
1777	0.4194597
1778	0.41957479999999997
1779	0.4196465999999999
1780	0.41964470000000004
1781	0.4197084
1782	0.4197624
1783	0.4198186
1784	0.4199058
1785	0.4199553
1786	0.4200282
1787	0.42010109999999995
1788	0.4201715999999999
1789	0.42028649999999995
1790	0.4203542
1791	0.42037399999999997
1792	0.420436
1793	0.42057
1794	0.42067550000000004
1795	0.4207349
1796	0.4208335
1797	0.42088329999999996
1798	0.42089030000000005
1799	0.4209738
1800	0.4210692
1801	0.4199853
1802	0.4205749
1803	0.42100129999999997
1804	0.4213976
1805	0.421691
1806	0.4219728
1807	0.4222693
1808	0.42243500000000006
1809	0.4225889
1810	0.42272250000000006
1811	0.4228019
1812	0.4228969
1813	0.42296930000000005
1814	0.4230568
1815	0.4231672
1816	0.4232227
1817	0.42337129999999995
1818	0.42361809999999994
1819	0.42373820000000006
1820	0.42381579999999996
1821	0.4239638
1822	0.42412609999999995
1823	0.4240863
1824	0.4242215999999999
1825	0.42457029999999996
1826	0.4247407999999999
1827	0.42477129999999996
1828	0.4249028
1829	0.4250915
1830	0.42517920000000003
1831	0.4251911
1832	0.4253138
1833	0.4255567
1834	0.4256351
1835	0.425465
1836	0.4254521
1837	0.42565329999999996
1838	0.4260306
1839	0.4261293
1840	0.42631709999999995
1841	0.4264691
1842	0.4265237
1843	0.4266271
1844	0.4267263
1845	0.4267793
1846	0.4269059
1847	0.4268996
1848	0.42692170000000007
1849	0.4270044
1850	0.4272407999999999
1851	0.4274550999999999
1852	0.42738459999999995
1853	0.427324
1854	0.42748590000000003
1855	0.4275839
1856	0.42761759999999993
1857	0.42759890000000006
1858	0.4275709
1859	0.42760859999999995
1860	0.42765990000000004
1861	0.42762440000000007
1862	0.427565
1863	0.42752799999999996
1864	0.42735969999999995
1865	0.42712120000000003
1866	0.4269259
1867	0.42679480000000003
1868	0.4266576
1869	0.4264169
1870	0.4261089
1871	0.425908
1872	0.4257602
1873	0.4254318
1874	0.42509140000000006
1875	0.42468950000000005
1876	0.4242391
1877	0.4235754
1878	0.42298450000000004
1879	0.42233580000000004
1880	0.42150519999999997
1881	0.4206669
1882	0.4197505999999999
1883	0.41870740000000006
1884	0.41755020000000004
1885	0.4163455
1886	0.4149667
1887	0.413438
1888	0.411663
1889	0.40975500000000004
1890	0.40763330000000003
1891	0.4051261
1892	0.4025386
1893	0.3997829
1894	0.39682890000000004
1895	0.3938703
1896	0.39077690000000004
1897	0.38765190000000005
1898	0.3847038
1899	0.38196820000000004
1900	0.3794276
1901	0.3772594
1902	0.375379
1903	0.3735373
1904	0.3720824
1905	0.3709332
1906	0.3701625
1907	0.3696046
1908	0.3694134
1909	0.3693597
1910	0.3694097
1911	0.3696394
1912	0.37005079999999996
1913	0.37065149999999997
1914	0.37131420000000004
1915	0.3721055
1916	0.37299940000000004
1917	0.3740167
1918	0.3750435
1919	0.37612870000000004
1920	0.3773083
1921	0.3785559
1922	0.3798098
1923	0.3809676
1924	0.3821197
1925	0.3832846
1926	0.38436279999999995
1927	0.38543299999999997
1928	0.3866175
1929	0.38773070000000004
1930	0.38866540000000005
1931	0.3896044
1932	0.3906475
1933	0.3916132
1934	0.3924426
1935	0.39329309999999995
1936	0.39416609999999996
1937	0.39500559999999996
1938	0.3958407
1939	0.3966642
1940	0.397339
1941	0.3979831
1942	0.3986857
1943	0.3992563
1944	0.3999103
1945	0.40061729999999995
1946	0.4011066
1947	0.4016288
1948	0.4021768
1949	0.4027726
1950	0.40324770000000004
1951	0.4037436
1952	0.4043393
1953	0.4049699
1954	0.40544240000000004
1955	0.4059016
1956	0.406385
1957	0.4067653
1958	0.4072137
1959	0.4077398
1960	0.4082682
1961	0.4086723
1962	0.40917420000000004
1963	0.4096967000000001
1964	0.41020559999999995
1965	0.41078950000000003
1966	0.41132920000000006
1967	0.41176499999999994
1968	0.41198720000000005
1969	0.4124227
1970	0.4128708
1971	0.41341400000000006
1972	0.4140273
1973	0.4145960999999999
1974	0.41503409999999996
1975	0.41550529999999997
1976	0.41593959999999996
1977	0.41632600000000003
1978	0.4168146
1979	0.4174044
1980	0.41785259999999996
1981	0.4182241
1982	0.4187687
1983	0.4192936
1984	0.4197482
1985	0.4201977
1986	0.42063729999999994
1987	0.4210997
1988	0.4215416
1989	0.42197970000000007
1990	0.422389
1991	0.42287299999999994
1992	0.4234156
1993	0.42385029999999996
1994	0.4242657
1995	0.424713
1996	0.42517340000000003
1997	0.42553630000000003
1998	0.42602510000000005
1999	0.4265334
2000	0.4269476
2001	0.4273598
2002	0.4278024
2003	0.42829709999999993
2004	0.4287611
2005	0.4292237
2006	0.4296789000000001
2007	0.4301969
2008	0.4306808
2009	0.4311856
2010	0.43175109999999994
2011	0.4321486
2012	0.43246809999999997
2013	0.4328885
2014	0.433404
2015	0.43378820000000007
2016	0.4340902
2017	0.4345050999999999
2018	0.43499670000000007
2019	0.43528729999999993
2020	0.43553240000000004
2021	0.4359459
2022	0.43642770000000003
2023	0.4367772
2024	0.4371911
2025	0.43773
2026	0.43813009999999997
2027	0.4383608
2028	0.4386616
2029	0.4389383
2030	0.4392521
2031	0.4395602
2032	0.4398839
2033	0.4402649
2034	0.44063230000000003
2035	0.44095690000000004
2036	0.4413
2037	0.4415755
2038	0.4419165
2039	0.44218850000000004
2040	0.4422882000000001
2041	0.4425749
2042	0.44307470000000004
2043	0.44336640000000005
2044	0.443662
2045	0.4438985
2046	0.44394929999999994
2047	0.4439691
2048	0.4442674
2049	0.44473549999999995
2050	0.4449932
2051	0.4452075
2052	0.4454768
2053	0.4456598
2054	0.4458851
2055	0.44630509999999995
2056	0.4465812
2057	0.4467597
2058	0.44677700000000004
2059	0.44704269999999996
2060	0.44734399999999996
2061	0.4474111
2062	0.4475384
2063	0.44769709999999996
2064	0.4477808
2065	0.44793310000000003
2066	0.44825770000000004
2067	0.4484624
2068	0.4485413
2069	0.4487343
2070	0.44902539999999996
2071	0.4492415
2072	0.4493085
2073	0.4494827
2074	0.4496554
2075	0.4498363
2076	0.45016709999999993
2077	0.4504268
2078	0.45062840000000004
2079	0.4506947
2080	0.45086590000000004
2081	0.4511314
2082	0.45125129999999997
2083	0.4512319
2084	0.45137440000000006
2085	0.451574
2086	0.4516576
2087	0.45181990000000005
2088	0.45201949999999996
2089	0.4521161
2090	0.45223370000000007
2091	0.45235290000000006
2092	0.45254620000000007
2093	0.4526664000000001
2094	0.4527125
2095	0.4528191
2096	0.4529195
2097	0.4530508
2098	0.4532242
2099	0.4533609
2100	0.4533946
2101	0.4536779
2102	0.45407770000000003
2103	0.4542541
2104	0.4543179
2105	0.4545798
2106	0.45477740000000005
2107	0.45478100000000005
2108	0.4549858
2109	0.45541149999999997
2110	0.45564659999999996
2111	0.45583549999999995
2112	0.4560861
2113	0.4563188
2114	0.45651309999999995
2115	0.4567069
2116	0.45688359999999995
2117	0.45701309999999995
2118	0.45729220000000004
2119	0.4576726
2120	0.4579321
2121	0.4580643
2122	0.45798059999999996
2123	0.4582332
2124	0.45858329999999997
2125	0.45880859999999996
2126	0.45921090000000003
2127	0.4594638
2128	0.4595126
2129	0.4596139
2130	0.4597115
2131	0.45988100000000004
2132	0.46014079999999996
2133	0.460163
2134	0.46017929999999996
2135	0.46046620000000005
2136	0.46042219999999995
2137	0.46012700000000006
2138	0.460104
2139	0.46021369999999995
2140	0.4601221
2141	0.46005820000000003
2142	0.4599638
2143	0.45969970000000004
2144	0.4594839
2145	0.4594103
2146	0.45917420000000003
2147	0.45875600000000005
2148	0.45841279999999995
2149	0.4580691
2150	0.4576593
2151	0.4573093
2152	0.4569728
2153	0.4566322
2154	0.45628620000000003
2155	0.45582340000000005
2156	0.4553184
2157	0.45476859999999997
2158	0.4540088
2159	0.4534626
2160	0.4531199000000001
2161	0.4525566
2162	0.451866
2163	0.4513057
2164	0.4507968
2165	0.4501107
2166	0.44930770000000003
2167	0.4487813
2168	0.44803059999999995
2169	0.44710659999999997
2170	0.4464549
2171	0.4459465
2172	0.4452271
2173	0.4443925
2174	0.44362299999999993
2175	0.4428422000000001
2176	0.44201239999999997
2177	0.4411602
2178	0.44032429999999995
2179	0.43940959999999996
2180	0.4385169
2181	0.4377482
2182	0.4368669
2183	0.43578599999999995
2184	0.4348755
2185	0.43390680000000004
2186	0.4332468
2187	0.43245909999999993
2188	0.43138050000000006
2189	0.4302755999999999
2190	0.42912609999999995
2191	0.4280997
2192	0.42722669999999996
2193	0.42624179999999995
2194	0.42512690000000003
2195	0.42426800000000003
2196	0.4235852
2197	0.4227567
2198	0.4219880999999999
2199	0.42125690000000005
2200	0.4204476
2201	0.4196554
2202	0.4188362
2203	0.4182501
2204	0.41774620000000007
2205	0.4172101
2206	0.41696869999999997
2207	0.4169553
2208	0.41645790000000005
2209	0.4161055
2210	0.4160763
2211	0.4162098
2212	0.4163004
2213	0.41669529999999994
2214	0.4169419
2215	0.41703690000000004
2216	0.41726549999999996
2217	0.4176648
2218	0.41794719999999996
2219	0.4181107
2220	0.41842070000000003
2221	0.41885290000000003
2222	0.41916559999999997
2223	0.41945820000000006
2224	0.4198009
2225	0.4201348
2226	0.4204102
2227	0.4207482
2228	0.4209923
2229	0.4210920999999999
2230	0.4212977
2231	0.4215581
2232	0.42180280000000003
2233	0.42199319999999996
2234	0.42213409999999996
2235	0.42228859999999996
2236	0.4224532999999999
2237	0.4225463
2238	0.4225627
2239	0.42264929999999995
2240	0.4227076
2241	0.42280280000000003
2242	0.42305420000000005
2243	0.4231023
2244	0.4229232
2245	0.42294449999999995
2246	0.4230513
2247	0.42307079999999997
2248	0.4231632000000001
2249	0.4232101
2250	0.4232683
2251	0.4231943
2252	0.423444
2253	0.4240397
2254	0.424266
2255	0.42445740000000004
2256	0.4247112
2257	0.424789
2258	0.4250638
2259	0.425608
2260	0.4259222
2261	0.4261063
2262	0.4264215
2263	0.4268133
2264	0.4270818
2265	0.4273791
2266	0.4275794
2267	0.42744
2268	0.4276331
2269	0.42811940000000004
2270	0.4284361
2271	0.42885159999999994
2272	0.4291879
2273	0.42940550000000005
2274	0.4295238
2275	0.4297732
2276	0.42984700000000003
2277	0.4298258
2278	0.42985920000000005
2279	0.42990559999999994
2280	0.42992359999999996
2281	0.42978809999999995
2282	0.4297428
2283	0.42977529999999997
2284	0.4299024
2285	0.429796
2286	0.4296264
2287	0.4295887
2288	0.4295302
2289	0.42932709999999996
2290	0.42904200000000003
2291	0.42901629999999996
2292	0.4289835
2293	0.4288611
2294	0.42907470000000003
2295	0.4290639
2296	0.4285597
2297	0.42844220000000005
2298	0.4287084
2299	0.4286636
2300	0.42851670000000003
2301	0.4284165
2302	0.42811579999999994
2303	0.4280282999999999
2304	0.4280813
2305	0.42794909999999997
2306	0.4278953
2307	0.4280416
2308	0.4280458
2309	0.42798450000000005
2310	0.4278687
2311	0.4276634
2312	0.4277746
2313	0.4279638
2314	0.4279058
2315	0.4278682
2316	0.427817
2317	0.4275562
2318	0.42748270000000005
2319	0.42755699999999996
2320	0.4275354
2321	0.4274737
2322	0.42744160000000003
2323	0.4274955
2324	0.4273754
2325	0.4271178
2326	0.4270026
2327	0.42679659999999997
2328	0.4267629
2329	0.42692240000000004
2330	0.42702429999999997
2331	0.4272293
2332	0.4272897
2333	0.42731610000000003
2334	0.4273044
2335	0.427146
2336	0.4270647
2337	0.42693059999999994
2338	0.42660990000000004
2339	0.42640209999999995
2340	0.4264536
2341	0.4267088
2342	0.4267727
2343	0.42666000000000004
2344	0.4267733
2345	0.4267769
2346	0.4266135999999999
2347	0.4266697
2348	0.4266054
2349	0.4264088
2350	0.4265905
2351	0.4268669
2352	0.42672390000000004
2353	0.42645500000000003
2354	0.42663840000000003
2355	0.42712089999999997
2356	0.4271835
2357	0.4270454000000001
2358	0.42729340000000005
2359	0.4273702999999999
2360	0.4271898
2361	0.4270846
2362	0.42706350000000004
2363	0.4271201
2364	0.4272817
2365	0.42722040000000006
2366	0.42719300000000004
2367	0.427317
2368	0.42708859999999993
2369	0.4269662
2370	0.4274571
2371	0.42746649999999997
2372	0.426766
2373	0.42671549999999997
2374	0.4271206
2375	0.42704949999999997
2376	0.42643509999999996
2377	0.426183
2378	0.4259121
2379	0.42513199999999995
2380	0.42504200000000003
2381	0.4255365
2382	0.42525959999999996
2383	0.4248058
2384	0.42478119999999997
2385	0.4244911
2386	0.42412840000000007
2387	0.4240233
2388	0.4235992
2389	0.42334979999999994
2390	0.4234352
2391	0.4230969
2392	0.42271909999999996
2393	0.4223412
2394	0.42173109999999997
2395	0.4215434
2396	0.421908
2397	0.4220626
2398	0.4216769
2399	0.4212549
2400	0.42101819999999995
2401	0.4206629
2402	0.42021090000000005
2403	0.4201869000000001
2404	0.42012440000000006
2405	0.41944359999999997
2406	0.4190798
2407	0.41882359999999996
2408	0.4182759
2409	0.41827259999999994
2410	0.4182223
2411	0.41750820000000005
2412	0.4168785
2413	0.4164915
2414	0.4160375
2415	0.4156722
2416	0.4149964
2417	0.41421620000000003
2418	0.4142606
2419	0.4142054
2420	0.4135795
2421	0.41336530000000005
2422	0.4131742
2423	0.41217970000000004
2424	0.4112519
2425	0.41143789999999997
2426	0.41123469999999995
2427	0.4098326
2428	0.4099666
2429	0.4108468
2430	0.40984209999999993
2431	0.4091278
2432	0.4086401
2433	0.4080705
2434	0.4065101
2435	0.40592940000000005
2436	0.40616490000000005
2437	0.4059423
2438	0.4057679
2439	0.40499229999999997
2440	0.4038805
2441	0.40363330000000003
2442	0.4032363
2443	0.40240040000000005
2444	0.4019934
2445	0.4016712
2446	0.4008038
2447	0.400308
2448	0.4005581
2449	0.4002295
2450	0.399416
2451	0.39879570000000003
2452	0.39808459999999996
2453	0.3978574
2454	0.3980373
2455	0.3977829
2456	0.397721
2457	0.3974973
2458	0.39671690000000004
2459	0.39605429999999997
2460	0.3956211
2461	0.3949005
2462	0.3936305
2463	0.3933772
2464	0.3932422
2465	0.39328309999999994
2466	0.3952698
2467	0.39505009999999996
2468	0.3930647
2469	0.39245890000000005
2470	0.3911147
2471	0.3903127
2472	0.3897605
2473	0.3910289
2474	0.3957614
2475	0.39536409999999994
2476	0.39276540000000004
2477	0.3923321
2478	0.38762270000000004
2479	0.3865498
2480	0.39248
2481	0.392962
2482	0.3897987
2483	0.38892059999999995
2484	0.3864442
2485	0.38600300000000004
2486	0.38904140000000004
2487	0.3891739
2488	0.387481
2489	0.38836240000000005
2490	0.39013459999999994
2491	0.390396
2492	0.39288720000000005
2493	0.3927033
2494	0.38781909999999997
2495	0.3856619
2496	0.3832462
2497	0.3833012
2498	0.3862488
2499	0.387219
2500	0.390567
