350	0.08947630000000001
351	0.09218589999999999
352	0.09210299999999999
353	0.0920714
354	0.0930385
355	0.0953937
356	0.0941624
357	0.0920314
358	0.09264019999999999
359	0.09158789999999999
360	0.0918717
361	0.094493
362	0.0920316
363	0.09236230000000001
364	0.0962051
365	0.0931693
366	0.09400449999999999
367	0.0976398
368	0.09653189999999999
369	0.0948512
370	0.0951575
371	0.09859180000000001
372	0.0982735
373	0.09711950000000001
374	0.09747410000000001
375	0.0962826
376	0.0958465
377	0.0968525
378	0.097721
379	0.0992888
380	0.1002549
381	0.09816119999999999
382	0.098662
383	0.1003711
384	0.1004639
385	0.09984900000000001
386	0.0995168
387	0.0999585
388	0.10021580000000001
389	0.1011692
390	0.1026164
391	0.10276580000000002
392	0.1027962
393	0.1033735
394	0.10498410000000001
395	0.10498060000000001
396	0.1043633
397	0.10475930000000001
398	0.1054123
399	0.1058263
400	0.10585789999999999
401	0.1061733
402	0.10666960000000002
403	0.10726199999999998
404	0.10789760000000001
405	0.1085904
406	0.10910560000000001
407	0.1090903
408	0.10941580000000001
409	0.10986420000000001
410	0.11004929999999999
411	0.1102761
412	0.11078160000000001
413	0.1115645
414	0.11206189999999999
415	0.1123859
416	0.11264300000000001
417	0.1129298
418	0.11331300000000001
419	0.1138175
420	0.11443310000000001
421	0.11486989999999998
422	0.1152405
423	0.1157201
424	0.1162048
425	0.1166431
426	0.11704339999999999
427	0.11755539999999999
428	0.11814460000000002
429	0.1187645
430	0.119325
431	0.12001660000000001
432	0.120742
433	0.1212588
434	0.12177529999999999
435	0.12236789999999999
436	0.12304069999999999
437	0.1235404
438	0.12413060000000001
439	0.1249135
440	0.125406
441	0.12602380000000002
442	0.1268253
443	0.127417
444	0.1279979
445	0.1285975
446	0.1291829
447	0.1299254
448	0.1306364
449	0.1311205
450	0.1316655
451	0.132325
452	0.1330094
453	0.1332672
454	0.133718
455	0.13442910000000002
456	0.13482020000000003
457	0.1353365
458	0.13597479999999998
459	0.1365504
460	0.137151
461	0.1376704
462	0.1380232
463	0.1383831
464	0.138843
465	0.1394078
466	0.13994389999999998
467	0.14022590000000001
468	0.1403205
469	0.1405968
470	0.14107750000000002
471	0.1416397
472	0.14208959999999998
473	0.1425743
474	0.1430369
475	0.14342760000000002
476	0.14388389999999998
477	0.14437550000000002
478	0.1448762
479	0.1453981
480	0.1458739
481	0.1462957
482	0.1467037
483	0.1472059
484	0.14775739999999998
485	0.1482635
486	0.1487519
487	0.14927089999999998
488	0.1498476
489	0.1504384
490	0.1508398
491	0.15112420000000001
492	0.15189229999999998
493	0.1525714
494	0.15308239999999998
495	0.1536414
496	0.15426320000000002
497	0.154924
498	0.1555726
499	0.1561191
500	0.15668420000000002
501	0.1573383
502	0.15794249999999999
503	0.15844520000000004
504	0.158908
505	0.15957770000000002
506	0.1602501
507	0.1608829
508	0.1615084
509	0.16218339999999998
510	0.16283979999999998
511	0.16341229999999998
512	0.16403620000000002
513	0.1646529
514	0.16523320000000002
515	0.1658552
516	0.1665117
517	0.1671954
518	0.16790039999999998
519	0.1685904
520	0.1692231
521	0.1697649
522	0.17039749999999998
523	0.17109639999999998
524	0.1718
525	0.1724856
526	0.1731834
527	0.17388829999999997
528	0.1745095
529	0.1751865
530	0.1759318
531	0.1766625
532	0.17737329999999998
533	0.17808670000000001
534	0.17883179999999999
535	0.179554
536	0.1802638
537	0.18099189999999998
538	0.1818089
539	0.18259289999999997
540	0.18331029999999998
541	0.1840517
542	0.1848338
543	0.18565299999999998
544	0.18648520000000002
545	0.18732449999999998
546	0.1881394
547	0.1889094
548	0.18971429999999997
549	0.1905924
550	0.19155250000000001
551	0.1925662
552	0.1935579
553	0.19453710000000002
554	0.1956154
555	0.1967178
556	0.1977833
557	0.198764
558	0.19977179999999997
559	0.20078089999999998
560	0.20175739999999998
561	0.20272320000000002
562	0.20369500000000001
563	0.2046684
564	0.2055887
565	0.2065042
566	0.20742460000000001
567	0.2083246
568	0.2092592
569	0.21020210000000003
570	0.2111051
571	0.2119762
572	0.21280970000000002
573	0.2136179
574	0.21446469999999998
575	0.215371
576	0.216295
577	0.2171013
578	0.2179741
579	0.21887020000000001
580	0.2196478
581	0.22044699999999998
582	0.2212387
583	0.22198220000000002
584	0.2227492
585	0.2234803
586	0.2241551
587	0.2248404
588	0.22552110000000003
589	0.2261891
590	0.2268373
591	0.2274712
592	0.2280518
593	0.22853690000000002
594	0.2289745
595	0.22942070000000003
596	0.2299167
597	0.23047240000000002
598	0.2310844
599	0.2317266
600	0.23235949999999997
601	0.2329888
602	0.23360129999999998
603	0.23418320000000004
604	0.2347174
605	0.2352605
606	0.23585429999999996
607	0.2364183
608	0.23694389999999999
609	0.2374525
610	0.2380164
611	0.2385647
612	0.2390855
613	0.23959940000000002
614	0.2401282
615	0.2406646
616	0.2411907
617	0.2417067
618	0.2422119
619	0.2427064
620	0.2431986
621	0.2436853
622	0.2441712
623	0.2446728
624	0.24517840000000002
625	0.2456607
626	0.24609699999999998
627	0.24655770000000002
628	0.247052
629	0.2475634
630	0.24801750000000003
631	0.24847629999999998
632	0.2489598
633	0.24942579999999998
634	0.2498856
635	0.2503543
636	0.2508461
637	0.2513307
638	0.2518048
639	0.2522623
640	0.2526584
641	0.2530786
642	0.2535559
643	0.2540271
644	0.2544954
645	0.2549537
646	0.2553934
647	0.25581929999999997
648	0.2562604
649	0.25674
650	0.2572008
651	0.25762240000000003
652	0.25802179999999997
653	0.25849429999999995
654	0.25897339999999996
655	0.25942719999999997
656	0.2598435
657	0.2602693
658	0.2607107
659	0.2611564
660	0.26159
661	0.26201979999999997
662	0.26245300000000005
663	0.26289159999999995
664	0.26334409999999997
665	0.2637993
666	0.2642241
667	0.26465170000000005
668	0.2650759
669	0.2654801
670	0.2658855
671	0.2662948
672	0.26671290000000003
673	0.26716290000000004
674	0.2675984
675	0.2680078
676	0.2684198
677	0.2688566
678	0.2692949
679	0.2696941
680	0.27012379999999997
681	0.2705676
682	0.2709991
683	0.2714156
684	0.27185149999999997
685	0.2722992
686	0.27268600000000004
687	0.2730832
688	0.2734989
689	0.2739173
690	0.2743756
691	0.2748512
692	0.2753145
693	0.27574390000000004
694	0.2761679
695	0.2765921
696	0.2769733
697	0.277362
698	0.2777725
699	0.2781982
700	0.2785848
701	0.2789773
702	0.2794158
703	0.2798333
704	0.2802395
705	0.28064479999999997
706	0.28105959999999997
707	0.28148429999999997
708	0.28190170000000003
709	0.2822872
710	0.28269320000000003
711	0.2830937
712	0.2834665
713	0.28387629999999997
714	0.2843029
715	0.2847259
716	0.2851287
717	0.2855045
718	0.2858834
719	0.2863131
720	0.2867111
721	0.2870995
722	0.28750549999999997
723	0.287883
724	0.28827559999999997
725	0.2886945
726	0.2890991
727	0.28949240000000004
728	0.2898788
729	0.2902699
730	0.2906942
731	0.29110559999999996
732	0.2914723
733	0.29186809999999996
734	0.2922628
735	0.29264409999999996
736	0.2930275
737	0.29339679999999996
738	0.2937616
739	0.29414209999999996
740	0.2945205
741	0.29490659999999996
742	0.2953037
743	0.2956747
744	0.29604040000000004
745	0.29640900000000003
746	0.2967728
747	0.2971519
748	0.2975326
749	0.2978929
750	0.29826820000000004
751	0.29863759999999995
752	0.2989901
753	0.2993658
754	0.2997415
755	0.30011140000000003
756	0.3004895
757	0.3008542
758	0.3012068
759	0.30155440000000006
760	0.30189190000000005
761	0.3022424
762	0.3026127
763	0.30296409999999996
764	0.3033219
765	0.303684
766	0.3040262
767	0.3043531
768	0.3046778
769	0.3050131
770	0.30534609999999995
771	0.3056804
772	0.306021
773	0.30637759999999997
774	0.30670290000000006
775	0.3070069
776	0.30733540000000004
777	0.3076567
778	0.307969
779	0.3082765
780	0.3085887
781	0.3089166
782	0.3092498
783	0.3095446
784	0.3098474
785	0.31016309999999997
786	0.3104784
787	0.3107787
788	0.3110607
789	0.3113298
790	0.31160720000000003
791	0.31188130000000003
792	0.3121507
793	0.3124234
794	0.3126884
795	0.31294920000000004
796	0.3132153
797	0.31350459999999997
798	0.31378629999999996
799	0.3140425
800	0.31429470000000004
801	0.31455559999999994
802	0.31481190000000003
803	0.3150333
804	0.3152776
805	0.3155275
806	0.3157598
807	0.316011
808	0.3162507
809	0.3164749
810	0.3167228
811	0.3169717
812	0.3172096
813	0.3174274
814	0.3176226
815	0.3178233
816	0.3180437
817	0.3182475
818	0.31845209999999996
819	0.318659
820	0.318857
821	0.3190562
822	0.3192468
823	0.3194212
824	0.31960340000000004
825	0.3197864
826	0.3199679
827	0.3201564
828	0.3203466
829	0.320524
830	0.32067249999999997
831	0.320825
832	0.32100120000000004
833	0.321201
834	0.32137519999999997
835	0.32154320000000003
836	0.32170390000000004
837	0.3218364
838	0.3220099
839	0.3222025
840	0.3223717
841	0.3225258
842	0.32265520000000003
843	0.322773
844	0.3229362
845	0.32309679999999996
846	0.323239
847	0.3233643
848	0.32351640000000004
849	0.32367290000000004
850	0.3238162
851	0.3239778
852	0.3241248
853	0.3242518
854	0.3243769
855	0.3244884
856	0.3246133
857	0.3247724
858	0.324918
859	0.32502990000000004
860	0.32512140000000006
861	0.32525490000000007
862	0.3253517
863	0.32542009999999993
864	0.32551009999999997
865	0.325709
866	0.3259015
867	0.3260131
868	0.32610370000000005
869	0.326236
870	0.3263954
871	0.32651640000000004
872	0.3266338
873	0.32674109999999995
874	0.326841
875	0.32699770000000006
876	0.327129
877	0.3272281
878	0.3273676
879	0.3274951
880	0.327625
881	0.3277775
882	0.32790440000000004
883	0.3280147
884	0.3281235
885	0.32824990000000004
886	0.32841940000000003
887	0.32860259999999997
888	0.32874840000000005
889	0.3288477
890	0.3289522
891	0.32909440000000006
892	0.32925290000000007
893	0.32938590000000006
894	0.3295051
895	0.3296525
896	0.3297755
897	0.3299105
898	0.330081
899	0.3302242
900	0.33036459999999995
901	0.33050159999999995
902	0.3306159
903	0.33077890000000004
904	0.3309487
905	0.33107709999999996
906	0.3312131
907	0.3313684
908	0.3315296
909	0.33165370000000005
910	0.33177199999999996
911	0.33189309999999994
912	0.3320235
913	0.33219940000000003
914	0.33238
915	0.3325377
916	0.3326726
917	0.33279990000000004
918	0.3329368
919	0.33309440000000007
920	0.3332348
921	0.33337140000000004
922	0.333517
923	0.33367290000000005
924	0.3338505
925	0.3340263
926	0.3341637
927	0.33429899999999996
928	0.3344792
929	0.3347039
930	0.33485879999999996
931	0.3350034
932	0.3351607
933	0.33533470000000004
934	0.3355085
935	0.33567779999999997
936	0.3358377
937	0.33597140000000003
938	0.3360829
939	0.33622379999999996
940	0.3364667
941	0.33662559999999997
942	0.33676799999999996
943	0.3369672
944	0.3371571
945	0.33734949999999997
946	0.3375307
947	0.3376711
948	0.33784770000000003
949	0.3380528
950	0.33824990000000005
951	0.33836409999999995
952	0.33852909999999997
953	0.3387402
954	0.33887090000000003
955	0.3390385
956	0.3392122
957	0.3393508
958	0.339505
959	0.3396429
960	0.3397861
961	0.3400051
962	0.3401721
963	0.34030720000000003
964	0.3404561
965	0.3406078
966	0.3407913
967	0.3409946
968	0.3411645
969	0.34129840000000006
970	0.3414438
971	0.34164520000000004
972	0.3418919
973	0.3421047
974	0.3422625
975	0.34240479999999995
976	0.342586
977	0.34277929999999995
978	0.3429486
979	0.3431079
980	0.3432223
981	0.34332340000000006
982	0.3435038
983	0.3437838
984	0.34401770000000004
985	0.3441026
986	0.3442112
987	0.34433359999999996
988	0.344501
989	0.34476490000000004
990	0.3449232
991	0.345044
992	0.3452072
993	0.3453289
994	0.3455328
995	0.34577779999999997
996	0.34591109999999997
997	0.3460557
998	0.34619479999999997
999	0.3462976
1000	0.34634440000000005
1001	0.34581490000000004
1002	0.3459874
1003	0.3461514
1004	0.346387
1005	0.34646309999999997
1006	0.3464291
1007	0.3465007
1008	0.34644590000000003
1009	0.3465763
1010	0.3469536
1011	0.34715050000000003
1012	0.34736059999999996
1013	0.3475138
1014	0.34751170000000003
1015	0.347567
1016	0.3476862
1017	0.34782340000000006
1018	0.348002
1019	0.3482847
1020	0.34847670000000003
1021	0.3487018
1022	0.348825
1023	0.34880690000000003
1024	0.3489042
1025	0.34897259999999997
1026	0.3490926
1027	0.3492784
1028	0.34957340000000003
1029	0.3496482
1030	0.34961129999999996
1031	0.3496818
1032	0.3496323
1033	0.3497531
1034	0.3500652
1035	0.3502499
1036	0.3504422
1037	0.3506035
1038	0.3507156
1039	0.3508343
1040	0.3510228
1041	0.35106570000000004
1042	0.3511126
1043	0.351052
1044	0.3512014
1045	0.3514268
1046	0.3515816
1047	0.3519412
1048	0.3520311
1049	0.35176799999999997
1050	0.35181979999999996
1051	0.35195590000000004
1052	0.35206309999999996
1053	0.35235500000000003
1054	0.3525574
1055	0.3527302
1056	0.3527752
1057	0.3528361
1058	0.35285679999999997
1059	0.3529452
1060	0.3529618
1061	0.3531147
1062	0.3534816
1063	0.35361509999999996
1064	0.35365490000000005
1065	0.3537539
1066	0.3537706
1067	0.3538205
1068	0.3539711
1069	0.3540098
1070	0.35414179999999995
1071	0.3542563
1072	0.3543766
1073	0.3545917
1074	0.35472529999999997
1075	0.3547636
1076	0.35487909999999995
1077	0.35505390000000003
1078	0.3551488
1079	0.3551573
1080	0.35528909999999997
1081	0.355471
1082	0.35561040000000005
1083	0.3558142
1084	0.35610149999999996
1085	0.35621149999999996
1086	0.35614029999999997
1087	0.3562436
1088	0.35635120000000003
1089	0.3564741
1090	0.35672790000000004
1091	0.3568765
1092	0.3569204
1093	0.3570474
1094	0.35724090000000003
1095	0.3573264
1096	0.3573594
1097	0.35743800000000003
1098	0.3574806
1099	0.35756550000000004
1100	0.35770440000000003
1101	0.3580118
1102	0.3581507
1103	0.35819409999999996
1104	0.35830609999999996
1105	0.35841890000000004
1106	0.3585223
1107	0.3586809
1108	0.3587714
1109	0.3588205
1110	0.3588013
1111	0.35886890000000005
1112	0.35903559999999995
1113	0.35913
1114	0.35917859999999996
1115	0.35928390000000004
1116	0.3593551
1117	0.359435
1118	0.3595831
1119	0.35969429999999997
1120	0.35973320000000003
1121	0.3598002
1122	0.359908
1123	0.36002399999999996
1124	0.3601497
1125	0.36022719999999997
1126	0.3603965
1127	0.3604978
1128	0.3604659
1129	0.3605285
1130	0.36067540000000003
1131	0.36090700000000003
1132	0.361002
1133	0.3611207
1134	0.3612488
1135	0.36126379999999997
1136	0.3613353
1137	0.36152209999999996
1138	0.361635
1139	0.3616683
1140	0.3617136
1141	0.36181290000000005
1142	0.36201490000000003
1143	0.36219309999999993
1144	0.36222790000000005
1145	0.3622748
1146	0.36223779999999994
1147	0.36229770000000006
1148	0.3623835
1149	0.3624862
1150	0.3626388
1151	0.36273679999999997
1152	0.36279079999999997
1153	0.36291609999999996
1154	0.363023
1155	0.36307990000000007
1156	0.36314070000000004
1157	0.3632214
1158	0.3633566
1159	0.36352890000000004
1160	0.3636331
1161	0.3637534
1162	0.36388159999999997
1163	0.36392909999999995
1164	0.3640503
1165	0.3643106
1166	0.36444340000000003
1167	0.36445370000000005
1168	0.3645826
1169	0.3647739
1170	0.36487359999999996
1171	0.3649929
1172	0.36516309999999996
1173	0.36520929999999996
1174	0.365262
1175	0.36543390000000003
1176	0.3656238
1177	0.36574609999999996
1178	0.3658263
1179	0.3659507
1180	0.366028
1181	0.3661467
1182	0.36636979999999997
1183	0.3664986
1184	0.36655329999999997
1185	0.36663
1186	0.36681199999999997
1187	0.36697729999999995
1188	0.36704840000000005
1189	0.36710370000000003
1190	0.36720349999999996
1191	0.36732159999999997
1192	0.3674467
1193	0.36758029999999997
1194	0.36771479999999995
1195	0.3677748
1196	0.3678573
1197	0.3679815
1198	0.3681076
1199	0.3682202
1200	0.36828679999999997
1201	0.3683738
1202	0.3685159
1203	0.3686031
1204	0.3686662
1205	0.36881729999999996
1206	0.3689906
1207	0.36911459999999996
1208	0.3692172
1209	0.36931220000000003
1210	0.3694298
1211	0.36958850000000004
1212	0.3697388
1213	0.3698848
1214	0.3700642
1215	0.3701679
1216	0.3702078
1217	0.37028790000000006
1218	0.3704349
1219	0.3705467
1220	0.3706888
1221	0.3708868
1222	0.37099770000000004
1223	0.3710785
1224	0.37123059999999997
1225	0.3713856
1226	0.371516
1227	0.37164369999999997
1228	0.3717678
1229	0.37186199999999997
1230	0.37198259999999994
1231	0.372118
1232	0.372248
1233	0.3723867
1234	0.37253559999999997
1235	0.3726433
1236	0.3727545
1237	0.3729
1238	0.3730116
1239	0.3731407
1240	0.3732614
1241	0.3733632
1242	0.373531
1243	0.37368640000000003
1244	0.3737712
1245	0.3738805
1246	0.3740102
1247	0.3741238
1248	0.3742578
1249	0.374388
1250	0.37452379999999996
1251	0.3746226
1252	0.3747368
1253	0.37491620000000003
1254	0.3750901
1255	0.37521940000000004
1256	0.37539240000000007
1257	0.3755158
1258	0.3756032
1259	0.3757782
1260	0.3759214
1261	0.3760324
1262	0.3761758
1263	0.3762781
1264	0.37637909999999997
1265	0.3765151
1266	0.3766434
1267	0.3767919
1268	0.3769288
1269	0.3770481
1270	0.3771982
1271	0.37735640000000004
1272	0.3774301
1273	0.377542
1274	0.3777333
1275	0.37786279999999994
1276	0.3780295
1277	0.3782238
1278	0.378323
1279	0.3784464
1280	0.3786277
1281	0.37873920000000005
1282	0.3787934
1283	0.37892370000000003
1284	0.3790711
1285	0.37918
1286	0.3793297
1287	0.3794858
1288	0.379616
1289	0.37971859999999996
1290	0.3798984
1291	0.3800485
1292	0.38010759999999993
1293	0.3802052
1294	0.3803508
1295	0.38051929999999995
1296	0.3806535
1297	0.38073609999999997
1298	0.3808492
1299	0.38093390000000005
1300	0.38099970000000005
1301	0.3811741
1302	0.38133059999999996
1303	0.38143140000000003
1304	0.38157759999999996
1305	0.38170770000000004
1306	0.3818453
1307	0.3819514
1308	0.38208990000000004
1309	0.3822556
1310	0.3824052
1311	0.38252509999999995
1312	0.3826446
1313	0.3827183
1314	0.38280840000000005
1315	0.38297109999999995
1316	0.3831034
1317	0.38321500000000003
1318	0.3833101
1319	0.3834046
1320	0.3835356
1321	0.3836584
1322	0.38384209999999996
1323	0.3840342
1324	0.3841449
1325	0.384251
1326	0.3843926
1327	0.3845547
1328	0.38469169999999997
1329	0.38483229999999996
1330	0.3849776
1331	0.3850874
1332	0.3852131
1333	0.3853184
1334	0.3854459
1335	0.385617
1336	0.3856961
1337	0.3857913
1338	0.38593520000000003
1339	0.38602770000000003
1340	0.386139
1341	0.38629949999999996
1342	0.386455
1343	0.3865357
1344	0.3866029
1345	0.3867339
1346	0.3868187
1347	0.3868908
1348	0.3870183
1349	0.38713509999999995
1350	0.3871975
1351	0.38728290000000004
1352	0.387421
1353	0.38750409999999996
1354	0.3875491
1355	0.3875913
1356	0.38764879999999996
1357	0.38771009999999995
1358	0.3877927
1359	0.38792909999999997
1360	0.3880214
1361	0.38807729999999996
1362	0.3881849
1363	0.38826700000000003
1364	0.3883198
1365	0.3884278
1366	0.3885229
1367	0.38854140000000004
1368	0.38857309999999995
1369	0.3886058
1370	0.38860459999999997
1371	0.3885781
1372	0.38854959999999994
1373	0.3884873
1374	0.3884448
1375	0.38843099999999997
1376	0.3883326
1377	0.3882295
1378	0.38811640000000003
1379	0.3879176
1380	0.3877172
1381	0.38753649999999995
1382	0.3873586
1383	0.3872171
1384	0.387067
1385	0.3868399
1386	0.3866075
1387	0.3864224
1388	0.3861886
1389	0.385898
1390	0.38563259999999994
1391	0.385327
1392	0.3850102
1393	0.384738
1394	0.3844276
1395	0.38410320000000003
1396	0.3837576
1397	0.3833537
1398	0.38292
1399	0.3824925
1400	0.38201640000000003
1401	0.3815168
1402	0.38109240000000005
1403	0.3806962
1404	0.3802606
1405	0.379832
1406	0.3794278
1407	0.3790345
1408	0.37864570000000003
1409	0.3783087
1410	0.37809299999999996
1411	0.3779046
1412	0.3777857
1413	0.3777988
1414	0.3779265
1415	0.3782494
1416	0.378697
1417	0.3792208
1418	0.37981149999999997
1419	0.38042940000000003
1420	0.3810055
1421	0.3815405
1422	0.3821372
1423	0.38278909999999994
1424	0.3833116
1425	0.38379800000000003
1426	0.3843317
1427	0.3848185
1428	0.3852733
1429	0.3857998
1430	0.3863614
1431	0.3868517
1432	0.38727009999999995
1433	0.38771100000000003
1434	0.38816059999999997
1435	0.3885627
1436	0.3889553
1437	0.389329
1438	0.3896855
1439	0.3900763
1440	0.3904405
1441	0.39077870000000003
1442	0.39114699999999997
1443	0.3914857
1444	0.3917949
1445	0.3921152
1446	0.39239959999999996
1447	0.3926551
1448	0.392935
1449	0.39318459999999994
1450	0.3933974
1451	0.3936341
1452	0.3938874
1453	0.3941039
1454	0.3943239
1455	0.3945276
1456	0.39469499999999996
1457	0.39484040000000004
1458	0.3949508
1459	0.3951133
1460	0.39528779999999997
1461	0.3954291
1462	0.3955999
1463	0.3957893
1464	0.3959519
1465	0.3961421
1466	0.39636350000000004
1467	0.396595
1468	0.3968134
1469	0.3970258
1470	0.39728850000000004
1471	0.3975384
1472	0.39775429999999995
1473	0.39798829999999996
1474	0.3982004
1475	0.39841279999999996
1476	0.3986617
1477	0.39890040000000004
1478	0.3991634
1479	0.39941190000000004
1480	0.3996015
1481	0.39982729999999994
1482	0.40004759999999995
1483	0.4002445
1484	0.4004389
1485	0.4006563
1486	0.40087009999999995
1487	0.4010593
1488	0.40125079999999996
1489	0.4014749
1490	0.4016482
1491	0.40175900000000003
1492	0.401948
1493	0.40219
1494	0.4023286
1495	0.4025098
1496	0.4027362
1497	0.40287890000000004
1498	0.4030571
1499	0.4032983
1500	0.40351950000000003
1501	0.40367600000000003
1502	0.4038503
1503	0.40409029999999996
1504	0.40421050000000003
1505	0.4043095
1506	0.4045302
1507	0.404719
1508	0.4048736
1509	0.4050658
1510	0.4052513
1511	0.4053757
1512	0.4055003
1513	0.40569099999999997
1514	0.40586479999999997
1515	0.4059719
1516	0.4060785
1517	0.40626490000000004
1518	0.4064696
1519	0.4066116
1520	0.40675490000000003
1521	0.4069056
1522	0.4070011
1523	0.407121
1524	0.4072893
1525	0.4074297
1526	0.40751950000000003
1527	0.4076484
1528	0.4078193
1529	0.4079719
1530	0.4081105
1531	0.40825359999999994
1532	0.4084124
1533	0.4085683
1534	0.4087215
1535	0.4088632
1536	0.4090665
1537	0.4092205
1538	0.4093182
1539	0.4094394
1540	0.4095382
1541	0.4096581
1542	0.4098017
1543	0.4099342000000001
1544	0.41008820000000007
1545	0.41020390000000007
1546	0.4103036
1547	0.4104308
1548	0.41052790000000006
1549	0.4106234
1550	0.4107491
1551	0.4108637
1552	0.4109603
1553	0.41105119999999995
1554	0.41114129999999993
1555	0.4112629
1556	0.41139529999999996
1557	0.4115445
1558	0.41171540000000006
1559	0.411846
1560	0.4119874
1561	0.4121401
1562	0.41223230000000005
1563	0.4123257000000001
1564	0.41247159999999994
1565	0.41259929999999995
1566	0.4127153
1567	0.4128493
1568	0.41296819999999995
1569	0.4131129
1570	0.41325550000000005
1571	0.4133405
1572	0.4134677
1573	0.41363140000000004
1574	0.4137355
1575	0.4138743
1576	0.41402259999999996
1577	0.4141653
1578	0.41431190000000007
1579	0.4144874
1580	0.41462659999999996
1581	0.4147727
1582	0.4148965
1583	0.4149626
1584	0.41507269999999996
1585	0.41521199999999997
1586	0.4153174
1587	0.4154
1588	0.4155207
1589	0.4156601
1590	0.4157688
1591	0.4158723
1592	0.4160148
1593	0.41617070000000006
1594	0.4163037
1595	0.41640109999999997
1596	0.41650820000000005
1597	0.416645
1598	0.41671090000000005
1599	0.4167866
1600	0.4169407
1601	0.4170632000000001
1602	0.4171392
1603	0.4172448
1604	0.417411
1605	0.4175592000000001
1606	0.41763599999999995
1607	0.4177233
1608	0.41785
1609	0.41796590000000006
1610	0.4180481
1611	0.41817529999999997
1612	0.4183459
1613	0.4184451
1614	0.4185379
1615	0.41868359999999993
1616	0.41878519999999997
1617	0.41885390000000006
1618	0.4189927
1619	0.4191983
1620	0.419365
1621	0.4194527
1622	0.41954030000000003
1623	0.4196386
1624	0.419746
1625	0.41986359999999995
1626	0.4199928
1627	0.4201398
1628	0.42021499999999995
1629	0.42025150000000006
1630	0.4203436
1631	0.420471
1632	0.42054079999999994
1633	0.4205899
1634	0.4207315
1635	0.42087109999999994
1636	0.4209602
1637	0.42106640000000006
1638	0.4211809
1639	0.42127939999999997
1640	0.4213736
1641	0.42151239999999995
1642	0.4216808
1643	0.4218005999999999
1644	0.42187399999999997
1645	0.4219553
1646	0.4220731
1647	0.4222234
1648	0.4223889
1649	0.4225446
1650	0.4226613
1651	0.42273640000000007
1652	0.4227925
1653	0.4228768
1654	0.42299790000000004
1655	0.4231263
1656	0.42325390000000007
1657	0.4233717000000001
1658	0.4234880999999999
1659	0.42360509999999996
1660	0.4237289000000001
1661	0.42384890000000003
1662	0.4239395
1663	0.42406099999999997
1664	0.4242095
1665	0.42430829999999997
1666	0.42440649999999996
1667	0.4245244000000001
1668	0.4245866
1669	0.4246491
1670	0.42477440000000005
1671	0.4248706
1672	0.42494490000000007
1673	0.4250603
1674	0.4251677
1675	0.4252897
1676	0.4254050999999999
1677	0.42545109999999997
1678	0.42552299999999993
1679	0.42561049999999995
1680	0.42565459999999994
1681	0.425742
1682	0.42586190000000007
1683	0.4259405
1684	0.4260162
1685	0.42613409999999996
1686	0.4262573
1687	0.4263237
1688	0.4263911
1689	0.4265175
1690	0.42660649999999994
1691	0.42667840000000007
1692	0.4267715
1693	0.4268385
1694	0.4269452
1695	0.4270705
1696	0.4271625
1697	0.4272344
1698	0.42729290000000003
1699	0.4273755
1700	0.42748450000000005
1701	0.42758640000000003
1702	0.4276038
1703	0.4276352
1704	0.4277593
1705	0.42782609999999993
1706	0.4278767
1707	0.4279847
1708	0.42806059999999996
1709	0.428116
1710	0.4282210999999999
1711	0.42832109999999995
1712	0.42838590000000004
1713	0.42845839999999996
1714	0.4285695
1715	0.4287084
1716	0.4287943
1717	0.4288514
1718	0.4289673
1719	0.42909899999999995
1720	0.4292063
1721	0.42932609999999993
1722	0.4293919
1723	0.4293872
1724	0.429417
1725	0.4294617
1726	0.42951819999999996
1727	0.42960459999999995
1728	0.429676
1729	0.4297904000000001
1730	0.429879
1731	0.4298479
1732	0.42981640000000004
1733	0.4298491
1734	0.4299197
1735	0.42999209999999993
1736	0.43008820000000003
1737	0.4301679
1738	0.4301772
1739	0.4302205
1740	0.4302548
1741	0.4302287
1742	0.4302869000000001
1743	0.43039929999999993
1744	0.4304388
1745	0.430457
1746	0.43047070000000004
1747	0.43044970000000005
1748	0.4304781
1749	0.43056629999999996
1750	0.43064759999999996
1751	0.4307258
1752	0.4308317
1753	0.4309013
1754	0.4308352
1755	0.4308693
1756	0.43094840000000006
1757	0.43099709999999997
1758	0.43110240000000005
1759	0.43116590000000005
1760	0.43115159999999997
1761	0.43120290000000006
1762	0.43125969999999997
1763	0.43135159999999995
1764	0.4315312
1765	0.431633
1766	0.43169359999999996
1767	0.431749
1768	0.43183869999999996
1769	0.43195390000000006
1770	0.4319964
1771	0.4319582
1772	0.4319527
1773	0.4319988
1774	0.43206720000000004
1775	0.4321092000000001
1776	0.43210459999999995
1777	0.43215690000000007
1778	0.43226559999999997
1779	0.43234929999999994
1780	0.43241549999999995
1781	0.43246759999999995
1782	0.43251629999999996
1783	0.43261499999999997
1784	0.4327462
1785	0.43280050000000003
1786	0.4327675
1787	0.43279220000000007
1788	0.4329014
1789	0.43297299999999994
1790	0.43298159999999997
1791	0.4330186
1792	0.4331496
1793	0.4333076
1794	0.43343240000000005
1795	0.4334848
1796	0.4334589
1797	0.4335325
1798	0.4336945
1799	0.43381210000000003
1800	0.43391949999999996
1801	0.43345600000000006
1802	0.43359140000000007
1803	0.43365690000000007
1804	0.4338111
1805	0.43390209999999996
1806	0.43379209999999996
1807	0.43372879999999997
1808	0.43382709999999997
1809	0.43385640000000003
1810	0.43395329999999993
1811	0.4341577999999999
1812	0.43427609999999994
1813	0.4344066
1814	0.4344523
1815	0.4345227
1816	0.43454030000000005
1817	0.4344093
1818	0.4344803
1819	0.4346459
1820	0.4349187
1821	0.43506859999999997
1822	0.43528100000000003
1823	0.4355893
1824	0.43560950000000004
1825	0.4355395
1826	0.43567829999999996
1827	0.435799
1828	0.4358595
1829	0.4358972
1830	0.4360375
1831	0.436188
1832	0.43630109999999994
1833	0.4364812
1834	0.43660590000000005
1835	0.43657070000000003
1836	0.4365581
1837	0.43659390000000003
1838	0.4366056
1839	0.43673900000000004
1840	0.4369883
1841	0.4372132
1842	0.4373924
1843	0.43753279999999994
1844	0.43761409999999995
1845	0.43760770000000004
1846	0.4376417
1847	0.4377554
1848	0.4377492
1849	0.4376445
1850	0.43757240000000003
1851	0.437633
1852	0.437633
1853	0.43762159999999994
1854	0.437672
1855	0.4377074000000001
1856	0.4376178
1857	0.4376116
1858	0.4377015
1859	0.4378116
1860	0.4378518
1861	0.437758
1862	0.4374969
1863	0.4372374
1864	0.4370638
1865	0.4368857
1866	0.4366866
1867	0.4365918
1868	0.43647600000000003
1869	0.43621170000000004
1870	0.4359548
1871	0.4358219
1872	0.435593
1873	0.4351786
1874	0.43477440000000006
1875	0.43438760000000004
1876	0.4340050999999999
1877	0.4335435
1878	0.43297120000000006
1879	0.43233130000000003
1880	0.43166329999999997
1881	0.430904
1882	0.42998559999999997
1883	0.42894940000000004
1884	0.427788
1885	0.4264233
1886	0.42487759999999997
1887	0.4232898
1888	0.42154430000000004
1889	0.41960569999999997
1890	0.41745959999999993
1891	0.41504079999999993
1892	0.41255230000000004
1893	0.4098893
1894	0.4068193
1895	0.4038465
1896	0.40077579999999996
1897	0.3978127
1898	0.3948567
1899	0.3921535
1900	0.3896438
1901	0.38739309999999993
1902	0.3854437
1903	0.38369159999999997
1904	0.3823567
1905	0.38148340000000003
1906	0.3808086
1907	0.3801535
1908	0.37998119999999996
1909	0.38002090000000005
1910	0.3801142
1911	0.3803875
1912	0.38070590000000004
1913	0.38131390000000004
1914	0.3820597
1915	0.38278520000000005
1916	0.38362540000000006
1917	0.3847222
1918	0.3856819
1919	0.3865659
1920	0.3877049
1921	0.3888438
1922	0.38989250000000003
1923	0.39089850000000004
1924	0.3919007
1925	0.3929765
1926	0.3941112
1927	0.3951388
1928	0.3960468
1929	0.3971284
1930	0.39815159999999994
1931	0.3989685
1932	0.3998394
1933	0.40077890000000005
1934	0.4015568
1935	0.4021645
1936	0.40286479999999997
1937	0.4036444
1938	0.404424
1939	0.4049993
1940	0.4055893
1941	0.4064312
1942	0.4072587
1943	0.4077889
1944	0.4083605
1945	0.40913
1946	0.40966400000000003
1947	0.4101403
1948	0.4106229
1949	0.41126140000000005
1950	0.4117035
1951	0.4121073
1952	0.41261980000000004
1953	0.4132188
1954	0.4136455
1955	0.41400349999999997
1956	0.41450929999999997
1957	0.4151444
1958	0.41564589999999996
1959	0.416171
1960	0.4167023
1961	0.41709490000000005
1962	0.4176353
1963	0.41815050000000004
1964	0.4184875
1965	0.4189173
1966	0.41944090000000006
1967	0.4198688
1968	0.42029229999999995
1969	0.4208024
1970	0.4213769
1971	0.4216710999999999
1972	0.42213059999999997
1973	0.42267780000000005
1974	0.42304480000000005
1975	0.423422
1976	0.42384440000000007
1977	0.4243662
1978	0.4248767
1979	0.425461
1980	0.4259832
1981	0.4265622
1982	0.42689609999999995
1983	0.42726499999999995
1984	0.4278125
1985	0.4282281
1986	0.4287066
1987	0.42937
1988	0.4299134
1989	0.4303537
1990	0.4308245
1991	0.4312891
1992	0.4316157
1993	0.4320157
1994	0.4324496
1995	0.4330251
1996	0.43343909999999997
1997	0.43376970000000004
1998	0.4343286
1999	0.43484399999999995
2000	0.43522619999999995
2001	0.43574579999999996
2002	0.4362829000000001
2003	0.4368013
2004	0.43724120000000005
2005	0.43773850000000003
2006	0.4382062
2007	0.43852399999999997
2008	0.4388666
2009	0.4393068
2010	0.4397491
2011	0.4401685
2012	0.4405366
2013	0.4409879
2014	0.441608
2015	0.4419867
2016	0.4421888
2017	0.44260920000000004
2018	0.4430406
2019	0.44339350000000005
2020	0.44394179999999994
2021	0.4443351
2022	0.44450470000000003
2023	0.44479140000000006
2024	0.445193
2025	0.4455925
2026	0.44593370000000004
2027	0.4462630999999999
2028	0.4465901
2029	0.44682849999999996
2030	0.44713679999999995
2031	0.4474941
2032	0.4479059
2033	0.4481875
2034	0.44839979999999996
2035	0.44880879999999995
2036	0.44921990000000006
2037	0.4495663
2038	0.44994579999999995
2039	0.4502634
2040	0.4504134
2041	0.45066369999999994
2042	0.45099340000000004
2043	0.4512639
2044	0.4515366
2045	0.4517857
2046	0.4518995
2047	0.45202259999999994
2048	0.4523399
2049	0.4525356
2050	0.4527281
2051	0.45301549999999996
2052	0.4532727
2053	0.4533683
2054	0.4535371
2055	0.45392250000000006
2056	0.4540732
2057	0.4540201
2058	0.4540628
2059	0.45437659999999996
2060	0.4543916
2061	0.4543636
2062	0.4547906
2063	0.45506019999999997
2064	0.45515600000000006
2065	0.45533429999999997
2066	0.455638
2067	0.45582429999999996
2068	0.45590280000000005
2069	0.4560041
2070	0.45604459999999997
2071	0.45624659999999995
2072	0.45636220000000005
2073	0.4565875
2074	0.45702
2075	0.4572394
2076	0.457392
2077	0.4576849
2078	0.4579393
2079	0.45821229999999996
2080	0.4583496
2081	0.45840590000000003
2082	0.4585348
2083	0.45856769999999997
2084	0.458682
2085	0.4589978
2086	0.4591143
2087	0.4589746
2088	0.45910609999999996
2089	0.4594695
2090	0.4597186
2091	0.45983859999999993
2092	0.4600013
2093	0.4601389
2094	0.46003140000000003
2095	0.46011599999999997
2096	0.4603999
2097	0.46057529999999997
2098	0.4607627
2099	0.46087340000000004
2100	0.4609496
2101	0.46098420000000007
2102	0.4611755
2103	0.46131350000000004
2104	0.4615157999999999
2105	0.46180379999999993
2106	0.46195579999999997
2107	0.46185240000000005
2108	0.4620351
2109	0.46243409999999996
2110	0.4626615
2111	0.4628505
2112	0.46309670000000003
2113	0.4633144
2114	0.4634603
2115	0.4634968
2116	0.4639223
2117	0.4641999
2118	0.46429960000000003
2119	0.46457299999999996
2120	0.46486400000000005
2121	0.46507829999999994
2122	0.46513329999999997
2123	0.46535129999999997
2124	0.4657821
2125	0.4658791
2126	0.4656745
2127	0.46583990000000003
2128	0.4661518
2129	0.46621769999999996
2130	0.46633459999999993
2131	0.46652040000000006
2132	0.4665651
2133	0.4665215999999999
2134	0.4667231
2135	0.46686179999999994
2136	0.46682029999999997
2137	0.46669279999999996
2138	0.4666201
2139	0.4666585
2140	0.46651279999999995
2141	0.4662354
2142	0.46600870000000005
2143	0.4656827
2144	0.4654515
2145	0.46537219999999996
2146	0.4650657
2147	0.46465290000000004
2148	0.4642858
2149	0.4638314
2150	0.4633069
2151	0.46298690000000003
2152	0.4626315
2153	0.4622607
2154	0.4618561
2155	0.4613928
2156	0.46095070000000005
2157	0.4603597
2158	0.4595169
2159	0.45894989999999997
2160	0.4585194
2161	0.45785470000000006
2162	0.4572465
2163	0.4566035
2164	0.4556262
2165	0.4548742
2166	0.4542696
2167	0.45378599999999997
2168	0.45306369999999996
2169	0.45221279999999997
2170	0.45141990000000004
2171	0.45065839999999996
2172	0.4499083
2173	0.44934309999999994
2174	0.44859390000000005
2175	0.4476349
2176	0.4468049
2177	0.4459595
2178	0.4452322
2179	0.444862
2180	0.44399970000000005
2181	0.4426755
2182	0.4417793
2183	0.4408974
2184	0.43995200000000007
2185	0.43923370000000006
2186	0.4385847
2187	0.43775200000000003
2188	0.4366343
2189	0.43570290000000006
2190	0.43472380000000005
2191	0.43362690000000004
2192	0.4321828
2193	0.4312289000000001
2194	0.4305433
2195	0.4295759
2196	0.4286115
2197	0.42779989999999996
2198	0.4269493
2199	0.4260813
2200	0.4253542
2201	0.42465690000000006
2202	0.423782
2203	0.4230804
2204	0.42274520000000004
2205	0.4221572
2206	0.4214917
2207	0.42101140000000004
2208	0.4207437
2209	0.42074809999999996
2210	0.42077879999999995
2211	0.4210266
2212	0.4213022
2213	0.4217003
2214	0.4219916
2215	0.4223287
2216	0.4227215999999999
2217	0.423205
2218	0.4234666
2219	0.42362510000000003
2220	0.4238673
2221	0.42388869999999995
2222	0.4240884
2223	0.4246438
2224	0.4249615
2225	0.42515420000000004
2226	0.4252959
2227	0.42553599999999997
2228	0.4258648
2229	0.42617029999999995
2230	0.4261672
2231	0.426179
2232	0.4264187
2233	0.42645550000000004
2234	0.42655150000000003
2235	0.426622
2236	0.42648909999999995
2237	0.42648509999999995
2238	0.4266504
2239	0.4267531
2240	0.42681890000000006
2241	0.4267942
2242	0.4267147
2243	0.42672669999999996
2244	0.4266987
2245	0.42669759999999995
2246	0.42675169999999996
2247	0.4268669
2248	0.4269744000000001
2249	0.42716040000000005
2250	0.4271655
2251	0.42723
2252	0.42750659999999996
2253	0.4276526
2254	0.4278714
2255	0.42825100000000005
2256	0.42856059999999996
2257	0.4286973
2258	0.4289286
2259	0.42936769999999996
2260	0.42955079999999995
2261	0.4294455
2262	0.4296787
2263	0.4299673
2264	0.4302962
2265	0.4309678
2266	0.4312834
2267	0.4312925
2268	0.43162959999999995
2269	0.4321383
2270	0.4322904
2271	0.432395
2272	0.43253820000000004
2273	0.4323032
2274	0.4324071
2275	0.4327654
2276	0.4328286
2277	0.4326604
2278	0.432579
2279	0.43267170000000005
2280	0.4327718
2281	0.4330451
2282	0.43326220000000004
2283	0.4331238
2284	0.4325803
2285	0.4323275
2286	0.4318478
2287	0.431799
2288	0.43220649999999994
2289	0.43218599999999996
2290	0.43208420000000003
2291	0.4320517
2292	0.43187659999999994
2293	0.4318014
2294	0.431996
2295	0.43194579999999994
2296	0.4315029
2297	0.43139209999999995
2298	0.43136890000000006
2299	0.4314471
2300	0.4320245
2301	0.4320859
2302	0.43179049999999997
2303	0.4317107
2304	0.43164659999999994
2305	0.4313822
2306	0.4313361
2307	0.4312277
2308	0.4306093
2309	0.4304179
2310	0.43086080000000004
2311	0.4310704000000001
2312	0.43101049999999996
2313	0.43103040000000004
2314	0.4308669
2315	0.4303938
2316	0.43021400000000004
2317	0.4303396
2318	0.4304812
2319	0.43082600000000004
2320	0.43072079999999996
2321	0.430389
2322	0.4304795
2323	0.4304996
2324	0.4303044
2325	0.4304221
2326	0.4305075
2327	0.4299103
2328	0.4298715
2329	0.43086359999999996
2330	0.43105649999999995
2331	0.43057049999999997
2332	0.4304912
2333	0.43025459999999993
2334	0.4303233
2335	0.43055119999999997
2336	0.4314385
2337	0.431979
2338	0.43178549999999993
2339	0.4317798
2340	0.431861
2341	0.43157029999999996
2342	0.4313505
2343	0.431188
2344	0.4311487
2345	0.43149529999999997
2346	0.4316682
2347	0.4316423
2348	0.4315405
2349	0.4314745
2350	0.4316831
2351	0.43152460000000004
2352	0.4309889
2353	0.43077429999999994
2354	0.4306174
2355	0.4303146
2356	0.43056590000000006
2357	0.4310777
2358	0.43130640000000003
2359	0.4316782
2360	0.4317335
2361	0.4317496
2362	0.4314616
2363	0.4312396
2364	0.4310138
2365	0.4309349
2366	0.4306765
2367	0.43072479999999996
2368	0.43128130000000003
2369	0.43133299999999997
2370	0.4310727
2371	0.4309978
2372	0.43105340000000003
2373	0.4307113
2374	0.43011759999999993
2375	0.429962
2376	0.42958290000000005
2377	0.42905509999999997
2378	0.42923100000000003
2379	0.42920020000000003
2380	0.42889740000000004
2381	0.428817
2382	0.4282982
2383	0.42769300000000005
2384	0.42776210000000003
2385	0.4272134
2386	0.42657259999999997
2387	0.4267508
2388	0.4264847
2389	0.4263272
2390	0.4266934
2391	0.42669830000000003
2392	0.42630390000000007
2393	0.4258303
2394	0.4255503
2395	0.4256147
2396	0.42544490000000007
2397	0.4248292
2398	0.42447840000000003
2399	0.4242502
2400	0.4241479
2401	0.4245142
2402	0.4245709
2403	0.42412910000000004
2404	0.4237692
2405	0.42351459999999996
2406	0.4236334
2407	0.42310909999999996
2408	0.42176679999999994
2409	0.4210534000000001
2410	0.4200248
2411	0.4189122
2412	0.4191295
2413	0.41964670000000004
2414	0.4194307
2415	0.4189069
2416	0.4179308
2417	0.41713059999999996
2418	0.4176982
2419	0.4177699
2420	0.41702659999999997
2421	0.416279
2422	0.4152588
2423	0.4149901
2424	0.4148295999999999
2425	0.41443690000000005
2426	0.4137617
2427	0.41249620000000004
2428	0.41173859999999995
2429	0.41141359999999993
2430	0.4104561
2431	0.4093022
2432	0.4091951
2433	0.40895770000000004
2434	0.40884509999999996
2435	0.4085551
2436	0.40814079999999997
2437	0.4077708
2438	0.4077008
2439	0.4070945
2440	0.4061532
2441	0.4051447
2442	0.403706
2443	0.40290879999999996
2444	0.40206440000000004
2445	0.4024085
2446	0.40405
2447	0.4037182
2448	0.4026152
2449	0.40297990000000006
2450	0.4036018
2451	0.4031691
2452	0.4039011
2453	0.4036046
2454	0.4001647
2455	0.39900209999999997
2456	0.3997718
2457	0.399451
2458	0.39922529999999995
2459	0.39949070000000003
2460	0.39983420000000003
2461	0.39901820000000005
2462	0.3978997
2463	0.3971066
2464	0.395447
2465	0.3941545
2466	0.3939152
2467	0.3927138
2468	0.3890087
2469	0.3887742
2470	0.3924196
2471	0.3924517
2472	0.3908377
2473	0.39190890000000006
2474	0.39401329999999996
2475	0.3922271
2476	0.3888255
2477	0.3901128
2478	0.39098190000000005
2479	0.389728
2480	0.393735
2481	0.39508259999999995
2482	0.38951640000000004
2483	0.3861545
2484	0.3848688
2485	0.3847845
2486	0.38416500000000003
2487	0.38246579999999997
2488	0.3828426
2489	0.3838473
2490	0.38197990000000004
2491	0.3820823
2492	0.3886077
2493	0.3899003
2494	0.38506799999999997
2495	0.38502770000000003
2496	0.38827890000000004
2497	0.3869557
2498	0.3850657
2499	0.3828052
2500	0.3749363
