350	0.10498769999999999
351	0.1058491
352	0.1011365
353	0.1014405
354	0.104245
355	0.1006766
356	0.1020243
357	0.10500439999999998
358	0.10418510000000002
359	0.10410309999999999
360	0.10501289999999999
361	0.1059692
362	0.1033728
363	0.10222460000000001
364	0.10357229999999999
365	0.1024962
366	0.10425350000000001
367	0.10661849999999999
368	0.10314660000000002
369	0.1032595
370	0.10559289999999999
371	0.1062338
372	0.10545719999999999
373	0.1054616
374	0.1073094
375	0.10820060000000001
376	0.10848800000000001
377	0.10863869999999999
378	0.1093862
379	0.1097507
380	0.10963830000000001
381	0.10941860000000002
382	0.1091214
383	0.1091326
384	0.1097999
385	0.11078110000000002
386	0.11162670000000001
387	0.1120626
388	0.11200910000000001
389	0.11314569999999999
390	0.1152681
391	0.115559
392	0.11541230000000001
393	0.11556960000000001
394	0.11659380000000001
395	0.11679860000000002
396	0.1163815
397	0.1160953
398	0.11697910000000002
399	0.1182167
400	0.1189053
401	0.11806269999999999
402	0.1183232
403	0.1198099
404	0.1191721
405	0.1193333
406	0.1203555
407	0.12099120000000001
408	0.1209222
409	0.12091289999999999
410	0.12175739999999999
411	0.12250610000000002
412	0.1230636
413	0.12346960000000001
414	0.1238058
415	0.1243125
416	0.12492850000000001
417	0.1251643
418	0.1254287
419	0.1258764
420	0.1265583
421	0.1272219
422	0.1276784
423	0.127878
424	0.1285135
425	0.1291144
426	0.1294108
427	0.12994360000000002
428	0.13069660000000002
429	0.13152270000000002
430	0.1320566
431	0.13256429999999997
432	0.1331656
433	0.1339273
434	0.1347025
435	0.1354423
436	0.1361362
437	0.1368429
438	0.13765379999999997
439	0.1385237
440	0.1389921
441	0.1395391
442	0.14030399999999998
443	0.1410283
444	0.1416603
445	0.1422828
446	0.1430514
447	0.1436354
448	0.1441097
449	0.14464449999999998
450	0.14536559999999998
451	0.1461396
452	0.1468523
453	0.1475021
454	0.14806979999999997
455	0.1486145
456	0.14931370000000002
457	0.1499016
458	0.15042260000000002
459	0.15104579999999998
460	0.1513847
461	0.1516249
462	0.152027
463	0.1525505
464	0.15305439999999998
465	0.1534937
466	0.15406129999999998
467	0.15465820000000002
468	0.1551882
469	0.1555177
470	0.15593970000000001
471	0.1564497
472	0.1569265
473	0.1574658
474	0.15792509999999998
475	0.15822879999999998
476	0.1587951
477	0.1592988
478	0.1596305
479	0.1601889
480	0.1607593
481	0.16126500000000002
482	0.161721
483	0.1621972
484	0.16273629999999997
485	0.1633432
486	0.1637015
487	0.164097
488	0.164749
489	0.1652731
490	0.16582760000000002
491	0.16646989999999998
492	0.167046
493	0.16770960000000001
494	0.168372
495	0.1687724
496	0.16935260000000002
497	0.170099
498	0.17083679999999998
499	0.1712656
500	0.1717042
501	0.17239029999999997
502	0.1731156
503	0.1737952
504	0.1744094
505	0.1750171
506	0.1756627
507	0.1763367
508	0.1769963
509	0.177609
510	0.1782394
511	0.1789512
512	0.1796392
513	0.180284
514	0.1809169
515	0.1816944
516	0.18238410000000002
517	0.18296279999999998
518	0.18362920000000002
519	0.1843144
520	0.1850032
521	0.1856929
522	0.18640820000000002
523	0.187124
524	0.18782020000000002
525	0.1885456
526	0.1892824
527	0.1900241
528	0.1908083
529	0.19157420000000003
530	0.1923074
531	0.1930311
532	0.1938142
533	0.1946342
534	0.1954432
535	0.1962931
536	0.1971116
537	0.1978696
538	0.1987295
539	0.19961479999999998
540	0.20048770000000002
541	0.2013706
542	0.20222679999999998
543	0.203085
544	0.2040122
545	0.20498339999999998
546	0.2059701
547	0.2069459
548	0.2079256
549	0.20896950000000003
550	0.2101047
551	0.2112824
552	0.2124843
553	0.2137223
554	0.21505439999999998
555	0.216362
556	0.2176515
557	0.21897550000000002
558	0.22022150000000001
559	0.22141639999999999
560	0.22261129999999998
561	0.223823
562	0.22500100000000003
563	0.2261374
564	0.22730029999999998
565	0.2284495
566	0.22960039999999998
567	0.230796
568	0.23197240000000002
569	0.233121
570	0.2342484
571	0.23533979999999996
572	0.2364078
573	0.23746309999999998
574	0.2384978
575	0.2395324
576	0.24057670000000003
577	0.2416411
578	0.2426843
579	0.24368879999999998
580	0.2446597
581	0.2456439
582	0.24660610000000002
583	0.24751289999999998
584	0.24841910000000003
585	0.2492869
586	0.2501087
587	0.2509404
588	0.25175770000000003
589	0.2525621
590	0.25337170000000003
591	0.2541296
592	0.2548023
593	0.2553787
594	0.2559475
595	0.25651399999999996
596	0.2570859
597	0.2577443
598	0.2584285
599	0.2591035
600	0.259786
601	0.2604466
602	0.2610864
603	0.26172670000000003
604	0.26236750000000003
605	0.2629714
606	0.2635244
607	0.2641241
608	0.2646962
609	0.2652252
610	0.26580990000000004
611	0.2663759
612	0.2669045
613	0.26740559999999997
614	0.26790490000000006
615	0.2684256
616	0.2689737
617	0.2694911
618	0.26997209999999994
619	0.2704284
620	0.27090970000000003
621	0.2713699
622	0.27181009999999994
623	0.2722833
624	0.2727045
625	0.2731082
626	0.2735671
627	0.2740465
628	0.2745025
629	0.2749138
630	0.2753302
631	0.2757434
632	0.2761557
633	0.2765849
634	0.2770013
635	0.27741140000000003
636	0.27783579999999997
637	0.2782498
638	0.2786537
639	0.2790466
640	0.2794009
641	0.2797927
642	0.2802364
643	0.2806332
644	0.2809995
645	0.28136490000000003
646	0.2817757
647	0.2821737
648	0.28256509999999996
649	0.2829673
650	0.28334390000000004
651	0.2837133
652	0.2840924
653	0.2844873
654	0.2848659
655	0.28522909999999996
656	0.2856037
657	0.2860169
658	0.2864325
659	0.2867987
660	0.2871376
661	0.2875038
662	0.28791459999999996
663	0.2882877
664	0.28864120000000004
665	0.28899959999999997
666	0.2894
667	0.2898135
668	0.2902077
669	0.29055770000000003
670	0.29093990000000003
671	0.2913171
672	0.2916636
673	0.29204309999999994
674	0.2924292
675	0.29280559999999994
676	0.2931645
677	0.2935403
678	0.2939226
679	0.29428340000000003
680	0.29466290000000006
681	0.2950598
682	0.2954555
683	0.2957978
684	0.2961655
685	0.29657
686	0.29692179999999996
687	0.2972937
688	0.2976767
689	0.298032
690	0.29842840000000004
691	0.2988369
692	0.2992237
693	0.2996065
694	0.2999843
695	0.30034540000000004
696	0.3006499
697	0.3009678
698	0.30131929999999996
699	0.3016954
700	0.3020482
701	0.30240170000000005
702	0.302782
703	0.30316459999999995
704	0.3035173
705	0.30384179999999994
706	0.3041999
707	0.3045702
708	0.3049281
709	0.3052472
710	0.3056012
711	0.30597490000000005
712	0.3063416
713	0.3067086
714	0.3070732
715	0.3074338
716	0.30779320000000004
717	0.3081253
718	0.3084507
719	0.3088123
720	0.3091486
721	0.3094741
722	0.30981220000000004
723	0.3101562
724	0.310513
725	0.3108732
726	0.3111989
727	0.3115362
728	0.31188190000000005
729	0.3122123
730	0.31254640000000006
731	0.31286529999999996
732	0.31316170000000004
733	0.31349140000000003
734	0.3138442
735	0.3141992
736	0.31451399999999996
737	0.3148308
738	0.31516170000000004
739	0.3155034
740	0.3158199
741	0.31613179999999996
742	0.3164575
743	0.3167679
744	0.31708959999999997
745	0.31742459999999995
746	0.3177423
747	0.3180763
748	0.3183992
749	0.3186699
750	0.31897770000000003
751	0.319308
752	0.319635
753	0.3199448
754	0.3202545
755	0.32056940000000006
756	0.32088140000000004
757	0.32119359999999997
758	0.3214971
759	0.321781
760	0.32205809999999996
761	0.3223404
762	0.3226335
763	0.3229302
764	0.3232355
765	0.3235406
766	0.3238251
767	0.3241091
768	0.3243955
769	0.3246817
770	0.3249625
771	0.32523520000000006
772	0.325504
773	0.3257892
774	0.3260602
775	0.32632140000000004
776	0.3265978
777	0.3268737
778	0.327146
779	0.3274098
780	0.3276445
781	0.32788809999999996
782	0.32815029999999995
783	0.32839709999999994
784	0.32865059999999996
785	0.3289008
786	0.32912790000000003
787	0.329358
788	0.32959120000000003
789	0.3298247
790	0.3300598
791	0.33029509999999995
792	0.3305267
793	0.33074509999999996
794	0.3309578
795	0.3311693
796	0.331381
797	0.3315841
798	0.3317788
799	0.3319665
800	0.3321461
801	0.3323462
802	0.3325571
803	0.3327422
804	0.3329236
805	0.333092
806	0.33324509999999996
807	0.3334337
808	0.33364299999999997
809	0.33385149999999997
810	0.3340297
811	0.3341757
812	0.3343182
813	0.33449409999999996
814	0.33464740000000004
815	0.3347954
816	0.334954
817	0.3351048
818	0.33525679999999997
819	0.33540640000000005
820	0.3355395
821	0.33567709999999995
822	0.335805
823	0.3359115
824	0.33605290000000004
825	0.3361774
826	0.336275
827	0.3364253
828	0.3365555
829	0.33666690000000005
830	0.33679159999999997
831	0.336889
832	0.3369744
833	0.3370661
834	0.3371667
835	0.3372614
836	0.3373453
837	0.3374235
838	0.3375342
839	0.337646
840	0.3377223
841	0.3378252
842	0.3379212
843	0.3380017
844	0.3381159
845	0.33820500000000003
846	0.33827290000000004
847	0.3383523
848	0.3384355
849	0.33852550000000003
850	0.3386221
851	0.3387138
852	0.3388168
853	0.338916
854	0.33896909999999997
855	0.3390466
856	0.33914190000000005
857	0.339231
858	0.3393123
859	0.33937
860	0.3394158
861	0.3395054
862	0.3395821
863	0.3396298
864	0.3396606
865	0.3397868
866	0.3399173
867	0.33999250000000003
868	0.34007659999999995
869	0.3401614
870	0.3402333
871	0.3402775
872	0.3403731
873	0.3404758
874	0.3405405
875	0.3406099
876	0.3406829
877	0.3407682
878	0.34088470000000004
879	0.3409614
880	0.34101479999999995
881	0.341082
882	0.3411488
883	0.34124899999999997
884	0.3413808
885	0.34148290000000003
886	0.3415749
887	0.341665
888	0.3417607
889	0.3418711
890	0.3419811
891	0.342079
892	0.3421593
893	0.342276
894	0.3424264
895	0.3425688
896	0.3426498
897	0.3427239
898	0.3428389
899	0.34296309999999997
900	0.3430625
901	0.3431447
902	0.34325490000000003
903	0.3434093
904	0.34356729999999996
905	0.3436897
906	0.34380879999999997
907	0.3439276
908	0.34404209999999996
909	0.3441406
910	0.34425009999999995
911	0.3443616
912	0.3444678
913	0.34464340000000004
914	0.3448167
915	0.3449459
916	0.34504650000000003
917	0.34516959999999997
918	0.3453183
919	0.3454732
920	0.3456204
921	0.3457438
922	0.34585240000000006
923	0.346009
924	0.34615609999999997
925	0.3462877
926	0.3464179
927	0.34653
928	0.34668390000000004
929	0.34689169999999997
930	0.3470281
931	0.3471743
932	0.3473482
933	0.347531
934	0.3476783
935	0.34780900000000003
936	0.34794709999999995
937	0.3480948
938	0.3482624
939	0.3484397
940	0.3486019
941	0.3487676
942	0.34890809999999994
943	0.3490197
944	0.3492099
945	0.3493814
946	0.34951709999999997
947	0.3496666
948	0.3498283
949	0.35001220000000005
950	0.35020359999999995
951	0.3502896
952	0.35043509999999994
953	0.3506523
954	0.35081609999999996
955	0.3509781
956	0.3511154
957	0.35121240000000004
958	0.3513283
959	0.3514986
960	0.3517004
961	0.3518565
962	0.35195679999999996
963	0.3520953
964	0.3523347
965	0.3525199
966	0.35268140000000003
967	0.3528381
968	0.3529949
969	0.35311750000000003
970	0.3532902
971	0.3535563
972	0.3536997
973	0.3538309
974	0.3540021
975	0.35420450000000003
976	0.35442490000000004
977	0.3546
978	0.3546992
979	0.35484
980	0.3549982
981	0.3551776
982	0.35540320000000003
983	0.35556220000000005
984	0.3556703
985	0.3557909
986	0.3560517
987	0.3562755
988	0.3564196
989	0.35655729999999997
990	0.3566667
991	0.3568322
992	0.35708049999999997
993	0.3572008
994	0.3572976
995	0.3574412
996	0.35766820000000005
997	0.35784970000000005
998	0.3580215
999	0.3582093
1000	0.3583245
1001	0.3575975
1002	0.3577999
1003	0.35800570000000004
1004	0.35827309999999996
1005	0.35839699999999997
1006	0.35851259999999996
1007	0.3585922
1008	0.3584315
1009	0.3585449
1010	0.3588834
1011	0.35905679999999995
1012	0.3592995
1013	0.3594638
1014	0.35945609999999995
1015	0.359521
1016	0.35958290000000004
1017	0.35962150000000004
1018	0.3597712
1019	0.35998259999999993
1020	0.3601638
1021	0.3604881
1022	0.3606357
1023	0.3606946
1024	0.3607225
1025	0.36049309999999996
1026	0.3605422
1027	0.36078109999999997
1028	0.3609164
1029	0.3610893
1030	0.3614825
1031	0.3615845
1032	0.3614168
1033	0.36150129999999997
1034	0.361621
1035	0.361738
1036	0.3619869
1037	0.36213829999999997
1038	0.3621986
1039	0.36230490000000004
1040	0.36237140000000007
1041	0.3625616
1042	0.3626393
1043	0.36266129999999996
1044	0.36278109999999997
1045	0.3628763
1046	0.3630374
1047	0.3634288
1048	0.363525
1049	0.3634132
1050	0.3634643
1051	0.36343109999999995
1052	0.3634476
1053	0.3636095
1054	0.36373520000000004
1055	0.36381290000000005
1056	0.36387909999999996
1057	0.36400679999999996
1058	0.36421090000000006
1059	0.3643327
1060	0.36443909999999996
1061	0.3645453
1062	0.36459400000000003
1063	0.3647163
1064	0.36492140000000006
1065	0.365043
1066	0.36511420000000006
1067	0.36522350000000003
1068	0.3652543
1069	0.3654206
1070	0.3655355
1071	0.36573479999999997
1072	0.36578540000000004
1073	0.3656585
1074	0.36578879999999997
1075	0.36602540000000006
1076	0.36618490000000004
1077	0.36649640000000006
1078	0.3666511
1079	0.3666208
1080	0.3666705
1081	0.3666257
1082	0.3668145
1083	0.3670693
1084	0.3671835
1085	0.3673
1086	0.3674604
1087	0.3675341
1088	0.3674199
1089	0.3675466
1090	0.36785229999999997
1091	0.367996
1092	0.36817140000000004
1093	0.3682949
1094	0.3682554
1095	0.3683068
1096	0.3684054
1097	0.36851659999999997
1098	0.36868720000000005
1099	0.3688847
1100	0.3690276
1101	0.3692172
1102	0.3693348
1103	0.36933299999999997
1104	0.36939590000000005
1105	0.36947040000000003
1106	0.36956300000000003
1107	0.3697031
1108	0.36981479999999994
1109	0.3699862
1110	0.3699783
1111	0.36998190000000003
1112	0.37011409999999995
1113	0.3701915
1114	0.3703495
1115	0.3704925
1116	0.3706731
1117	0.3707631
1118	0.37083520000000003
1119	0.37091199999999996
1120	0.37090959999999995
1121	0.37098359999999997
1122	0.3711016
1123	0.3712085
1124	0.3713166
1125	0.3714829
1126	0.3716328
1127	0.3717208
1128	0.371741
1129	0.371785
1130	0.3718931
1131	0.37203800000000004
1132	0.37215159999999997
1133	0.37232509999999996
1134	0.37244320000000003
1135	0.3724812
1136	0.3725604
1137	0.3726795
1138	0.3727692
1139	0.3728052
1140	0.3729199
1141	0.3731211
1142	0.37322009999999994
1143	0.3732364
1144	0.37331790000000004
1145	0.3734255
1146	0.3734921
1147	0.3735883
1148	0.3737776
1149	0.3738734
1150	0.3738778
1151	0.373954
1152	0.37408259999999993
1153	0.3741542
1154	0.3741816
1155	0.3742705
1156	0.3743179
1157	0.3744237
1158	0.37467140000000004
1159	0.3747853
1160	0.3748085
1161	0.3749362
1162	0.3750786
1163	0.3752413
1164	0.37536020000000003
1165	0.3754935
1166	0.3756251
1167	0.3757052
1168	0.37583520000000004
1169	0.3760335
1170	0.37619159999999996
1171	0.37632009999999994
1172	0.3763989
1173	0.37644970000000005
1174	0.37657199999999996
1175	0.3767552
1176	0.37689520000000004
1177	0.3769949
1178	0.3771168
1179	0.377251
1180	0.37738679999999997
1181	0.3775078
1182	0.37762640000000003
1183	0.37775770000000003
1184	0.37788259999999996
1185	0.37800409999999995
1186	0.3781142
1187	0.3782306
1188	0.3783428
1189	0.3783763
1190	0.378422
1191	0.378628
1192	0.37880290000000005
1193	0.37890050000000003
1194	0.37903200000000004
1195	0.3791864
1196	0.37928629999999997
1197	0.3793526
1198	0.3794628
1199	0.3795613
1200	0.37969200000000003
1201	0.3798557
1202	0.3799681
1203	0.380117
1204	0.38025820000000005
1205	0.38032699999999997
1206	0.38044690000000003
1207	0.3806348
1208	0.38079250000000003
1209	0.3809563
1210	0.3811122
1211	0.3811753
1212	0.3812548
1213	0.38137209999999994
1214	0.38152859999999994
1215	0.3816521
1216	0.3818011
1217	0.3819288
1218	0.3819976
1219	0.38211100000000003
1220	0.3823324
1221	0.3824821
1222	0.3825491
1223	0.38266279999999997
1224	0.3827566
1225	0.3828514
1226	0.38302559999999997
1227	0.3831672
1228	0.3832546
1229	0.3833902
1230	0.38352600000000003
1231	0.38368240000000003
1232	0.3838048
1233	0.38392940000000003
1234	0.38403930000000003
1235	0.3841259
1236	0.38423779999999996
1237	0.3843986
1238	0.38453909999999997
1239	0.3846614
1240	0.3847756
1241	0.3848707
1242	0.3850077
1243	0.38515409999999994
1244	0.38524200000000003
1245	0.3853565
1246	0.3855107
1247	0.3856251
1248	0.38573240000000003
1249	0.3858638
1250	0.3860307
1251	0.38614590000000004
1252	0.38623090000000004
1253	0.3864039
1254	0.3866015
1255	0.3867261
1256	0.38688790000000006
1257	0.3870533
1258	0.38714299999999996
1259	0.38725709999999997
1260	0.38741509999999996
1261	0.3875606
1262	0.3877111
1263	0.3878568
1264	0.38796590000000003
1265	0.388063
1266	0.3881696
1267	0.3882752
1268	0.3884143
1269	0.388559
1270	0.38872790000000007
1271	0.38896540000000007
1272	0.38911290000000004
1273	0.3891516
1274	0.38926740000000004
1275	0.3894263
1276	0.3895586
1277	0.3897285
1278	0.38993249999999996
1279	0.390061
1280	0.3901344
1281	0.3902806
1282	0.39043690000000003
1283	0.3905255
1284	0.3906333
1285	0.3907883
1286	0.3909088
1287	0.3910397
1288	0.3911646
1289	0.39133
1290	0.3914395
1291	0.3915223
1292	0.3916551
1293	0.39180859999999995
1294	0.3918917
1295	0.39197350000000003
1296	0.3920976
1297	0.3921668
1298	0.392232
1299	0.39234949999999996
1300	0.3924927
1301	0.3925888
1302	0.3926803
1303	0.3929003
1304	0.39309190000000005
1305	0.3931591
1306	0.39326869999999997
1307	0.393425
1308	0.393588
1309	0.39369790000000005
1310	0.3938477
1311	0.39402309999999996
1312	0.39417409999999997
1313	0.3942909
1314	0.3944384
1315	0.3946345
1316	0.3947989
1317	0.39496279999999995
1318	0.39509679999999997
1319	0.3952039
1320	0.3953488
1321	0.3954587
1322	0.3956083
1323	0.3958179
1324	0.39594070000000003
1325	0.39606540000000007
1326	0.39620209999999995
1327	0.396312
1328	0.3964321
1329	0.39656729999999996
1330	0.39674109999999996
1331	0.3968788
1332	0.396989
1333	0.3971068
1334	0.39723769999999997
1335	0.3973526
1336	0.39745159999999996
1337	0.397596
1338	0.397727
1339	0.3977883
1340	0.3978855
1341	0.39802220000000005
1342	0.39817579999999997
1343	0.3983083
1344	0.39835820000000005
1345	0.3984463
1346	0.3985643
1347	0.3986353
1348	0.39877529999999994
1349	0.39890490000000006
1350	0.39905359999999995
1351	0.3990808
1352	0.39916240000000003
1353	0.3993075
1354	0.39941809999999994
1355	0.3995121
1356	0.39959959999999994
1357	0.3997123
1358	0.3998246
1359	0.3999132
1360	0.40000959999999997
1361	0.4000762
1362	0.40013259999999995
1363	0.4002191
1364	0.40031100000000003
1365	0.4003946
1366	0.400453
1367	0.4005175
1368	0.4005948
1369	0.400608
1370	0.40062129999999996
1371	0.400644
1372	0.400629
1373	0.4005822
1374	0.4005256
1375	0.400445
1376	0.40035429999999994
1377	0.4002921
1378	0.4001798
1379	0.4000344
1380	0.39986540000000004
1381	0.3996685
1382	0.3994851
1383	0.3992875
1384	0.39901279999999995
1385	0.39870170000000005
1386	0.3984402
1387	0.3981822
1388	0.3978563
1389	0.3974676
1390	0.397073
1391	0.3966902
1392	0.3962961
1393	0.3958755
1394	0.3953873
1395	0.3948815
1396	0.39431370000000004
1397	0.39375609999999994
1398	0.3932059
1399	0.392608
1400	0.39194759999999995
1401	0.3913235
1402	0.390752
1403	0.39017470000000004
1404	0.38959640000000006
1405	0.389063
1406	0.388527
1407	0.3879873
1408	0.38755009999999995
1409	0.387173
1410	0.3868482
1411	0.38659879999999996
1412	0.3864625
1413	0.3864862
1414	0.38665029999999995
1415	0.3869672
1416	0.38743259999999996
1417	0.38800359999999995
1418	0.3885884
1419	0.389237
1420	0.38992550000000004
1421	0.3905377
1422	0.3911598
1423	0.3917833
1424	0.39238470000000003
1425	0.3929699
1426	0.3935659
1427	0.3941584
1428	0.39474190000000003
1429	0.3953027
1430	0.3958592
1431	0.3964198
1432	0.3969591
1433	0.3974873
1434	0.397984
1435	0.3984842
1436	0.39896609999999993
1437	0.3993806
1438	0.3997972
1439	0.4001926
1440	0.4005502
1441	0.4009213
1442	0.4013127
1443	0.4016857
1444	0.4020146
1445	0.4023412
1446	0.40268909999999997
1447	0.40303720000000004
1448	0.4033501
1449	0.4036214
1450	0.4038599
1451	0.4041203
1452	0.40434749999999997
1453	0.4045587
1454	0.4047942
1455	0.4050229
1456	0.4052159
1457	0.40539400000000003
1458	0.4055974
1459	0.405748
1460	0.4058468
1461	0.405984
1462	0.4061445
1463	0.40632740000000006
1464	0.4065415
1465	0.4067208
1466	0.40689970000000003
1467	0.4071134
1468	0.40728759999999997
1469	0.407475
1470	0.40774770000000005
1471	0.4080532
1472	0.4083638
1473	0.40867509999999996
1474	0.4089689
1475	0.40921290000000005
1476	0.40942649999999997
1477	0.4096486
1478	0.4098772
1479	0.4101236
1480	0.41037060000000003
1481	0.41062020000000005
1482	0.41085649999999996
1483	0.4110496
1484	0.41129
1485	0.4115710999999999
1486	0.41181229999999996
1487	0.41205749999999997
1488	0.4123011
1489	0.41253
1490	0.4127409000000001
1491	0.41294090000000006
1492	0.4131444
1493	0.41331899999999994
1494	0.41351990000000005
1495	0.41376130000000005
1496	0.4139607
1497	0.4141299
1498	0.4143144
1499	0.41445879999999996
1500	0.41463829999999996
1501	0.41485690000000003
1502	0.41502290000000003
1503	0.41520509999999994
1504	0.41540309999999997
1505	0.4155589
1506	0.41572790000000004
1507	0.4158768
1508	0.4159819
1509	0.41612029999999994
1510	0.4162799
1511	0.4164483
1512	0.4166032
1513	0.4167444
1514	0.416918
1515	0.41707700000000003
1516	0.41723590000000005
1517	0.4174398
1518	0.4176045
1519	0.41773000000000005
1520	0.41787179999999996
1521	0.41800649999999995
1522	0.41813310000000004
1523	0.41827029999999993
1524	0.4183978
1525	0.41854979999999997
1526	0.418721
1527	0.41889160000000003
1528	0.41909070000000004
1529	0.4192585999999999
1530	0.4194103
1531	0.4195633
1532	0.41970630000000003
1533	0.41983290000000006
1534	0.419955
1535	0.4200741
1536	0.42016859999999995
1537	0.4203161
1538	0.42046999999999995
1539	0.4205934
1540	0.4207142
1541	0.4208089
1542	0.4209308
1543	0.42106759999999993
1544	0.4211661
1545	0.42128580000000004
1546	0.42142690000000005
1547	0.4215306
1548	0.42165519999999995
1549	0.4218495
1550	0.4220044
1551	0.422109
1552	0.4222519
1553	0.4223674
1554	0.4224435
1555	0.42256220000000005
1556	0.42271279999999994
1557	0.422832
1558	0.4229161
1559	0.4230331
1560	0.42318059999999996
1561	0.42335100000000003
1562	0.42351229999999995
1563	0.423633
1564	0.42373069999999996
1565	0.4238259
1566	0.42394790000000004
1567	0.42405429999999994
1568	0.4241851
1569	0.42434350000000004
1570	0.4244598
1571	0.4245723
1572	0.42467440000000006
1573	0.4247833
1574	0.4249245
1575	0.4250584
1576	0.4251992
1577	0.4253884
1578	0.4255005
1579	0.42553959999999996
1580	0.4256508
1581	0.42578640000000006
1582	0.4258737
1583	0.42594840000000006
1584	0.42607290000000003
1585	0.42619480000000004
1586	0.42629520000000004
1587	0.4264191
1588	0.42655059999999995
1589	0.42666640000000006
1590	0.42678409999999994
1591	0.4269304
1592	0.4270701
1593	0.4272072
1594	0.42728679999999997
1595	0.42738640000000006
1596	0.4275599
1597	0.4277456
1598	0.42787120000000006
1599	0.4279482
1600	0.42805920000000003
1601	0.4281887
1602	0.42829809999999996
1603	0.4284550999999999
1604	0.42860200000000004
1605	0.42865200000000003
1606	0.42872129999999997
1607	0.4288501
1608	0.4289423
1609	0.4290532
1610	0.4291861
1611	0.4292601
1612	0.4293517
1613	0.4294763
1614	0.4295927
1615	0.4297073
1616	0.42983770000000004
1617	0.4299934
1618	0.4301167
1619	0.4302237
1620	0.4303674
1621	0.430486
1622	0.43057070000000003
1623	0.4306747
1624	0.4307873
1625	0.43089659999999996
1626	0.430971
1627	0.4310454000000001
1628	0.43118729999999994
1629	0.4312911
1630	0.43132299999999996
1631	0.4314378
1632	0.431601
1633	0.4317154
1634	0.43186959999999996
1635	0.43202170000000006
1636	0.43207829999999997
1637	0.4321009
1638	0.43216579999999993
1639	0.4322765
1640	0.43237700000000007
1641	0.4324709
1642	0.4325831
1643	0.43268149999999994
1644	0.43275109999999994
1645	0.43284620000000007
1646	0.4329585999999999
1647	0.4330630999999999
1648	0.4332048
1649	0.43333019999999994
1650	0.43343640000000005
1651	0.4335738
1652	0.43366940000000004
1653	0.43371620000000005
1654	0.43380779999999997
1655	0.433899
1656	0.4339481
1657	0.43406709999999993
1658	0.4342072
1659	0.43430519999999995
1660	0.43441450000000004
1661	0.4344924
1662	0.4345477
1663	0.4346387
1664	0.4347718
1665	0.4349023
1666	0.43498190000000003
1667	0.4350517
1668	0.43513959999999996
1669	0.4352241
1670	0.4352972
1671	0.4353867
1672	0.4354865
1673	0.43557470000000004
1674	0.4356788
1675	0.43579989999999996
1676	0.4358995
1677	0.43595609999999996
1678	0.4360713
1679	0.43621499999999996
1680	0.4362682
1681	0.4363338
1682	0.4364164000000001
1683	0.43646
1684	0.43651819999999997
1685	0.43660730000000003
1686	0.43667870000000003
1687	0.4367406
1688	0.43686670000000005
1689	0.43697290000000005
1690	0.43703500000000006
1691	0.43716689999999997
1692	0.43730410000000003
1693	0.43739520000000004
1694	0.4375348
1695	0.4376777
1696	0.4377907999999999
1697	0.43792
1698	0.4380014
1699	0.4380655
1700	0.43809609999999993
1701	0.4380884
1702	0.4381883
1703	0.438301
1704	0.43836720000000007
1705	0.43849220000000005
1706	0.4386067
1707	0.4387202
1708	0.43888760000000004
1709	0.4389984
1710	0.4390999
1711	0.43921570000000004
1712	0.4392147
1713	0.43926000000000004
1714	0.439362
1715	0.4393595
1716	0.43945280000000003
1717	0.43960140000000003
1718	0.43963090000000005
1719	0.43968549999999995
1720	0.4397634
1721	0.4397811
1722	0.43982479999999996
1723	0.43987609999999994
1724	0.4399042
1725	0.4399514
1726	0.4399723
1727	0.4399553
1728	0.43997879999999995
1729	0.44007170000000007
1730	0.44016700000000003
1731	0.4402596
1732	0.4402955
1733	0.4402473
1734	0.44028770000000006
1735	0.4403683
1736	0.44034890000000004
1737	0.4403734
1738	0.4403943
1739	0.4403558
1740	0.4404338
1741	0.4404875
1742	0.4404415
1743	0.4404898
1744	0.44059529999999997
1745	0.44063270000000004
1746	0.4406528
1747	0.44070690000000007
1748	0.44073670000000004
1749	0.4407521
1750	0.440817
1751	0.4408812
1752	0.44095969999999995
1753	0.4410925
1754	0.441126
1755	0.4411568
1756	0.44107929999999995
1757	0.4410894
1758	0.4412073
1759	0.44126620000000005
1760	0.44127170000000004
1761	0.44131750000000003
1762	0.4414081
1763	0.44146890000000005
1764	0.44153400000000004
1765	0.441564
1766	0.441567
1767	0.4415965
1768	0.44165590000000005
1769	0.4417351
1770	0.4418187
1771	0.44184300000000004
1772	0.44181800000000004
1773	0.4418333
1774	0.4418403
1775	0.44189269999999997
1776	0.44206940000000006
1777	0.44213149999999996
1778	0.44214129999999996
1779	0.44220479999999995
1780	0.4421667
1781	0.44218620000000003
1782	0.44229350000000006
1783	0.4423393
1784	0.4423763
1785	0.4424826
1786	0.4425943
1787	0.44264269999999994
1788	0.4427062
1789	0.44281090000000006
1790	0.4428759
1791	0.4429524
1792	0.4430777
1793	0.4431143
1794	0.4431231
1795	0.4431498
1796	0.4431713
1797	0.4432463
1798	0.44328809999999996
1799	0.4433183
1800	0.4433937
1801	0.442888
1802	0.44303950000000003
1803	0.4431835
1804	0.443514
1805	0.4437928
1806	0.44393019999999994
1807	0.44406720000000005
1808	0.4442557
1809	0.4443305
1810	0.4444535
1811	0.44454099999999996
1812	0.44461579999999995
1813	0.4446616
1814	0.4448275
1815	0.4449322
1816	0.4448696
1817	0.44494520000000004
1818	0.44513690000000006
1819	0.4452562
1820	0.4454276
1821	0.44555909999999993
1822	0.4456518
1823	0.4457068
1824	0.4457460999999999
1825	0.4456532999999999
1826	0.4456267
1827	0.4458737
1828	0.4460389
1829	0.44636049999999994
1830	0.44653190000000004
1831	0.4466727
1832	0.4466753
1833	0.4465915
1834	0.44667690000000004
1835	0.44686739999999997
1836	0.4469294
1837	0.4469906
1838	0.44707399999999997
1839	0.4471738
1840	0.4472375
1841	0.4473374
1842	0.4473919
1843	0.44730420000000004
1844	0.44727380000000005
1845	0.4473514
1846	0.4474502
1847	0.44778270000000003
1848	0.44789840000000003
1849	0.4479391
1850	0.4479008
1851	0.44793540000000004
1852	0.4478474
1853	0.44774079999999994
1854	0.44776109999999997
1855	0.447791
1856	0.4478358
1857	0.4477946
1858	0.44781099999999996
1859	0.44771530000000004
1860	0.44767929999999995
1861	0.44756940000000006
1862	0.44738500000000003
1863	0.4472488
1864	0.4469294
1865	0.446691
1866	0.4465316
1867	0.4466243
1868	0.44653519999999997
1869	0.4462109
1870	0.4457707
1871	0.44537970000000005
1872	0.44509079999999995
1873	0.44471049999999995
1874	0.4442027
1875	0.44366289999999997
1876	0.4429897
1877	0.4422563
1878	0.44145470000000003
1879	0.4406228
1880	0.4398134
1881	0.43887929999999997
1882	0.43786149999999996
1883	0.4367174
1884	0.43540150000000005
1885	0.4338897
1886	0.4322039000000001
1887	0.43046140000000005
1888	0.42863500000000004
1889	0.42647959999999996
1890	0.42386999999999997
1891	0.4211415
1892	0.4183099
1893	0.41519259999999997
1894	0.41194179999999997
1895	0.4087679
1896	0.4054676
1897	0.4021105
1898	0.3987358
1899	0.39559
1900	0.3926212
1901	0.3899382
1902	0.38789109999999993
1903	0.3860853
1904	0.3845031
1905	0.3832011
1906	0.38218409999999997
1907	0.3813459
1908	0.38081149999999997
1909	0.3805372
1910	0.3805481
1911	0.38084959999999995
1912	0.3814249
1913	0.3821456
1914	0.38294290000000003
1915	0.3838419
1916	0.3847954
1917	0.38583809999999996
1918	0.3869507
1919	0.3880638
1920	0.3893183
1921	0.3907292
1922	0.3921323
1923	0.3934692
1924	0.39466999999999997
1925	0.3958922
1926	0.3969783
1927	0.39818059999999994
1928	0.399379
1929	0.400555
1930	0.40176100000000003
1931	0.402818
1932	0.4038036
1933	0.40496609999999994
1934	0.40604450000000003
1935	0.40687249999999997
1936	0.4077417
1937	0.4086469
1938	0.4094796
1939	0.4102857
1940	0.41116949999999997
1941	0.4118414000000001
1942	0.41252390000000005
1943	0.4132835
1944	0.41391720000000004
1945	0.4145038
1946	0.41506899999999997
1947	0.4157219
1948	0.41626549999999995
1949	0.4168616
1950	0.41750509999999996
1951	0.4181736
1952	0.4187558
1953	0.4192541
1954	0.41980740000000005
1955	0.4203885
1956	0.4209563
1957	0.42138640000000005
1958	0.42188050000000005
1959	0.4224319
1960	0.4230657
1961	0.42365290000000005
1962	0.4240576
1963	0.4243982
1964	0.42489920000000003
1965	0.425516
1966	0.42608190000000007
1967	0.42653779999999997
1968	0.42703209999999997
1969	0.42751629999999996
1970	0.4277968
1971	0.4281674
1972	0.4289458
1973	0.42961220000000006
1974	0.4298567
1975	0.43016270000000006
1976	0.43074589999999996
1977	0.4313334
1978	0.431858
1979	0.4326365
1980	0.4332451
1981	0.43366459999999996
1982	0.43406059999999996
1983	0.43455959999999993
1984	0.43509620000000004
1985	0.43555740000000004
1986	0.4359067
1987	0.43640619999999997
1988	0.4369896
1989	0.43745100000000003
1990	0.4378694
1991	0.438366
1992	0.4388298
1993	0.43939989999999995
1994	0.44017520000000004
1995	0.4407475
1996	0.44116320000000003
1997	0.44162170000000006
1998	0.4420257000000001
1999	0.4425249
2000	0.4431425
2001	0.44374579999999997
2002	0.44429670000000004
2003	0.4447866
2004	0.4452765
2005	0.4458214
2006	0.4461652
2007	0.446482
2008	0.44691800000000004
2009	0.44739540000000005
2010	0.4479439
2011	0.4484469
2012	0.44882740000000004
2013	0.4492313
2014	0.4494879
2015	0.4499253
2016	0.450543
2017	0.4510085999999999
2018	0.45142380000000004
2019	0.4519215999999999
2020	0.45240600000000003
2021	0.4527376
2022	0.45320420000000006
2023	0.4537495
2024	0.4540822
2025	0.4543753
2026	0.45477959999999995
2027	0.45526990000000006
2028	0.45561320000000005
2029	0.4559411
2030	0.4563235
2031	0.45669350000000003
2032	0.4568892
2033	0.4572401
2034	0.4576929
2035	0.45806490000000005
2036	0.45847029999999994
2037	0.4588127
2038	0.4591585
2039	0.459455
2040	0.45957950000000003
2041	0.459866
2042	0.46026540000000005
2043	0.4606017
2044	0.4609985
2045	0.4612994000000001
2046	0.4616018
2047	0.4620305
2048	0.4622338
2049	0.4624229
2050	0.46270959999999994
2051	0.462958
2052	0.4631821
2053	0.4635792
2054	0.463783
2055	0.46382799999999996
2056	0.46392159999999993
2057	0.463883
2058	0.4639055
2059	0.4644907999999999
2060	0.4648004
2061	0.4648232
2062	0.46530079999999996
2063	0.46554700000000004
2064	0.4654724
2065	0.4656745
2066	0.46624160000000003
2067	0.4665224
2068	0.46667109999999995
2069	0.46686459999999996
2070	0.4670402
2071	0.46712040000000005
2072	0.467393
2073	0.46776660000000003
2074	0.46806629999999994
2075	0.4681402
2076	0.4680858
2077	0.4681201
2078	0.46822299999999994
2079	0.4683706
2080	0.46866199999999997
2081	0.46922120000000006
2082	0.46943999999999997
2083	0.46965569999999995
2084	0.46979719999999997
2085	0.46973000000000004
2086	0.46946809999999994
2087	0.46971430000000003
2088	0.4700654
2089	0.4701259
2090	0.47036990000000006
2091	0.47054750000000006
2092	0.47045329999999996
2093	0.4705869000000001
2094	0.4710036
2095	0.4712398
2096	0.4714116
2097	0.4716264
2098	0.47192219999999996
2099	0.4720152
2100	0.47195329999999996
2101	0.4719127
2102	0.4720446
2103	0.4722547
2104	0.4724942
2105	0.4729429
2106	0.4731781
2107	0.47318119999999997
2108	0.47331359999999995
2109	0.47341120000000003
2110	0.4737017
2111	0.4742264
2112	0.4744732
2113	0.4746085
2114	0.474892
2115	0.4750724
2116	0.4753627
2117	0.4755907999999999
2118	0.47579629999999995
2119	0.47599009999999997
2120	0.47613240000000007
2121	0.47638509999999995
2122	0.4769678
2123	0.47723509999999997
2124	0.4772012
2125	0.4774758
2126	0.4779541
2127	0.47818240000000006
2128	0.47837870000000005
2129	0.47859940000000006
2130	0.47881549999999995
2131	0.4788071
2132	0.47858490000000004
2133	0.47862340000000003
2134	0.4787987
2135	0.47866149999999996
2136	0.47854140000000006
2137	0.47840649999999996
2138	0.47835740000000004
2139	0.47801990000000005
2140	0.4778779
2141	0.4780915
2142	0.4781625
2143	0.4781617
2144	0.4779563
2145	0.47771199999999997
2146	0.47747829999999997
2147	0.4770236
2148	0.4765885
2149	0.476236
2150	0.47589790000000004
2151	0.4753929
2152	0.4748257000000001
2153	0.47453359999999994
2154	0.4742809
2155	0.47376270000000004
2156	0.4730648
2157	0.47250470000000006
2158	0.4717802
2159	0.4711948
2160	0.4708553
2161	0.47032070000000004
2162	0.46968770000000004
2163	0.46903359999999994
2164	0.4683016
2165	0.467604
2166	0.46691109999999997
2167	0.466175
2168	0.4654182
2169	0.46474790000000005
2170	0.4640577
2171	0.4632888
2172	0.46255150000000006
2173	0.46184259999999994
2174	0.46107570000000003
2175	0.4602898
2176	0.4594707
2177	0.4586303
2178	0.4577394
2179	0.45672460000000004
2180	0.45585790000000004
2181	0.45508990000000005
2182	0.45416000000000006
2183	0.4533115
2184	0.4523417
2185	0.4511969
2186	0.44997159999999997
2187	0.4489227
2188	0.44779890000000006
2189	0.44670190000000004
2190	0.44584589999999996
2191	0.4447906
2192	0.4435797
2193	0.44262799999999997
2194	0.4418367
2195	0.4408281
2196	0.4397486
2197	0.4389276
2198	0.4381155
2199	0.4372521
2200	0.4366778
2201	0.4359749
2202	0.43485559999999995
2203	0.4340840999999999
2204	0.4334902
2205	0.43316270000000007
2206	0.4328134
2207	0.4322527
2208	0.43157299999999993
2209	0.43119979999999997
2210	0.4310831
2211	0.4312329000000001
2212	0.4313281
2213	0.43160240000000005
2214	0.4319139
2215	0.4323
2216	0.43259140000000007
2217	0.4329969
2218	0.4333903
2219	0.43361229999999995
2220	0.4339335999999999
2221	0.4344999
2222	0.4349013
2223	0.43523009999999995
2224	0.43544920000000004
2225	0.43538459999999995
2226	0.4356231
2227	0.43614079999999994
2228	0.4364527
2229	0.4369348
2230	0.43738299999999997
2231	0.43740379999999995
2232	0.437615
2233	0.43764250000000005
2234	0.4375314
2235	0.4376094
2236	0.43765790000000004
2237	0.43771450000000006
2238	0.4379867
2239	0.4380981
2240	0.43789880000000003
2241	0.43805829999999996
2242	0.4386196
2243	0.4387892
2244	0.43883279999999997
2245	0.4389622
2246	0.4388776
2247	0.4388674
2248	0.4390054
2249	0.43918599999999997
2250	0.4390889
2251	0.43893580000000004
2252	0.43921520000000003
2253	0.4396731
2254	0.4401509
2255	0.44051599999999996
2256	0.4408327
2257	0.4409247
2258	0.44121759999999993
2259	0.44160659999999996
2260	0.441921
2261	0.442169
2262	0.44256720000000005
2263	0.44319369999999997
2264	0.44352250000000004
2265	0.44363270000000005
2266	0.4439363
2267	0.4442621
2268	0.44447609999999993
2269	0.44466629999999996
2270	0.4450943
2271	0.44578950000000006
2272	0.44589209999999996
2273	0.4456915
2274	0.44589470000000003
2275	0.4459915
2276	0.4456313
2277	0.44556549999999995
2278	0.44598869999999996
2279	0.445913
2280	0.44531040000000005
2281	0.445275
2282	0.4455077
2283	0.4455443
2284	0.44553459999999995
2285	0.4456302
2286	0.44572860000000003
2287	0.445841
2288	0.44616350000000005
2289	0.4461451
2290	0.44576450000000006
2291	0.4458072
2292	0.446161
2293	0.4459745
2294	0.44558729999999996
2295	0.4455262
2296	0.4451633
2297	0.44482829999999995
2298	0.44497790000000004
2299	0.444942
2300	0.44434440000000003
2301	0.44427089999999997
2302	0.4447253
2303	0.44505020000000006
2304	0.44481570000000004
2305	0.4444522
2306	0.4445133
2307	0.44429420000000003
2308	0.4439965
2309	0.4442005
2310	0.44405909999999993
2311	0.443646
2312	0.4439482
2313	0.4443477
2314	0.44440820000000003
2315	0.4444433
2316	0.4443206
2317	0.4440146
2318	0.44400249999999997
2319	0.44386390000000003
2320	0.443773
2321	0.44402129999999995
2322	0.4440255
2323	0.443855
2324	0.44389120000000004
2325	0.4439929
2326	0.4439642
2327	0.44396040000000003
2328	0.44378429999999996
2329	0.4433143
2330	0.4432688
2331	0.44337380000000004
2332	0.4433323
2333	0.4436923
2334	0.4437996
2335	0.44364359999999997
2336	0.4432858
2337	0.4431897
2338	0.44279120000000005
2339	0.442404
2340	0.4424976
2341	0.44287380000000004
2342	0.442989
2343	0.44232259999999995
2344	0.44198729999999997
2345	0.4422764
2346	0.44189409999999996
2347	0.4419838
2348	0.4427667
2349	0.44228019999999996
2350	0.4418651
2351	0.4426847
2352	0.4425942
2353	0.4424567
2354	0.44356480000000004
2355	0.4437482
2356	0.44309750000000003
2357	0.44298990000000005
2358	0.4425628
2359	0.4420644
2360	0.4424952999999999
2361	0.4426652
2362	0.44298699999999996
2363	0.4429691
2364	0.442771
2365	0.4427210999999999
2366	0.44250779999999995
2367	0.44220119999999996
2368	0.4421227
2369	0.44218640000000003
2370	0.442047
2371	0.4417509
2372	0.44148459999999995
2373	0.4412833
2374	0.44062929999999995
2375	0.4408939
2376	0.4412003
2377	0.44071679999999996
2378	0.4404027
2379	0.4407986
2380	0.4405205
2381	0.4395737
2382	0.4388901
2383	0.43838940000000004
2384	0.438435
2385	0.43919899999999995
2386	0.43884449999999997
2387	0.43722340000000004
2388	0.43682970000000004
2389	0.43726450000000006
2390	0.43701990000000007
2391	0.4369595
2392	0.4371667
2393	0.43684480000000003
2394	0.436512
2395	0.436198
2396	0.4354977
2397	0.43496
2398	0.43492820000000004
2399	0.43463379999999996
2400	0.4335376
2401	0.43255730000000003
2402	0.4324522
2403	0.43254269999999995
2404	0.43243770000000004
2405	0.43244079999999996
2406	0.43165879999999995
2407	0.43094350000000003
2408	0.43084490000000003
2409	0.4299237
2410	0.4292791
2411	0.42902070000000003
2412	0.4288344
2413	0.4292334
2414	0.42895420000000006
2415	0.42844629999999995
2416	0.4285823
2417	0.42788630000000005
2418	0.42623990000000006
2419	0.4252269
2420	0.42528069999999996
2421	0.42565640000000005
2422	0.4259799
2423	0.4256864000000001
2424	0.42445550000000004
2425	0.42329920000000004
2426	0.4225407
2427	0.42216899999999996
2428	0.42212040000000006
2429	0.421572
2430	0.4202125
2431	0.4195022
2432	0.4193396
2433	0.4186867
2434	0.4178564
2435	0.4178285
2436	0.4182081
2437	0.4172129
2438	0.4159174
2439	0.4157803
2440	0.41476850000000004
2441	0.41452690000000003
2442	0.4166031
2443	0.41635420000000006
2444	0.41452
2445	0.41376549999999995
2446	0.41249009999999997
2447	0.4116485
2448	0.41157299999999997
2449	0.41126229999999997
2450	0.4109938
2451	0.41053890000000004
2452	0.40992159999999994
2453	0.40961049999999993
2454	0.409075
2455	0.40897100000000003
2456	0.41003670000000003
2457	0.4094848
2458	0.4077097
2459	0.4072923
2460	0.4065988
2461	0.4061531
2462	0.4074692
2463	0.40706020000000004
2464	0.4043505
2465	0.40386550000000004
2466	0.4045857
2467	0.4045531
2468	0.4057976
2469	0.4060919
2470	0.4045362
2471	0.4037519
2472	0.4037756
2473	0.4031815
2474	0.4021091
2475	0.4012735
2476	0.39991
2477	0.39917359999999996
2478	0.39849229999999997
2479	0.3991139
2480	0.40281940000000005
2481	0.40227909999999995
2482	0.3990817
2483	0.3984704
2484	0.3951995
2485	0.3947038
2486	0.4006706
2487	0.40072820000000003
2488	0.3954466
2489	0.39534559999999996
2490	0.3975591
2491	0.39614299999999997
2492	0.3950048
2493	0.39524640000000005
2494	0.38952559999999997
2495	0.39150419999999997
2496	0.4078092
2497	0.4087392
2498	0.3989548
2499	0.4000071
2500	0.3987909
