350	0.10495360000000001
351	0.1025525
352	0.0980143
353	0.0984275
354	0.1011522
355	0.0984212
356	0.0987803
357	0.0998375
358	0.0978482
359	0.09813730000000001
360	0.0995335
361	0.1002892
362	0.09849930000000001
363	0.0980651
364	0.0997673
365	0.0998961
366	0.10077
367	0.10185169999999999
368	0.10112080000000001
369	0.10118660000000002
370	0.1019418
371	0.1024443
372	0.1010896
373	0.1010138
374	0.1036412
375	0.10373160000000001
376	0.1041941
377	0.1056145
378	0.10503699999999999
379	0.1049101
380	0.10535330000000001
381	0.1053125
382	0.10508219999999999
383	0.1052999
384	0.10643039999999998
385	0.1070309
386	0.10749280000000001
387	0.1081205
388	0.10820419999999999
389	0.1091083
390	0.11076680000000001
391	0.1110981
392	0.1113816
393	0.1117992
394	0.1120593
395	0.1122994
396	0.1124295
397	0.1124372
398	0.11318339999999999
399	0.1142424
400	0.1150153
401	0.11453479999999999
402	0.11479059999999999
403	0.1159752
404	0.11585219999999999
405	0.11616069999999999
406	0.11686089999999999
407	0.1171127
408	0.11719919999999999
409	0.1175721
410	0.1185261
411	0.1190336
412	0.1193828
413	0.11982670000000001
414	0.1200692
415	0.1208424
416	0.1219614
417	0.12192760000000001
418	0.1220191
419	0.12254269999999999
420	0.1233886
421	0.1240103
422	0.12433810000000001
423	0.12449249999999999
424	0.1248763
425	0.1253892
426	0.12591960000000002
427	0.1264654
428	0.1271483
429	0.12792830000000002
430	0.1285344
431	0.1291233
432	0.1297296
433	0.13034669999999998
434	0.1311942
435	0.13198829999999998
436	0.1324495
437	0.13314700000000002
438	0.13395439999999997
439	0.1347005
440	0.1352359
441	0.13588029999999998
442	0.1366726
443	0.1372865
444	0.1379477
445	0.13867390000000002
446	0.1393839
447	0.1399346
448	0.1404228
449	0.1409986
450	0.14174070000000003
451	0.142529
452	0.14324289999999998
453	0.14378139999999998
454	0.14433420000000002
455	0.1449592
456	0.14557910000000002
457	0.14614670000000002
458	0.14666329999999997
459	0.1471605
460	0.1476225
461	0.1480509
462	0.148482
463	0.14913239999999997
464	0.149676
465	0.14997939999999998
466	0.15042020000000003
467	0.15087479999999998
468	0.1513055
469	0.1517355
470	0.1522676
471	0.1528366
472	0.1533128
473	0.1538038
474	0.1542564
475	0.1546493
476	0.1552554
477	0.1557947
478	0.15616129999999998
479	0.1566345
480	0.1571621
481	0.1577112
482	0.15825179999999997
483	0.15881660000000003
484	0.15934879999999998
485	0.1597779
486	0.1602
487	0.1606909
488	0.1612808
489	0.1618566
490	0.1624274
491	0.16301210000000002
492	0.1636375
493	0.1642744
494	0.1648914
495	0.165446
496	0.16609949999999998
497	0.166784
498	0.16737639999999998
499	0.16791199999999998
500	0.16847620000000002
501	0.1691251
502	0.16983879999999998
503	0.17049270000000002
504	0.1710805
505	0.1717725
506	0.17244279999999998
507	0.1730941
508	0.1737894
509	0.1744135
510	0.17504270000000002
511	0.17576050000000001
512	0.17638199999999998
513	0.17704460000000002
514	0.1778024
515	0.1784271
516	0.1790606
517	0.1797555
518	0.18048540000000002
519	0.1811344
520	0.1817516
521	0.18245429999999999
522	0.18318120000000002
523	0.18391629999999998
524	0.18464879999999997
525	0.1853608
526	0.18606
527	0.186764
528	0.1875233
529	0.188274
530	0.1890098
531	0.18977220000000003
532	0.1905435
533	0.1913134
534	0.1920807
535	0.1929035
536	0.1937408
537	0.1945578
538	0.1953815
539	0.1961874
540	0.19699389999999997
541	0.1978925
542	0.1987971
543	0.1996761
544	0.2005227
545	0.2014088
546	0.2023495
547	0.20333299999999999
548	0.2043058
549	0.20529989999999998
550	0.2063442
551	0.2074431
552	0.20860879999999998
553	0.20982529999999996
554	0.2110451
555	0.2123098
556	0.2135706
557	0.2147502
558	0.2158919
559	0.21702220000000003
560	0.2181649
561	0.21932379999999999
562	0.22048879999999998
563	0.22164270000000003
564	0.2227516
565	0.2238101
566	0.2248641
567	0.22599410000000003
568	0.22710860000000002
569	0.22820079999999998
570	0.22928510000000002
571	0.23033270000000003
572	0.23132370000000002
573	0.23226739999999998
574	0.23325259999999998
575	0.2342732
576	0.2353033
577	0.2362963
578	0.2372855
579	0.2382464
580	0.2391407
581	0.2400856
582	0.2410269
583	0.24189829999999998
584	0.2427487
585	0.24357270000000003
586	0.2443823
587	0.2452284
588	0.24604770000000004
589	0.24682329999999997
590	0.24757129999999997
591	0.2482848
592	0.2489544
593	0.2495686
594	0.2501061
595	0.2505581
596	0.25097010000000003
597	0.25156910000000005
598	0.25225460000000005
599	0.2529515
600	0.25363209999999997
601	0.2542841
602	0.25491220000000003
603	0.2555382
604	0.2561623
605	0.2567658
606	0.2573411
607	0.2579317
608	0.2585034
609	0.2590464
610	0.2595949
611	0.2601299
612	0.2606525
613	0.2611728
614	0.26169410000000004
615	0.2622047
616	0.2626929
617	0.2631923
618	0.26370040000000006
619	0.26420370000000004
620	0.264676
621	0.2651334
622	0.2655902
623	0.2660668
624	0.26650409999999997
625	0.2669243
626	0.2673767
627	0.26784050000000004
628	0.2682698
629	0.26865229999999996
630	0.26909279999999997
631	0.26953790000000005
632	0.2699664
633	0.2704028
634	0.27080590000000004
635	0.2711976
636	0.2716244
637	0.27200799999999997
638	0.27239450000000004
639	0.272825
640	0.27320609999999995
641	0.2735995
642	0.2740222
643	0.2744003
644	0.2747637
645	0.275135
646	0.2755376
647	0.2759366
648	0.27633040000000003
649	0.2767255
650	0.2771106
651	0.2774929
652	0.27788
653	0.2782765
654	0.27866729999999995
655	0.2790511
656	0.2794368
657	0.2797935
658	0.28014240000000007
659	0.28051420000000005
660	0.28088470000000004
661	0.2812567
662	0.2816277
663	0.2819737
664	0.2823432
665	0.2827366
666	0.2831035
667	0.2834711
668	0.2838434
669	0.2842171
670	0.28457509999999997
671	0.2849339
672	0.2853102
673	0.2857108
674	0.286068
675	0.28638790000000003
676	0.28677729999999996
677	0.2871161
678	0.2874337
679	0.2878136
680	0.2881896
681	0.2885526
682	0.28890479999999996
683	0.2892544
684	0.2896282
685	0.2900198
686	0.2903748
687	0.2907338
688	0.29110559999999996
689	0.29148759999999996
690	0.29188309999999995
691	0.29227329999999996
692	0.292646
693	0.29302290000000003
694	0.29339640000000006
695	0.2937563
696	0.2940778
697	0.29442290000000004
698	0.2947886
699	0.29513779999999995
700	0.295493
701	0.295858
702	0.2962263
703	0.2965683
704	0.2969074
705	0.2972579
706	0.2976198
707	0.29798969999999997
708	0.2983527
709	0.2986895
710	0.29901880000000003
711	0.29936399999999996
712	0.29973720000000004
713	0.3000994
714	0.3004498
715	0.30079920000000004
716	0.30118290000000003
717	0.3015223
718	0.3018333
719	0.3021792
720	0.3024878
721	0.30280029999999997
722	0.3031578
723	0.3035064
724	0.30385619999999997
725	0.3042071
726	0.3045387
727	0.3048853
728	0.30524029999999996
729	0.30557929999999994
730	0.30591199999999996
731	0.3062323
732	0.30654390000000004
733	0.30689340000000004
734	0.3072311
735	0.3075429
736	0.3078672
737	0.3081966
738	0.3085304
739	0.3088685
740	0.30920929999999996
741	0.3095478
742	0.3098785
743	0.3101938
744	0.31051690000000004
745	0.31084720000000005
746	0.31114990000000003
747	0.31148990000000004
748	0.3118382
749	0.3121366
750	0.3124627
751	0.3128002
752	0.3131257
753	0.31342929999999997
754	0.313752
755	0.3140962
756	0.3144206
757	0.3147449
758	0.3150575
759	0.3153415
760	0.31562979999999996
761	0.3159297
762	0.31624070000000004
763	0.3165565
764	0.31687309999999996
765	0.3171801
766	0.3174617
767	0.31775879999999995
768	0.3180624
769	0.31834840000000003
770	0.3185914
771	0.3188493
772	0.3191502
773	0.31945159999999995
774	0.31974
775	0.3200159
776	0.3202897
777	0.32052929999999996
778	0.3207673
779	0.3210345
780	0.3212895
781	0.3215534
782	0.32182350000000004
783	0.3220525
784	0.3223217
785	0.32260559999999994
786	0.32283579999999995
787	0.3230653
788	0.32329840000000004
789	0.3235369
790	0.3238009
791	0.3240602
792	0.3243058
793	0.32454970000000005
794	0.32475859999999995
795	0.32495690000000005
796	0.3251803
797	0.3253972
798	0.3256059
799	0.3258096
800	0.32601209999999997
801	0.3262518
802	0.3265027
803	0.32669499999999996
804	0.3269018
805	0.3271071
806	0.3272877
807	0.3274804
808	0.32767779999999996
809	0.32786459999999995
810	0.3280082
811	0.3281843
812	0.3283933
813	0.32859740000000004
814	0.32875329999999997
815	0.32890159999999996
816	0.3290671
817	0.32918590000000003
818	0.3293284
819	0.329497
820	0.3296342
821	0.32978379999999996
822	0.3299238
823	0.3300278
824	0.3301327
825	0.3302643
826	0.3304248
827	0.3305796
828	0.33069509999999996
829	0.3307949
830	0.33093049999999996
831	0.33106230000000003
832	0.33118909999999996
833	0.33130770000000004
834	0.33138429999999997
835	0.33148629999999996
836	0.3316196
837	0.3317308
838	0.33184159999999996
839	0.3319327
840	0.3319931
841	0.33211609999999997
842	0.33223379999999997
843	0.3323171
844	0.3324256
845	0.3325031
846	0.33255619999999997
847	0.33262329999999996
848	0.3327393
849	0.3328491
850	0.33291129999999997
851	0.3329623
852	0.333017
853	0.333096
854	0.33322329999999994
855	0.33333029999999997
856	0.3334103
857	0.3334791
858	0.3335661
859	0.33365690000000003
860	0.33374509999999996
861	0.3338409
862	0.3339101
863	0.33396079999999995
864	0.3340229
865	0.3341422
866	0.3342545
867	0.3343195
868	0.334372
869	0.3344526
870	0.334549
871	0.3346152
872	0.3346987
873	0.3348003
874	0.33491079999999995
875	0.33502109999999996
876	0.3351179
877	0.3352062
878	0.3353105
879	0.33538670000000004
880	0.33545820000000004
881	0.3355565
882	0.3356368
883	0.3357463
884	0.3358889
885	0.33599
886	0.3361025
887	0.3362099
888	0.33627979999999996
889	0.33638140000000005
890	0.3364944
891	0.336604
892	0.3367355
893	0.33685040000000005
894	0.3369592
895	0.3370973
896	0.3371969
897	0.3373038
898	0.33744840000000004
899	0.33755240000000003
900	0.337644
901	0.33775279999999996
902	0.3379095
903	0.3380672
904	0.33820120000000004
905	0.3383069
906	0.33843229999999996
907	0.3385838
908	0.3387478
909	0.33888870000000004
910	0.3389894
911	0.3391057
912	0.3392882
913	0.3394109
914	0.3395419
915	0.3397094
916	0.3398624
917	0.34001770000000003
918	0.34017220000000004
919	0.34031809999999996
920	0.3404625
921	0.3405998
922	0.3407344
923	0.3408942
924	0.3410462
925	0.3411958
926	0.3413629
927	0.34152899999999997
928	0.3417094
929	0.3418992
930	0.34203049999999996
931	0.34219340000000004
932	0.34239240000000004
933	0.3425804
934	0.3427268
935	0.3428672
936	0.3430366
937	0.3432362
938	0.3434251
939	0.3436027
940	0.3437956
941	0.3439804
942	0.3441778
943	0.3443947
944	0.3445778
945	0.344727
946	0.3448652
947	0.34503459999999997
948	0.345204
949	0.3453731
950	0.34554440000000003
951	0.3457015
952	0.3458922
953	0.34611090000000005
954	0.3463029
955	0.3464777
956	0.3466373
957	0.3467821
958	0.34690529999999997
959	0.3470684
960	0.3472667
961	0.34743359999999995
962	0.3476088
963	0.3477906
964	0.3479732
965	0.3481675
966	0.3483663
967	0.34855590000000003
968	0.34871690000000005
969	0.3488852
970	0.34909709999999994
971	0.34936059999999997
972	0.34958579999999995
973	0.349825
974	0.35005790000000003
975	0.3501984
976	0.3503813
977	0.3505777
978	0.3507528
979	0.3510056
980	0.35122109999999995
981	0.3513861
982	0.35158190000000006
983	0.35181809999999997
984	0.35207309999999997
985	0.3523063
986	0.3524428
987	0.3526238
988	0.3528544
989	0.3530284
990	0.353204
991	0.3534047
992	0.35362209999999994
993	0.35376409999999997
994	0.3538774
995	0.3540317
996	0.3543
997	0.3545253
998	0.3547146
999	0.3548955
1000	0.3550656
1001	0.3543888
1002	0.354541
1003	0.3546837
1004	0.3548516
1005	0.3550359
1006	0.35528899999999997
1007	0.3554337
1008	0.3555262
1009	0.3556605
1010	0.35570820000000003
1011	0.3558481
1012	0.3561577
1013	0.35631999999999997
1014	0.35635009999999995
1015	0.3565051
1016	0.3566506
1017	0.35672550000000003
1018	0.3569013
1019	0.3572524
1020	0.35741090000000003
1021	0.35751809999999995
1022	0.3575882
1023	0.3574676
1024	0.3575348
1025	0.3576984
1026	0.35781929999999995
1027	0.3580302
1028	0.3582437
1029	0.3582913
1030	0.3581483
1031	0.3582364
1032	0.358294
1033	0.35846079999999997
1034	0.3588737
1035	0.3590812
1036	0.35925809999999997
1037	0.3593725
1038	0.35930840000000003
1039	0.3593824
1040	0.3594585
1041	0.3596115
1042	0.35972020000000005
1043	0.35990140000000004
1044	0.3600207
1045	0.3600576
1046	0.3601674
1047	0.3603622
1048	0.3604614
1049	0.3605084
1050	0.3605974
1051	0.3606248
1052	0.36070759999999996
1053	0.36089840000000006
1054	0.36101859999999997
1055	0.3610906
1056	0.3612198
1057	0.36128499999999997
1058	0.36126990000000003
1059	0.3613343
1060	0.3613838
1061	0.3615158
1062	0.3618102
1063	0.361914
1064	0.36190029999999995
1065	0.3619996
1066	0.3620326
1067	0.3621167
1068	0.3623334
1069	0.3625551
1070	0.36265349999999996
1071	0.36264409999999997
1072	0.3627169
1073	0.36276090000000005
1074	0.36284809999999995
1075	0.36298420000000003
1076	0.36310840000000005
1077	0.3632574
1078	0.3633551
1079	0.3634177
1080	0.3635095
1081	0.363591
1082	0.3636868
1083	0.3637086
1084	0.36374359999999994
1085	0.363856
1086	0.3639745
1087	0.364078
1088	0.36426709999999995
1089	0.3644035
1090	0.3644795
1091	0.36457090000000003
1092	0.36467059999999996
1093	0.36478590000000005
1094	0.36489740000000004
1095	0.3649913
1096	0.3650649
1097	0.365218
1098	0.3653865
1099	0.3654436
1100	0.36551609999999995
1101	0.36560170000000003
1102	0.36567259999999996
1103	0.3656649
1104	0.3657468
1105	0.36589140000000003
1106	0.3659937
1107	0.36613070000000003
1108	0.36623520000000004
1109	0.36629490000000003
1110	0.3663679
1111	0.3665098
1112	0.3665977
1113	0.3666868
1114	0.3667739
1115	0.3668591
1116	0.36690429999999996
1117	0.3669969
1118	0.3671118
1119	0.3672455
1120	0.36743059999999994
1121	0.36753600000000003
1122	0.3675883
1123	0.3677009
1124	0.3677942
1125	0.367927
1126	0.3680724
1127	0.36819050000000003
1128	0.3682112
1129	0.3682384
1130	0.36834659999999997
1131	0.36852640000000003
1132	0.36862990000000007
1133	0.3687623
1134	0.3688724
1135	0.3688833
1136	0.36897870000000005
1137	0.3691989
1138	0.36928829999999996
1139	0.3692757
1140	0.36936209999999997
1141	0.3694691
1142	0.3695462
1143	0.36968320000000005
1144	0.36980240000000003
1145	0.3698749
1146	0.3698593
1147	0.3699028
1148	0.36995170000000005
1149	0.37002070000000004
1150	0.37007779999999996
1151	0.3701783
1152	0.3703174
1153	0.3704705
1154	0.37058850000000004
1155	0.3706886
1156	0.3707989
1157	0.3709105
1158	0.3710324
1159	0.3711764
1160	0.3712769
1161	0.3713431
1162	0.3714322
1163	0.3715049
1164	0.3716244
1165	0.3717888
1166	0.3719156
1167	0.3720388
1168	0.3721804
1169	0.37231390000000003
1170	0.3724513
1171	0.3726109
1172	0.3727583
1173	0.3728772
1174	0.37299140000000003
1175	0.3731331
1176	0.37327059999999995
1177	0.3733915
1178	0.3735354
1179	0.3736618
1180	0.3737739
1181	0.3738842
1182	0.3739679
1183	0.3740859
1184	0.3742132
1185	0.3743567
1186	0.374502
1187	0.3746388
1188	0.37473959999999995
1189	0.3748381
1190	0.3749509
1191	0.37509000000000003
1192	0.3752207
1193	0.37531040000000004
1194	0.3754254
1195	0.3755616
1196	0.3756688
1197	0.3757389
1198	0.3758619
1199	0.3760131
1200	0.37611890000000003
1201	0.37621659999999996
1202	0.3763784
1203	0.3764916
1204	0.3765832
1205	0.3767026
1206	0.376776
1207	0.3768785
1208	0.3770501
1209	0.3772085
1210	0.3773307
1211	0.3774714
1212	0.377616
1213	0.3777362
1214	0.37785799999999997
1215	0.3780004
1216	0.378156
1217	0.37823520000000005
1218	0.3783533
1219	0.3785191
1220	0.37867090000000003
1221	0.3788147
1222	0.37895300000000004
1223	0.37907529999999995
1224	0.379203
1225	0.37936679999999995
1226	0.37952240000000004
1227	0.3796432
1228	0.3797811
1229	0.3799058
1230	0.38002329999999995
1231	0.3801355
1232	0.38026950000000004
1233	0.38041640000000004
1234	0.3805289
1235	0.38065140000000003
1236	0.38079120000000005
1237	0.3808843
1238	0.38097570000000003
1239	0.38112009999999996
1240	0.3812725
1241	0.381421
1242	0.3815656
1243	0.3817018
1244	0.38183049999999996
1245	0.38196529999999995
1246	0.3821321
1247	0.3822797
1248	0.3823842
1249	0.3824922
1250	0.3825858
1251	0.3826981
1252	0.382859
1253	0.3830008
1254	0.3831063
1255	0.383236
1256	0.3833626
1257	0.3834619
1258	0.3836062
1259	0.3837857
1260	0.38390159999999995
1261	0.3840197
1262	0.38415140000000003
1263	0.38425349999999997
1264	0.38436240000000005
1265	0.38445759999999995
1266	0.3845805
1267	0.3847567
1268	0.3849045
1269	0.3850352
1270	0.3851934
1271	0.38535759999999997
1272	0.3854901
1273	0.38562399999999997
1274	0.385761
1275	0.3859078
1276	0.3860703
1277	0.38622790000000007
1278	0.38636950000000003
1279	0.38648330000000003
1280	0.3865732
1281	0.3866615
1282	0.3868031
1283	0.3869843
1284	0.3870995
1285	0.3872271
1286	0.3874265
1287	0.3875712
1288	0.3876762
1289	0.3878042
1290	0.3879907
1291	0.38810120000000004
1292	0.3881995
1293	0.3883598
1294	0.38849259999999997
1295	0.38861100000000004
1296	0.38874159999999996
1297	0.3888682
1298	0.3889958
1299	0.38910659999999997
1300	0.38923070000000004
1301	0.3893835
1302	0.38952909999999996
1303	0.38966690000000004
1304	0.3897855
1305	0.3898884
1306	0.3900143
1307	0.3901465
1308	0.39027059999999997
1309	0.39040890000000006
1310	0.39056609999999997
1311	0.39067759999999996
1312	0.3907849
1313	0.3908955
1314	0.3909752
1315	0.3910705
1316	0.3911852
1317	0.39129440000000004
1318	0.39140349999999996
1319	0.39151909999999995
1320	0.39167379999999996
1321	0.39188890000000004
1322	0.3920329
1323	0.3920918
1324	0.3922334
1325	0.392386
1326	0.3924836
1327	0.3925958
1328	0.39276279999999997
1329	0.39293290000000003
1330	0.3929933
1331	0.3931038
1332	0.3932739
1333	0.3933658
1334	0.39341190000000004
1335	0.39352270000000006
1336	0.3936783
1337	0.39379759999999997
1338	0.3939086
1339	0.3940566
1340	0.39417620000000003
1341	0.3942652
1342	0.3943902
1343	0.3945099
1344	0.39461940000000006
1345	0.3947292
1346	0.39482849999999997
1347	0.3949812
1348	0.39514920000000003
1349	0.3952751
1350	0.39538870000000004
1351	0.3955147
1352	0.3956366
1353	0.3957433
1354	0.3958831
1355	0.39603259999999996
1356	0.39614629999999995
1357	0.39625720000000003
1358	0.3963874
1359	0.3965205
1360	0.39664040000000006
1361	0.39672820000000003
1362	0.3968312
1363	0.3969506
1364	0.3970297
1365	0.3971014
1366	0.3971732
1367	0.397246
1368	0.3973055
1369	0.39734
1370	0.3973586
1371	0.3973482
1372	0.3973133
1373	0.397264
1374	0.3972116
1375	0.3971435
1376	0.3970524
1377	0.39696
1378	0.39686220000000005
1379	0.39674929999999997
1380	0.39661840000000004
1381	0.3964656
1382	0.3962887
1383	0.39610619999999996
1384	0.395912
1385	0.39567670000000005
1386	0.3954357
1387	0.39519240000000005
1388	0.3949061
1389	0.3945941
1390	0.3942683
1391	0.3938914
1392	0.3934685
1393	0.3930575
1394	0.3926373
1395	0.39217490000000005
1396	0.39166259999999997
1397	0.3911623
1398	0.3906547
1399	0.3901178
1400	0.38954720000000004
1401	0.3890132
1402	0.3885012
1403	0.3879608
1404	0.38744520000000005
1405	0.3869597
1406	0.386475
1407	0.3860365
1408	0.3856515
1409	0.385306
1410	0.38502329999999996
1411	0.3847947
1412	0.3846852
1413	0.3846823
1414	0.3848182
1415	0.385157
1416	0.38557090000000005
1417	0.3861078
1418	0.38674169999999997
1419	0.3873432
1420	0.387998
1421	0.3886743
1422	0.3893144
1423	0.3899355
1424	0.3905458
1425	0.3911317
1426	0.3917215
1427	0.3923116
1428	0.39288229999999996
1429	0.3934224
1430	0.3939295
1431	0.3944103
1432	0.3948986
1433	0.39540040000000004
1434	0.3958683
1435	0.3963016
1436	0.3967367
1437	0.3971682
1438	0.39761799999999997
1439	0.39806990000000003
1440	0.398462
1441	0.3988116
1442	0.399165
1443	0.39951929999999997
1444	0.39985790000000004
1445	0.4001909
1446	0.40051240000000005
1447	0.40080609999999994
1448	0.40109670000000003
1449	0.4013682
1450	0.4016005
1451	0.40184749999999997
1452	0.4021225
1453	0.4023365
1454	0.402504
1455	0.40270009999999995
1456	0.4028785
1457	0.4030399
1458	0.40320100000000003
1459	0.4033865
1460	0.4035437
1461	0.4036872
1462	0.4038585
1463	0.4040238
1464	0.4041828
1465	0.4043833
1466	0.404604
1467	0.4048095
1468	0.40501040000000005
1469	0.4052137
1470	0.4054337
1471	0.4056969
1472	0.4059647
1473	0.40620209999999995
1474	0.4064538
1475	0.4067192
1476	0.4069795
1477	0.4072449
1478	0.4074928
1479	0.4077197
1480	0.40796420000000005
1481	0.40822620000000004
1482	0.4084595
1483	0.4086626
1484	0.4088902
1485	0.40912800000000005
1486	0.4093387
1487	0.40953809999999996
1488	0.4097638
1489	0.4100074000000001
1490	0.4101999
1491	0.4103698
1492	0.4105657999999999
1493	0.41074570000000005
1494	0.41090299999999996
1495	0.4110844
1496	0.41127020000000003
1497	0.4114648
1498	0.41165559999999995
1499	0.4118266
1500	0.4120254
1501	0.41221140000000006
1502	0.4123638
1503	0.41253379999999995
1504	0.4127107
1505	0.41287970000000007
1506	0.4130487
1507	0.4132233
1508	0.4134254
1509	0.4135856
1510	0.41370569999999995
1511	0.413866
1512	0.4140322
1513	0.4141916
1514	0.41435
1515	0.4144968
1516	0.41464209999999996
1517	0.41478109999999996
1518	0.414905
1519	0.4150188
1520	0.4151143
1521	0.41524849999999996
1522	0.4154259
1523	0.4155834
1524	0.41573240000000006
1525	0.415914
1526	0.4161237
1527	0.416278
1528	0.41643559999999996
1529	0.41658359999999994
1530	0.41668640000000007
1531	0.4167872
1532	0.4168702
1533	0.41701409999999994
1534	0.41718109999999997
1535	0.4173257000000001
1536	0.41746140000000004
1537	0.41761750000000003
1538	0.41775920000000005
1539	0.4178488
1540	0.4179692
1541	0.4181352
1542	0.4182514
1543	0.41837479999999994
1544	0.41854759999999996
1545	0.4186718
1546	0.4187803
1547	0.4189138
1548	0.4190183
1549	0.41913429999999996
1550	0.4192831
1551	0.4194278
1552	0.41958100000000004
1553	0.41977040000000004
1554	0.4199491
1555	0.42008370000000006
1556	0.42020509999999994
1557	0.420329
1558	0.4204759
1559	0.42061980000000004
1560	0.4207687
1561	0.42092809999999997
1562	0.42102470000000003
1563	0.4210741
1564	0.42114979999999996
1565	0.42126149999999996
1566	0.42139099999999996
1567	0.42152740000000005
1568	0.4216508
1569	0.42175029999999997
1570	0.42187420000000003
1571	0.42203500000000005
1572	0.42214759999999996
1573	0.42224709999999993
1574	0.4223883
1575	0.4225045
1576	0.42263770000000006
1577	0.4228459
1578	0.423015
1579	0.42314659999999993
1580	0.4232706
1581	0.4234023
1582	0.4235206
1583	0.4236023
1584	0.4237009
1585	0.4238048
1586	0.42391270000000003
1587	0.4240225
1588	0.4241415
1589	0.4242798
1590	0.4244059
1591	0.42450779999999994
1592	0.4246394
1593	0.4247932
1594	0.4249372
1595	0.4250621
1596	0.42519880000000004
1597	0.425321
1598	0.42539499999999997
1599	0.42548
1600	0.4256085
1601	0.42572959999999993
1602	0.4258331
1603	0.4259633
1604	0.4261133
1605	0.42621309999999996
1606	0.42629759999999994
1607	0.4264104
1608	0.4264862
1609	0.4265457
1610	0.4266808
1611	0.4268441
1612	0.4269458
1613	0.4270361
1614	0.4271665
1615	0.42728409999999994
1616	0.42737520000000007
1617	0.4274831
1618	0.4275604
1619	0.4276264
1620	0.42777209999999993
1621	0.42792709999999995
1622	0.4280469
1623	0.4281705
1624	0.4282589
1625	0.4283388
1626	0.4284812
1627	0.4286165
1628	0.42869170000000006
1629	0.4287544
1630	0.4288424
1631	0.42893869999999995
1632	0.42904719999999996
1633	0.4292013
1634	0.4293317
1635	0.4294227
1636	0.42954799999999993
1637	0.4296702
1638	0.429753
1639	0.4298563
1640	0.4299906
1641	0.43008779999999996
1642	0.4301874
1643	0.4303178
1644	0.43041940000000006
1645	0.4305053
1646	0.43057109999999993
1647	0.43063009999999996
1648	0.4307210999999999
1649	0.43082879999999996
1650	0.43094629999999995
1651	0.4310988
1652	0.4312509
1653	0.4313495
1654	0.4314424
1655	0.4315434
1656	0.43163640000000003
1657	0.43175640000000004
1658	0.4319031
1659	0.4320375
1660	0.43215470000000006
1661	0.4322765
1662	0.4323862
1663	0.4324923
1664	0.432613
1665	0.4327379
1666	0.4328959
1667	0.4330581
1668	0.4331688
1669	0.4332566
1670	0.4333606
1671	0.4334885
1672	0.43359780000000003
1673	0.43368270000000003
1674	0.4338059
1675	0.4339103
1676	0.43396890000000005
1677	0.4340675
1678	0.4341575
1679	0.43420829999999994
1680	0.43429709999999994
1681	0.43440920000000005
1682	0.4344893
1683	0.4345407
1684	0.4346018
1685	0.4346951
1686	0.43479890000000004
1687	0.43488069999999995
1688	0.4349512
1689	0.43504570000000004
1690	0.43514480000000005
1691	0.4352701
1692	0.4354241
1693	0.4355129
1694	0.43558100000000005
1695	0.43567510000000004
1696	0.43577429999999995
1697	0.43591540000000006
1698	0.43601709999999994
1699	0.436062
1700	0.4361597
1701	0.4362508
1702	0.4363062
1703	0.4364249
1704	0.4365634
1705	0.43665329999999997
1706	0.43675
1707	0.43686320000000006
1708	0.4369767
1709	0.43709040000000005
1710	0.43720240000000005
1711	0.43730699999999995
1712	0.4374067
1713	0.43750150000000004
1714	0.4375603
1715	0.43763159999999995
1716	0.43770770000000003
1717	0.43773
1718	0.4377509
1719	0.437817
1720	0.437875
1721	0.4378947
1722	0.43794620000000006
1723	0.4380174
1724	0.43806369999999994
1725	0.43810509999999997
1726	0.43816640000000007
1727	0.4382073
1728	0.4381992
1729	0.43824250000000003
1730	0.43831049999999994
1731	0.4383486
1732	0.43841
1733	0.43846499999999994
1734	0.43850600000000006
1735	0.4385743
1736	0.43867259999999997
1737	0.4387184
1738	0.4387424
1739	0.43885
1740	0.4389151
1741	0.4389067
1742	0.4389483
1743	0.4389965
1744	0.4389919
1745	0.4389949000000001
1746	0.4390173
1747	0.4390228
1748	0.4390263
1749	0.4390647
1750	0.4391678
1751	0.43927309999999997
1752	0.4393362
1753	0.43936790000000003
1754	0.43937079999999995
1755	0.4394095
1756	0.4394774
1757	0.43948950000000003
1758	0.43943370000000004
1759	0.4394696
1760	0.43955070000000007
1761	0.4396027
1762	0.4396991
1763	0.43979929999999995
1764	0.439856
1765	0.43991899999999995
1766	0.4400011
1767	0.4400344
1768	0.44003630000000005
1769	0.4400691
1770	0.44017959999999995
1771	0.44024540000000006
1772	0.44024769999999996
1773	0.4403235
1774	0.4403804
1775	0.4404141
1776	0.4405267
1777	0.44056999999999996
1778	0.4405992
1779	0.4407161
1780	0.44075640000000005
1781	0.4407776
1782	0.4408746
1783	0.44098909999999997
1784	0.4410832
1785	0.4411398
1786	0.4411945
1787	0.4412354
1788	0.4412499
1789	0.44132029999999994
1790	0.44142970000000004
1791	0.4414972
1792	0.4415976
1793	0.4417248
1794	0.44180969999999997
1795	0.44191260000000004
1796	0.4419659000000001
1797	0.441978
1798	0.4420495
1799	0.4420888
1800	0.44213450000000004
1801	0.44100159999999994
1802	0.4415862
1803	0.44201179999999995
1804	0.44255680000000003
1805	0.44306019999999996
1806	0.4432104
1807	0.44335420000000003
1808	0.4435692
1809	0.4437812
1810	0.4439567
1811	0.4441767
1812	0.4443305
1813	0.44433549999999994
1814	0.4445023
1815	0.4447839
1816	0.4449146
1817	0.4449361
1818	0.4450053
1819	0.44510459999999996
1820	0.44516940000000005
1821	0.4452794
1822	0.44545470000000004
1823	0.4456274
1824	0.44586090000000006
1825	0.4460077
1826	0.4460201
1827	0.44617629999999997
1828	0.4463549
1829	0.4464791
1830	0.44661769999999995
1831	0.4469263
1832	0.44708159999999997
1833	0.44702420000000004
1834	0.4471428
1835	0.4473237
1836	0.447313
1837	0.4473997
1838	0.4475455
1839	0.4476755
1840	0.4477946
1841	0.4479495
1842	0.4481367
1843	0.4482238
1844	0.44826409999999994
1845	0.4484106
1846	0.44848230000000006
1847	0.44844120000000004
1848	0.44850029999999996
1849	0.44859750000000004
1850	0.44871059999999996
1851	0.44871940000000005
1852	0.44875119999999996
1853	0.4488885
1854	0.44900569999999995
1855	0.4490063
1856	0.44898640000000006
1857	0.44905500000000004
1858	0.44908149999999997
1859	0.44903699999999996
1860	0.44903770000000004
1861	0.44897070000000006
1862	0.44881859999999996
1863	0.4487062
1864	0.4486103
1865	0.44844880000000004
1866	0.4483188
1867	0.44813729999999996
1868	0.44797129999999996
1869	0.4477554
1870	0.4474229
1871	0.4471906
1872	0.4469565
1873	0.4464941
1874	0.4461673
1875	0.44577089999999997
1876	0.44539540000000005
1877	0.4445952
1878	0.44379659999999993
1879	0.44310479999999997
1880	0.4423485
1881	0.44150320000000004
1882	0.4405492999999999
1883	0.43947890000000006
1884	0.4382707
1885	0.436854
1886	0.4353073
1887	0.43381909999999996
1888	0.4320348
1889	0.4299528
1890	0.42777879999999996
1891	0.4251753
1892	0.4223002
1893	0.41937120000000006
1894	0.41622879999999995
1895	0.4130624
1896	0.4097241
1897	0.4065053
1898	0.40336659999999996
1899	0.4002985
1900	0.3975761
1901	0.3953478
1902	0.393326
1903	0.3914793
1904	0.3899797
1905	0.3887763
1906	0.3878125
1907	0.38716799999999996
1908	0.3868723
1909	0.38671890000000003
1910	0.3866923
1911	0.38694
1912	0.38745050000000003
1913	0.38810479999999997
1914	0.38893
1915	0.3898366
1916	0.3908689
1917	0.3919092
1918	0.3929698
1919	0.39407709999999996
1920	0.39527340000000005
1921	0.3964743
1922	0.3977671
1923	0.39925340000000004
1924	0.4005968
1925	0.40179590000000004
1926	0.4028784
1927	0.4040222
1928	0.4051058
1929	0.406111
1930	0.4071656
1931	0.4082775
1932	0.409323
1933	0.41035070000000007
1934	0.41130730000000004
1935	0.4121959
1936	0.4131255999999999
1937	0.41402609999999995
1938	0.4148179
1939	0.415591
1940	0.41641990000000006
1941	0.4171055
1942	0.4177406
1943	0.41849220000000004
1944	0.41915979999999997
1945	0.41967250000000006
1946	0.42026009999999997
1947	0.42087420000000003
1948	0.42154759999999997
1949	0.42213590000000006
1950	0.4226259
1951	0.4231544
1952	0.4236851
1953	0.4242184
1954	0.4248624
1955	0.4253933
1956	0.42593400000000003
1957	0.426422
1958	0.426946
1959	0.42750459999999996
1960	0.4279952
1961	0.4285098
1962	0.42904220000000004
1963	0.42948640000000005
1964	0.4299168
1965	0.4304825
1966	0.43102029999999997
1967	0.4314844
1968	0.43193159999999997
1969	0.4324675
1970	0.4329875
1971	0.43346260000000003
1972	0.4340424
1973	0.43466350000000004
1974	0.43522159999999993
1975	0.4356103
1976	0.4360367
1977	0.4365794
1978	0.437047
1979	0.4374589
1980	0.43796229999999997
1981	0.4384906
1982	0.4389875
1983	0.4395883
1984	0.4400994000000001
1985	0.4404977
1986	0.4409804
1987	0.4414635
1988	0.4418974
1989	0.44233059999999996
1990	0.44281750000000003
1991	0.4433112
1992	0.4437906
1993	0.44429350000000006
1994	0.4448849
1995	0.44539350000000005
1996	0.44580929999999996
1997	0.4462481
1998	0.4468048
1999	0.44727740000000005
2000	0.4475048
2001	0.44792079999999995
2002	0.4484353
2003	0.4489694
2004	0.4494152
2005	0.4499376
2006	0.45062749999999996
2007	0.4510465
2008	0.4513834
2009	0.4518972
2010	0.45237269999999996
2011	0.4527847
2012	0.45328549999999995
2013	0.4537818
2014	0.45436679999999996
2015	0.45482219999999995
2016	0.45519030000000005
2017	0.4556449000000001
2018	0.45612790000000003
2019	0.4565762
2020	0.4569646
2021	0.45740870000000006
2022	0.4579387
2023	0.4583688
2024	0.4587767
2025	0.4592458
2026	0.4596669
2027	0.45998859999999997
2028	0.4603196
2029	0.4606742999999999
2030	0.4610094
2031	0.4612388
2032	0.46161149999999995
2033	0.4619742
2034	0.4622397
2035	0.4625339
2036	0.46288409999999997
2037	0.4632469
2038	0.46361099999999994
2039	0.4639485
2040	0.46419979999999994
2041	0.4645027
2042	0.4648965
2043	0.4652208
2044	0.46556140000000007
2045	0.4657865
2046	0.46598959999999995
2047	0.46619099999999997
2048	0.46648779999999995
2049	0.46685550000000003
2050	0.46711670000000005
2051	0.4673607
2052	0.4676117
2053	0.4677854
2054	0.4679997
2055	0.46824259999999995
2056	0.4685352
2057	0.4688785
2058	0.46911720000000007
2059	0.46943599999999996
2060	0.46969659999999996
2061	0.46972759999999997
2062	0.4698549
2063	0.4701406
2064	0.4703655
2065	0.4705705
2066	0.47085859999999996
2067	0.4710522
2068	0.4710897
2069	0.47123940000000003
2070	0.4714377
2071	0.4716026
2072	0.4717825
2073	0.4720608
2074	0.4722907
2075	0.47237870000000004
2076	0.4724848
2077	0.4726686
2078	0.47289430000000005
2079	0.4732446
2080	0.4734447
2081	0.47359470000000004
2082	0.47379570000000004
2083	0.47394759999999997
2084	0.4740554
2085	0.4741687
2086	0.4743496
2087	0.4744271
2088	0.4745777
2089	0.4749266
2090	0.4750864000000001
2091	0.47517780000000004
2092	0.47513240000000007
2093	0.4752714
2094	0.4753617
2095	0.47549600000000003
2096	0.4757973
2097	0.4760098
2098	0.4761809
2099	0.47633630000000005
2100	0.4765442
2101	0.4765601
2102	0.47663990000000006
2103	0.47697040000000007
2104	0.47728149999999997
2105	0.4775032
2106	0.4777152
2107	0.4778004
2108	0.4780062
2109	0.47834259999999995
2110	0.4785155
2111	0.4785295
2112	0.47873009999999994
2113	0.47896130000000003
2114	0.47920519999999994
2115	0.47959880000000005
2116	0.4799615
2117	0.4801107
2118	0.4802752
2119	0.48051359999999993
2120	0.4807624
2121	0.4809754
2122	0.481184
2123	0.48145659999999996
2124	0.48178059999999995
2125	0.4820063
2126	0.48225070000000003
2127	0.48244319999999996
2128	0.4825225
2129	0.48262619999999995
2130	0.48274979999999995
2131	0.4828952
2132	0.4830707
2133	0.4831008
2134	0.4831679
2135	0.4833188
2136	0.48337129999999995
2137	0.48329520000000004
2138	0.4832581
2139	0.4832012
2140	0.4831363
2141	0.4831021
2142	0.4829151
2143	0.48259399999999997
2144	0.48238630000000005
2145	0.48222
2146	0.48191890000000004
2147	0.4815358
2148	0.48120150000000006
2149	0.4806312
2150	0.48038679999999995
2151	0.48029679999999997
2152	0.480071
2153	0.4797018
2154	0.4791718
2155	0.47870219999999997
2156	0.47816490000000006
2157	0.47758779999999995
2158	0.4770201
2159	0.4764044
2160	0.47556670000000006
2161	0.47496279999999996
2162	0.4746106
2163	0.4740094
2164	0.4733866
2165	0.4727163
2166	0.4718696
2167	0.47101850000000006
2168	0.4704016
2169	0.46963019999999994
2170	0.46883549999999996
2171	0.46825249999999996
2172	0.467501
2173	0.4666362
2174	0.46588950000000007
2175	0.465192
2176	0.464417
2177	0.46368980000000004
2178	0.4628575
2179	0.4618781
2180	0.4609874
2181	0.46016590000000007
2182	0.45922570000000007
2183	0.4581821
2184	0.4572248
2185	0.4562016
2186	0.455234
2187	0.45434090000000005
2188	0.45354099999999997
2189	0.4525094
2190	0.4513365
2191	0.4502952
2192	0.44917890000000005
2193	0.44818779999999997
2194	0.4473899
2195	0.446459
2196	0.4454581
2197	0.4445429
2198	0.4436495
2199	0.4427394
2200	0.4417527
2201	0.4410057
2202	0.44042029999999993
2203	0.4397322
2204	0.4390840999999999
2205	0.43862570000000006
2206	0.4381069
2207	0.4375050999999999
2208	0.43708100000000005
2209	0.4370237
2210	0.4369478
2211	0.4368956
2212	0.43704729999999997
2213	0.4375088
2214	0.43771850000000007
2215	0.4378689
2216	0.43820410000000004
2217	0.4385857
2218	0.43889629999999996
2219	0.43938359999999993
2220	0.4397495
2221	0.4398641
2222	0.4401097
2223	0.4405268
2224	0.4408265
2225	0.4410709
2226	0.4412929
2227	0.4415357
2228	0.44175770000000003
2229	0.4420777
2230	0.44246
2231	0.4426811
2232	0.44271059999999995
2233	0.44287600000000005
2234	0.442996
2235	0.44308729999999996
2236	0.443217
2237	0.4433817
2238	0.44344300000000003
2239	0.44356850000000003
2240	0.44397539999999996
2241	0.4440701
2242	0.4438385
2243	0.4438108
2244	0.44369319999999995
2245	0.4437557
2246	0.44419179999999997
2247	0.44432559999999993
2248	0.44442429999999994
2249	0.4442554
2250	0.4442271
2251	0.444666
2252	0.4452706
2253	0.44552179999999997
2254	0.44553409999999993
2255	0.4457034000000001
2256	0.44589799999999996
2257	0.4461394
2258	0.4463809
2259	0.44657600000000003
2260	0.44693590000000005
2261	0.44751140000000006
2262	0.4478692
2263	0.4481643
2264	0.4485679
2265	0.449008
2266	0.44922429999999997
2267	0.44937669999999996
2268	0.4496639
2269	0.44981570000000004
2270	0.4499424
2271	0.4503187
2272	0.45053000000000004
2273	0.4505505
2274	0.4503916
2275	0.45058549999999997
2276	0.4509044
2277	0.4509903
2278	0.4509843
2279	0.45099399999999995
2280	0.45098130000000003
2281	0.4509195
2282	0.451006
2283	0.4511245
2284	0.45130790000000004
2285	0.4511553
2286	0.4509282
2287	0.4508081
2288	0.4502753
2289	0.45018420000000003
2290	0.45075109999999996
2291	0.45076459999999996
2292	0.4504936
2293	0.4503793
2294	0.45008100000000006
2295	0.44983069999999997
2296	0.44972929999999994
2297	0.4497162
2298	0.4496099
2299	0.449583
2300	0.4499071
2301	0.44990749999999996
2302	0.4496389
2303	0.4495285
2304	0.4497748
2305	0.4496512
2306	0.4491887
2307	0.44916229999999996
2308	0.44925249999999994
2309	0.4489815
2310	0.4489455
2311	0.449334
2312	0.4494844
2313	0.4491354
2314	0.4490345
2315	0.44931170000000004
2316	0.4492934
2317	0.4489974
2318	0.4489919
2319	0.4490345
2320	0.44912479999999994
2321	0.44956850000000004
2322	0.4494473
2323	0.4489762
2324	0.44881899999999997
2325	0.44842780000000004
2326	0.44815309999999997
2327	0.44822890000000004
2328	0.44813990000000004
2329	0.44777029999999995
2330	0.4476991
2331	0.44783779999999995
2332	0.4478932
2333	0.4481513
2334	0.44820370000000004
2335	0.4480567
2336	0.44808859999999995
2337	0.44839009999999996
2338	0.4481388
2339	0.4478893
2340	0.44802179999999997
2341	0.4478210999999999
2342	0.447429
2343	0.4473433
2344	0.4473103
2345	0.4473236
2346	0.4475505
2347	0.4476009
2348	0.44750779999999996
2349	0.44762870000000005
2350	0.4477630999999999
2351	0.4478276
2352	0.44786499999999996
2353	0.44778199999999996
2354	0.4475844
2355	0.4475009
2356	0.44772399999999996
2357	0.44770299999999996
2358	0.44740749999999996
2359	0.44735119999999995
2360	0.4472127
2361	0.4472974
2362	0.4479085
2363	0.44790329999999995
2364	0.44765740000000004
2365	0.4476059
2366	0.44708339999999996
2367	0.44699880000000003
2368	0.447412
2369	0.4474181
2370	0.44749170000000005
2371	0.4473945
2372	0.44699520000000004
2373	0.44667049999999997
2374	0.4462362
2375	0.4459407
2376	0.44579719999999995
2377	0.4458876
2378	0.4459005999999999
2379	0.4456529
2380	0.4456309
2381	0.4452184
2382	0.4444246
2383	0.4443903
2384	0.4439782
2385	0.44300429999999996
2386	0.4430519
2387	0.44314309999999996
2388	0.44263009999999997
2389	0.44242209999999993
2390	0.44221350000000004
2391	0.44174250000000004
2392	0.441629
2393	0.44176990000000005
2394	0.4415559
2395	0.44113990000000003
2396	0.44052659999999993
2397	0.44042570000000003
2398	0.4409535
2399	0.44060249999999995
2400	0.43977299999999997
2401	0.439499
2402	0.439551
2403	0.43948009999999993
2404	0.43927330000000003
2405	0.43874890000000005
2406	0.4381377
2407	0.43784290000000003
2408	0.4377388
2409	0.4375973
2410	0.4367863
2411	0.4356306
2412	0.43553220000000004
2413	0.43622440000000007
2414	0.4361521
2415	0.43581390000000003
2416	0.43545379999999995
2417	0.4344865
2418	0.433384
2419	0.4329826
2420	0.43305479999999996
2421	0.4321946
2422	0.43132259999999994
2423	0.4310964
2424	0.43030240000000003
2425	0.42954609999999993
2426	0.4294151
2427	0.4291099
2428	0.42808679999999993
2429	0.4269009
2430	0.4265482
2431	0.42645740000000004
2432	0.42553679999999994
2433	0.4248954000000001
2434	0.42493059999999994
2435	0.4242774
2436	0.42241670000000003
2437	0.422037
2438	0.4225749
2439	0.42185020000000006
2440	0.421166
2441	0.42094309999999996
2442	0.42022380000000004
2443	0.41954189999999997
2444	0.4196134
2445	0.41926450000000004
2446	0.4177362
2447	0.4170991
2448	0.4175344
2449	0.4171643
2450	0.4167607
2451	0.41646059999999996
2452	0.41544259999999994
2453	0.41462340000000003
2454	0.4142981
2455	0.4135116
2456	0.41161640000000005
2457	0.4118692
2458	0.41425029999999996
2459	0.4140416
2460	0.4138193
2461	0.4134566
2462	0.41012790000000005
2463	0.4091987
2464	0.4108478
2465	0.41066670000000005
2466	0.41001400000000005
2467	0.40992449999999997
2468	0.40980140000000004
2469	0.4089771
2470	0.4075265
2471	0.40692790000000006
2472	0.4065593
2473	0.4057544
2474	0.4056628
2475	0.4050808
2476	0.40280659999999996
2477	0.40165609999999996
2478	0.4019
2479	0.401432
2480	0.4009813
2481	0.39979190000000003
2482	0.3964364
2483	0.3968343
2484	0.4008948
2485	0.40058140000000003
2486	0.399068
2487	0.40050929999999996
2488	0.401098
2489	0.3998741
2490	0.4022324
2491	0.40210009999999996
2492	0.3948454
2493	0.39192150000000003
2494	0.39300559999999995
2495	0.3927575
2496	0.39150450000000003
2497	0.3912562
2498	0.39250029999999997
2499	0.3937738
2500	0.39685770000000004
