350	0.09998430000000001
351	0.0960923
352	0.0976235
353	0.09637489999999999
354	0.0936291
355	0.0949842
356	0.09458330000000001
357	0.092753
358	0.091438
359	0.0934269
360	0.09544
361	0.09516489999999998
362	0.0942945
363	0.09438869999999999
364	0.0958068
365	0.0975702
366	0.09806619999999999
367	0.09750299999999999
368	0.097265
369	0.0985797
370	0.0994819
371	0.0979
372	0.0982465
373	0.09865310000000001
374	0.0979172
375	0.09917949999999999
376	0.1000587
377	0.1002549
378	0.10294760000000001
379	0.1033224
380	0.1023193
381	0.1040435
382	0.10482089999999998
383	0.10461500000000001
384	0.1043391
385	0.10489480000000001
386	0.1058458
387	0.1066539
388	0.1068484
389	0.107404
390	0.1083381
391	0.10820999999999999
392	0.10877850000000001
393	0.10980699999999999
394	0.11005410000000002
395	0.110443
396	0.11111199999999999
397	0.1119825
398	0.11288669999999999
399	0.1134702
400	0.1135777
401	0.1134343
402	0.1138067
403	0.11466099999999999
404	0.1148768
405	0.115272
406	0.1159633
407	0.1167618
408	0.11705170000000001
409	0.11719089999999999
410	0.1176683
411	0.11812
412	0.1185415
413	0.11904260000000001
414	0.1200108
415	0.1209066
416	0.1214219
417	0.1213825
418	0.1215405
419	0.1220261
420	0.1226597
421	0.12332169999999999
422	0.12388339999999998
423	0.1242952
424	0.12497539999999999
425	0.1255569
426	0.1258715
427	0.1264952
428	0.1271007
429	0.1276023
430	0.1282232
431	0.12877529999999998
432	0.1293313
433	0.13008789999999998
434	0.1308631
435	0.1315242
436	0.13203020000000001
437	0.1328499
438	0.1336871
439	0.1343498
440	0.13510479999999997
441	0.1358585
442	0.1365981
443	0.13741689999999998
444	0.1381167
445	0.13873570000000002
446	0.1394226
447	0.13996960000000003
448	0.1405108
449	0.1412076
450	0.14191220000000002
451	0.1425418
452	0.14309670000000002
453	0.14379
454	0.1444175
455	0.14498970000000003
456	0.1457943
457	0.1464083
458	0.1468971
459	0.1475394
460	0.14808
461	0.1485938
462	0.14918679999999998
463	0.1497537
464	0.1502542
465	0.1506689
466	0.1509761
467	0.1514172
468	0.1520099
469	0.1525463
470	0.15306329999999999
471	0.1535481
472	0.1539797
473	0.1543711
474	0.1548664
475	0.15552629999999998
476	0.1559478
477	0.1563945
478	0.1569747
479	0.1574202
480	0.15791429999999998
481	0.1584816
482	0.1590299
483	0.1596526
484	0.16023370000000003
485	0.16062939999999998
486	0.16119360000000002
487	0.16175520000000002
488	0.16218339999999998
489	0.1628072
490	0.1634007
491	0.1639172
492	0.16465510000000003
493	0.1653433
494	0.1659711
495	0.1666872
496	0.1673029
497	0.16791170000000002
498	0.1686505
499	0.169336
500	0.1699072
501	0.17040360000000002
502	0.1711351
503	0.1718428
504	0.17245850000000001
505	0.1731894
506	0.1739154
507	0.1746254
508	0.1753555
509	0.17603339999999998
510	0.1766931
511	0.1773865
512	0.1780888
513	0.1788297
514	0.17960120000000002
515	0.180278
516	0.18098129999999998
517	0.1817206
518	0.1823793
519	0.1830765
520	0.1838227
521	0.1845819
522	0.1853342
523	0.1860545
524	0.18674649999999998
525	0.1875384
526	0.18835410000000002
527	0.1891328
528	0.18984600000000001
529	0.1906775
530	0.1915711
531	0.1922658
532	0.1930181
533	0.19387279999999998
534	0.19479100000000002
535	0.19560329999999998
536	0.19637770000000002
537	0.1972055
538	0.1981285
539	0.1990563
540	0.1999524
541	0.2008549
542	0.2017621
543	0.20267829999999998
544	0.2036069
545	0.20456749999999999
546	0.2055513
547	0.2065417
548	0.2075319
549	0.20856970000000002
550	0.20967979999999997
551	0.21082960000000003
552	0.21199479999999998
553	0.21319770000000005
554	0.21452729999999998
555	0.21585700000000002
556	0.2171509
557	0.21841660000000002
558	0.2196966
559	0.22091129999999998
560	0.22201759999999998
561	0.22318690000000002
562	0.2243772
563	0.2255502
564	0.2266875
565	0.22779970000000002
566	0.2289161
567	0.23007429999999998
568	0.23123089999999996
569	0.2323689
570	0.2334844
571	0.23461439999999997
572	0.235656
573	0.2365794
574	0.2376282
575	0.2387507
576	0.23988130000000002
577	0.2409369
578	0.24196729999999997
579	0.2429741
580	0.2439489
581	0.2449367
582	0.2459025
583	0.24681060000000002
584	0.2476905
585	0.24856620000000001
586	0.24944270000000002
587	0.2502647
588	0.25111839999999996
589	0.25199829999999995
590	0.2528262
591	0.25365540000000003
592	0.2544118
593	0.25500500000000004
594	0.25555140000000004
595	0.25607399999999997
596	0.2566029
597	0.2572566
598	0.25797689999999995
599	0.25871170000000004
600	0.2594341
601	0.2601489
602	0.2608604
603	0.2615805
604	0.26227940000000005
605	0.26294570000000006
606	0.2635837
607	0.2642239
608	0.2648499
609	0.2654627
610	0.2660912
611	0.26674590000000004
612	0.26739359999999995
613	0.26796729999999996
614	0.2685825
615	0.269217
616	0.2698127
617	0.2703513
618	0.2709123
619	0.2715199
620	0.2720413
621	0.2726082
622	0.2732053
623	0.273671
624	0.2741695
625	0.2747175
626	0.27528109999999995
627	0.2758647
628	0.2764257
629	0.276938
630	0.27743340000000005
631	0.27793809999999997
632	0.27846190000000004
633	0.2789928
634	0.2795183
635	0.28003259999999996
636	0.2805298
637	0.28098850000000003
638	0.28148809999999996
639	0.2820756
640	0.2825768
641	0.28306129999999996
642	0.2835655
643	0.2840508
644	0.2845241
645	0.2849866
646	0.285441
647	0.2859684
648	0.28650559999999997
649	0.28697649999999997
650	0.2874624
651	0.2879508
652	0.2884388
653	0.2889685
654	0.2894835
655	0.2899808
656	0.29050170000000003
657	0.2909394
658	0.2913628
659	0.2918663
660	0.29227270000000005
661	0.292693
662	0.2932037
663	0.293716
664	0.2942055
665	0.2946748
666	0.29516020000000004
667	0.2955841
668	0.29600479999999996
669	0.2965182
670	0.2969998
671	0.2974883
672	0.29800920000000003
673	0.2984619
674	0.298894
675	0.29935300000000004
676	0.29989899999999997
677	0.3003852
678	0.30083190000000004
679	0.3013234
680	0.3017825
681	0.3022513
682	0.3027557
683	0.3031853
684	0.30368429999999996
685	0.3042698
686	0.3047684
687	0.30528140000000004
688	0.3058167
689	0.3063488
690	0.3069035
691	0.3074603
692	0.3079969
693	0.3085067
694	0.30900370000000005
695	0.3095022
696	0.3100125
697	0.31052090000000004
698	0.3110289
699	0.3115436
700	0.3120562
701	0.3125843
702	0.3131292
703	0.3136025
704	0.3140874
705	0.3146116
706	0.3151074
707	0.3155593
708	0.31599140000000003
709	0.31645490000000004
710	0.31691590000000003
711	0.3174155
712	0.3179765
713	0.31848540000000003
714	0.3189366
715	0.31936220000000004
716	0.3198594
717	0.320305
718	0.3207366
719	0.3212664
720	0.32171659999999996
721	0.32213179999999997
722	0.3225837
723	0.3230538
724	0.32354390000000005
725	0.32402800000000004
726	0.3244218
727	0.3248684
728	0.3253763
729	0.3258855
730	0.32634209999999997
731	0.32676350000000004
732	0.32718159999999996
733	0.32759240000000006
734	0.32804520000000004
735	0.3285298
736	0.3289267
737	0.32940440000000004
738	0.32991329999999996
739	0.330317
740	0.33078670000000004
741	0.3312685
742	0.3316993
743	0.3321289
744	0.33253590000000005
745	0.33293379999999995
746	0.3333906
747	0.33387859999999997
748	0.3343523
749	0.3347659
750	0.3351877
751	0.3356309
752	0.33608709999999997
753	0.3365015
754	0.3369228
755	0.3373595
756	0.33777429999999997
757	0.33818109999999996
758	0.33860690000000004
759	0.3390683
760	0.3394603
761	0.3398489
762	0.3402755
763	0.34067390000000003
764	0.34103920000000004
765	0.3413972
766	0.34180459999999996
767	0.3422696
768	0.3427396
769	0.34314759999999994
770	0.3434624
771	0.3438083
772	0.3442386
773	0.34463740000000004
774	0.3450264
775	0.3454015
776	0.34574770000000005
777	0.34609270000000003
778	0.3464673
779	0.34687670000000004
780	0.34722529999999996
781	0.3475543
782	0.3479
783	0.3482921
784	0.34868920000000003
785	0.34905820000000004
786	0.3493762
787	0.34969920000000004
788	0.3500534
789	0.3504326
790	0.3507421
791	0.35105349999999996
792	0.3513969
793	0.3517563
794	0.352112
795	0.3524162
796	0.35264120000000004
797	0.3529652
798	0.3533183
799	0.353628
800	0.3538571
801	0.3541474
802	0.35451550000000004
803	0.3548877
804	0.3551968
805	0.3554496
806	0.3556723
807	0.3558502
808	0.3561245
809	0.356498
810	0.35675100000000004
811	0.3570109
812	0.3572931
813	0.357567
814	0.3577982
815	0.3580157
816	0.3582504
817	0.358513
818	0.35877729999999997
819	0.3590266
820	0.3592524
821	0.35955149999999997
822	0.35982359999999997
823	0.3599575
824	0.3600869
825	0.3602643
826	0.36050570000000004
827	0.3607868
828	0.3609903
829	0.3611538
830	0.36138899999999996
831	0.3616282
832	0.36184190000000005
833	0.36200970000000005
834	0.3621067
835	0.3622554
836	0.36248159999999996
837	0.362718
838	0.3629375
839	0.36313270000000003
840	0.3633105
841	0.3634884
842	0.36369359999999995
843	0.3639083
844	0.3640257
845	0.364153
846	0.36430959999999996
847	0.36447609999999997
848	0.36465949999999997
849	0.3648263
850	0.36495879999999997
851	0.365095
852	0.3652776
853	0.3654947
854	0.36568459999999997
855	0.3658007
856	0.3659051
857	0.3660704
858	0.36626679999999995
859	0.3664048
860	0.3664845
861	0.3666435
862	0.3668037
863	0.3669345
864	0.3670382
865	0.36727129999999997
866	0.36747620000000003
867	0.3675731
868	0.3677395
869	0.3679133
870	0.3680768
871	0.36823670000000003
872	0.3684115
873	0.36857340000000005
874	0.3686992
875	0.36880359999999995
876	0.3689368
877	0.3691105
878	0.36929509999999993
879	0.3694658
880	0.369618
881	0.3697612
882	0.36993190000000004
883	0.37012940000000005
884	0.37033590000000005
885	0.370514
886	0.37062470000000003
887	0.370693
888	0.3707831
889	0.370989
890	0.371221
891	0.37140159999999994
892	0.37151809999999996
893	0.3716744
894	0.3718698
895	0.37203709999999995
896	0.3721435
897	0.3722712
898	0.3724847
899	0.37273649999999997
900	0.37296440000000003
901	0.3731452
902	0.3732955
903	0.3735232
904	0.3737713
905	0.3739597
906	0.3740982
907	0.37424240000000003
908	0.3744147
909	0.3745973
910	0.374801
911	0.3750341
912	0.3752813
913	0.375408
914	0.37555040000000006
915	0.3757795
916	0.3760458
917	0.37629440000000003
918	0.3764929
919	0.3766409
920	0.376865
921	0.377108
922	0.3773183
923	0.3774875
924	0.37764780000000003
925	0.37784270000000003
926	0.3781064
927	0.37832209999999994
928	0.3785509
929	0.37882
930	0.3790122
931	0.3792543
932	0.3795059
933	0.3796434
934	0.3798087
935	0.3800352
936	0.3803017
937	0.3804905
938	0.3806427
939	0.38084409999999996
940	0.3811968
941	0.3814256
942	0.3815923
943	0.3817977
944	0.3820524
945	0.3823071
946	0.3825274
947	0.38269990000000004
948	0.38298259999999995
949	0.3832541
950	0.3834039
951	0.383577
952	0.3837556
953	0.38398059999999995
954	0.38433290000000003
955	0.38457509999999995
956	0.384751
957	0.3849422
958	0.3850916
959	0.3853765
960	0.3857366
961	0.38589309999999993
962	0.386094
963	0.3863037
964	0.3864694
965	0.38672929999999994
966	0.3870028
967	0.387236
968	0.3874057
969	0.38759140000000003
970	0.38783470000000003
971	0.3881323
972	0.388357
973	0.388644
974	0.3889336
975	0.3889875
976	0.3891578
977	0.38942709999999997
978	0.389705
979	0.3899803
980	0.3902445
981	0.3904915
982	0.39071690000000003
983	0.39094179999999995
984	0.3911765
985	0.39142129999999997
986	0.39165900000000003
987	0.3918793
988	0.39210209999999995
989	0.39236570000000004
990	0.39250759999999996
991	0.39266209999999996
992	0.3929413
993	0.3931947
994	0.39341909999999997
995	0.39362420000000004
996	0.3938273
997	0.3939617
998	0.3940548
999	0.3941735
1000	0.3944547
1001	0.3938256
1002	0.3939966
1003	0.39412420000000004
1004	0.3941716
1005	0.3943541
1006	0.3945437
1007	0.3947442
1008	0.3950681
1009	0.39529369999999997
1010	0.3955014
1011	0.39564279999999996
1012	0.39562729999999996
1013	0.3957803
1014	0.3960269
1015	0.3961953
1016	0.3963363
1017	0.39655
1018	0.3967231
1019	0.39675170000000004
1020	0.39690359999999997
1021	0.3971945
1022	0.39739220000000003
1023	0.3975145
1024	0.3977059
1025	0.39801490000000006
1026	0.3981699
1027	0.39820409999999995
1028	0.3983486
1029	0.3984218
1030	0.3983306
1031	0.39845690000000006
1032	0.3986897
1033	0.3989173
1034	0.3992963
1035	0.3994999
1036	0.3996426
1037	0.3997848
1038	0.3998184
1039	0.39989759999999996
1040	0.399919
1041	0.4001152
1042	0.4002462
1043	0.4003848
1044	0.40050209999999997
1045	0.4006772
1046	0.4007314
1047	0.40061679999999994
1048	0.4007146
1049	0.40085740000000003
1050	0.4010092
1051	0.4013659
1052	0.401559
1053	0.4016066
1054	0.4017136
1055	0.4017656
1056	0.401889
1057	0.4020198
1058	0.40221640000000003
1059	0.4023401
1060	0.4024562
1061	0.4025533
1062	0.40256859999999994
1063	0.402672
1064	0.4028094
1065	0.40295879999999995
1066	0.40319540000000004
1067	0.40335909999999997
1068	0.4035478
1069	0.4036006
1070	0.4037152
1071	0.40381469999999997
1072	0.40390729999999997
1073	0.4039791
1074	0.4040959
1075	0.4042295
1076	0.4043202
1077	0.40440490000000007
1078	0.4045414
1079	0.40464120000000003
1080	0.404777
1081	0.4050048
1082	0.4052139
1083	0.4053375
1084	0.4054459
1085	0.4055125
1086	0.4054652
1087	0.4055849
1088	0.4057445
1089	0.4059176
1090	0.40624140000000003
1091	0.4064236
1092	0.40652699999999997
1093	0.406639
1094	0.4066925
1095	0.4067825
1096	0.4068418
1097	0.40698720000000005
1098	0.40717190000000003
1099	0.40731809999999996
1100	0.4074758
1101	0.4076785
1102	0.40781009999999995
1103	0.4078811
1104	0.407991
1105	0.4081123
1106	0.4082083
1107	0.4082779
1108	0.4083786
1109	0.4084735
1110	0.4085778
1111	0.4086632
1112	0.40881290000000003
1113	0.4089466
1114	0.4089156
1115	0.408992
1116	0.409099
1117	0.4092155
1118	0.4093496
1119	0.40949250000000004
1120	0.4096977
1121	0.4097813
1122	0.40979350000000003
1123	0.4098754
1124	0.4099469
1125	0.4099215
1126	0.4100851
1127	0.4102755
1128	0.41028339999999996
1129	0.4103321
1130	0.41047269999999997
1131	0.4106431
1132	0.4107603
1133	0.4109924
1134	0.41111970000000003
1135	0.4110235
1136	0.41114940000000005
1137	0.4114865
1138	0.41162920000000003
1139	0.4117389
1140	0.4118964
1141	0.4119343
1142	0.41191099999999997
1143	0.41199140000000006
1144	0.41213950000000005
1145	0.4122697
1146	0.4123782999999999
1147	0.4125068
1148	0.4127507
1149	0.41280390000000006
1150	0.41263999999999995
1151	0.41273679999999996
1152	0.4129166
1153	0.4130188
1154	0.41315509999999994
1155	0.41335500000000003
1156	0.41346579999999994
1157	0.41352570000000005
1158	0.41372479999999995
1159	0.41394380000000003
1160	0.4140075
1161	0.4140567
1162	0.4141455
1163	0.4142234
1164	0.4143469
1165	0.4145424
1166	0.41466359999999997
1167	0.414734
1168	0.4148791
1169	0.4150335
1170	0.4151863
1171	0.41539129999999996
1172	0.41554940000000007
1173	0.41562829999999995
1174	0.41575920000000005
1175	0.41594790000000004
1176	0.4161107
1177	0.4162674
1178	0.416425
1179	0.41655200000000003
1180	0.4166282
1181	0.41674970000000006
1182	0.4168454000000001
1183	0.41697870000000004
1184	0.4171333
1185	0.41734790000000005
1186	0.4175308
1187	0.41765379999999996
1188	0.41769670000000003
1189	0.41774799999999995
1190	0.4178307
1191	0.4179306
1192	0.41812209999999994
1193	0.4183013
1194	0.4184459
1195	0.41857740000000004
1196	0.41872609999999993
1197	0.4188437
1198	0.41897170000000006
1199	0.4191147
1200	0.4192472
1201	0.4193669
1202	0.4194907
1203	0.41955749999999997
1204	0.41963249999999996
1205	0.4197083
1206	0.4198081
1207	0.4199667
1208	0.420079
1209	0.42022309999999996
1210	0.4204161
1211	0.4205238
1212	0.4206398
1213	0.42082709999999995
1214	0.42108690000000004
1215	0.4212352
1216	0.421368
1217	0.42155990000000004
1218	0.4216799
1219	0.4217375
1220	0.4218809
1221	0.422076
1222	0.42224529999999993
1223	0.422378
1224	0.42249
1225	0.42261990000000005
1226	0.4227611
1227	0.4229102
1228	0.4230371
1229	0.4231652
1230	0.4233469
1231	0.42354220000000004
1232	0.42369179999999995
1233	0.4238813
1234	0.4240794
1235	0.42413429999999996
1236	0.4241937
1237	0.42436359999999995
1238	0.4245097
1239	0.4246397
1240	0.42477070000000006
1241	0.4249028
1242	0.42505740000000003
1243	0.42517559999999993
1244	0.4253156
1245	0.4255175
1246	0.42565990000000004
1247	0.4257194
1248	0.42582359999999997
1249	0.4259675
1250	0.4260920999999999
1251	0.42621359999999997
1252	0.42642759999999996
1253	0.4266322
1254	0.4267502
1255	0.42687309999999995
1256	0.42705370000000004
1257	0.4271939
1258	0.42729759999999994
1259	0.42743909999999996
1260	0.42755020000000005
1261	0.4276891
1262	0.42789799999999995
1263	0.4280846
1264	0.4282363
1265	0.4283924
1266	0.42853559999999996
1267	0.42861350000000004
1268	0.42872319999999997
1269	0.42883509999999997
1270	0.429037
1271	0.429183
1272	0.42932429999999994
1273	0.4294876
1274	0.42956590000000006
1275	0.4296705
1276	0.4298247
1277	0.42996059999999997
1278	0.43013
1279	0.43022380000000005
1280	0.4303178
1281	0.43055459999999995
1282	0.4307396
1283	0.430871
1284	0.4310474
1285	0.4312232
1286	0.4314203
1287	0.4315644
1288	0.4317321
1289	0.4318331
1290	0.4319471
1291	0.43208690000000005
1292	0.4321915
1293	0.4323379
1294	0.43251709999999993
1295	0.43262259999999997
1296	0.43269929999999995
1297	0.4328817
1298	0.4331311
1299	0.43328820000000007
1300	0.43342650000000005
1301	0.43361140000000004
1302	0.43372209999999994
1303	0.43380290000000005
1304	0.4339549
1305	0.4341397
1306	0.43428729999999993
1307	0.43439079999999997
1308	0.43447060000000004
1309	0.4346237
1310	0.43478
1311	0.43489849999999997
1312	0.4349992999999999
1313	0.4350625
1314	0.43514390000000003
1315	0.43523190000000006
1316	0.43533409999999995
1317	0.43546660000000004
1318	0.43555659999999996
1319	0.43567269999999997
1320	0.4358397
1321	0.43597749999999996
1322	0.43613019999999997
1323	0.4362884
1324	0.4364116
1325	0.4365941
1326	0.4367710999999999
1327	0.43694440000000007
1328	0.43711000000000005
1329	0.43728729999999993
1330	0.4374662
1331	0.4376127
1332	0.43769790000000003
1333	0.43779809999999997
1334	0.43788530000000003
1335	0.4379509
1336	0.4381165
1337	0.43830559999999996
1338	0.4384726
1339	0.43862870000000004
1340	0.4387856
1341	0.4389478
1342	0.43903760000000003
1343	0.4390888
1344	0.4391764
1345	0.43924250000000004
1346	0.4392456
1347	0.4393263
1348	0.43947079999999994
1349	0.43954709999999997
1350	0.4395778
1351	0.43967170000000005
1352	0.4397826
1353	0.4397747
1354	0.43979009999999996
1355	0.439891
1356	0.43998459999999995
1357	0.4401045
1358	0.44023500000000004
1359	0.44029880000000005
1360	0.4403531
1361	0.44041790000000003
1362	0.4405239
1363	0.44067510000000004
1364	0.440755
1365	0.4408478
1366	0.44095779999999996
1367	0.4409831
1368	0.44102709999999995
1369	0.4411016
1370	0.44112529999999994
1371	0.44112219999999996
1372	0.441072
1373	0.44098990000000005
1374	0.4409026
1375	0.44077879999999997
1376	0.44060790000000005
1377	0.4404582
1378	0.44026499999999996
1379	0.4400524
1380	0.4398769
1381	0.43970109999999996
1382	0.43951049999999997
1383	0.43927609999999995
1384	0.4390925
1385	0.43897129999999995
1386	0.4388245
1387	0.438611
1388	0.43833950000000005
1389	0.43807529999999995
1390	0.43776850000000006
1391	0.4373944
1392	0.43702559999999996
1393	0.4366474
1394	0.4362334
1395	0.43578199999999995
1396	0.43533679999999997
1397	0.43483
1398	0.43423540000000005
1399	0.43366509999999997
1400	0.4330702
1401	0.4325063
1402	0.43194609999999994
1403	0.4313717000000001
1404	0.43086949999999996
1405	0.4304222
1406	0.4299616
1407	0.42956819999999996
1408	0.4291786
1409	0.4287715999999999
1410	0.4284646
1411	0.42818890000000004
1412	0.42800889999999997
1413	0.4279529
1414	0.4280608
1415	0.428428
1416	0.42890159999999994
1417	0.42948220000000004
1418	0.43013359999999995
1419	0.4307675
1420	0.4314308
1421	0.4320916
1422	0.4327465999999999
1423	0.43341540000000006
1424	0.43403
1425	0.43461409999999995
1426	0.4352125
1427	0.43579300000000004
1428	0.43635619999999997
1429	0.4369174
1430	0.4374656
1431	0.437993
1432	0.43848820000000005
1433	0.4390072
1434	0.4395379
1435	0.4400297
1436	0.44051239999999997
1437	0.44095680000000004
1438	0.4413323
1439	0.44169830000000004
1440	0.44207420000000003
1441	0.4424686
1442	0.44285
1443	0.4431656
1444	0.4435093
1445	0.4438765
1446	0.44417170000000006
1447	0.44448000000000004
1448	0.4447842000000001
1449	0.4450746
1450	0.44533459999999997
1451	0.4456047000000001
1452	0.44588409999999995
1453	0.44612470000000004
1454	0.44632790000000006
1455	0.44653919999999997
1456	0.4467596
1457	0.4469442
1458	0.44710829999999996
1459	0.44724719999999996
1460	0.44740459999999993
1461	0.44759399999999994
1462	0.44775249999999994
1463	0.4478724
1464	0.44799140000000004
1465	0.44811590000000007
1466	0.44830820000000005
1467	0.44853519999999997
1468	0.4487061
1469	0.4489338
1470	0.44917700000000005
1471	0.44937429999999995
1472	0.4496807
1473	0.44999170000000005
1474	0.450209
1475	0.4504742
1476	0.4507685
1477	0.4510414000000001
1478	0.45133249999999997
1479	0.4516267
1480	0.4518682
1481	0.45203409999999994
1482	0.45222790000000007
1483	0.45242040000000006
1484	0.4526272
1485	0.452841
1486	0.4530589
1487	0.453293
1488	0.45350329999999994
1489	0.4537013
1490	0.4538932
1491	0.4540621
1492	0.4542366
1493	0.4543968
1494	0.4546134
1495	0.4548177
1496	0.45500029999999997
1497	0.4551755
1498	0.45533149999999994
1499	0.4555037
1500	0.45572700000000005
1501	0.4559387
1502	0.4561193
1503	0.45629090000000005
1504	0.45642829999999995
1505	0.45660290000000003
1506	0.4568072
1507	0.4569956
1508	0.45722970000000007
1509	0.4574456
1510	0.4576112
1511	0.45777399999999996
1512	0.4579402
1513	0.45810730000000005
1514	0.4582725
1515	0.4584653
1516	0.45861409999999997
1517	0.458716
1518	0.4588674
1519	0.45901800000000004
1520	0.4591429
1521	0.45929090000000006
1522	0.4594768
1523	0.45963950000000003
1524	0.4597933
1525	0.45996899999999996
1526	0.4601633
1527	0.46030329999999997
1528	0.4604116
1529	0.460531
1530	0.460642
1531	0.46075609999999995
1532	0.46086009999999994
1533	0.4609978
1534	0.46114040000000006
1535	0.46127890000000005
1536	0.4614549
1537	0.4616674
1538	0.46183040000000003
1539	0.46195649999999994
1540	0.4621001
1541	0.4622585
1542	0.46238779999999996
1543	0.46250859999999994
1544	0.462659
1545	0.4627553
1546	0.4628392
1547	0.4629505
1548	0.4630188
1549	0.46312079999999994
1550	0.4632923
1551	0.4634420999999999
1552	0.46357079999999995
1553	0.4637236
1554	0.46386809999999995
1555	0.46398729999999994
1556	0.46414340000000004
1557	0.46431819999999996
1558	0.46441869999999996
1559	0.4645126
1560	0.46468919999999997
1561	0.4648233
1562	0.4649045
1563	0.46503710000000004
1564	0.465133
1565	0.4651929
1566	0.46532070000000003
1567	0.46548090000000003
1568	0.46561499999999995
1569	0.46572209999999997
1570	0.4658026
1571	0.46588090000000004
1572	0.4659839
1573	0.46605569999999996
1574	0.4661042
1575	0.46621840000000003
1576	0.46636530000000004
1577	0.46654409999999996
1578	0.4667037
1579	0.46691869999999996
1580	0.467077
1581	0.4671787
1582	0.46732529999999994
1583	0.4674858
1584	0.4676308
1585	0.4677941
1586	0.4679038
1587	0.4679892
1588	0.4680903
1589	0.46816579999999997
1590	0.4682245
1591	0.4682492999999999
1592	0.46833149999999996
1593	0.4684215
1594	0.46851990000000004
1595	0.46865730000000005
1596	0.4688458
1597	0.4689956
1598	0.46913900000000003
1599	0.4692802
1600	0.4693964
1601	0.4695808
1602	0.46976579999999996
1603	0.4698701
1604	0.47001629999999994
1605	0.47013999999999995
1606	0.47014809999999996
1607	0.4702557
1608	0.47045590000000004
1609	0.47056709999999996
1610	0.4706772
1611	0.4708448
1612	0.47100470000000005
1613	0.47111140000000007
1614	0.47122040000000004
1615	0.47136759999999994
1616	0.4714633
1617	0.47154579999999996
1618	0.4716581
1619	0.47178000000000003
1620	0.47191350000000004
1621	0.47200349999999996
1622	0.472102
1623	0.4722308
1624	0.47234609999999994
1625	0.4724889
1626	0.4726093
1627	0.47271949999999996
1628	0.4728266
1629	0.47288640000000004
1630	0.4729435
1631	0.4729806
1632	0.47303950000000006
1633	0.47314229999999996
1634	0.4732291
1635	0.4733332
1636	0.4734517
1637	0.4735753
1638	0.4737558
1639	0.4739456
1640	0.4741184
1641	0.4742508
1642	0.47433050000000004
1643	0.4744573
1644	0.4745563
1645	0.47457879999999997
1646	0.47462309999999996
1647	0.4746815
1648	0.47480020000000006
1649	0.47496350000000004
1650	0.475059
1651	0.47515379999999996
1652	0.4752384
1653	0.4752605
1654	0.47531190000000006
1655	0.4753978
1656	0.4755155
1657	0.47566270000000005
1658	0.4758326
1659	0.47604079999999993
1660	0.47620730000000006
1661	0.47633420000000004
1662	0.4765017
1663	0.4766893
1664	0.4768446
1665	0.47696980000000005
1666	0.47706850000000006
1667	0.47716090000000005
1668	0.4772041
1669	0.4772094
1670	0.47730100000000003
1671	0.47738240000000004
1672	0.47742070000000003
1673	0.47753450000000003
1674	0.4776201
1675	0.4776404
1676	0.4777343
1677	0.47784129999999997
1678	0.47790140000000003
1679	0.47801899999999997
1680	0.47813549999999994
1681	0.47817740000000003
1682	0.4782374
1683	0.4783357
1684	0.47839529999999997
1685	0.4784544
1686	0.4785674
1687	0.47867370000000004
1688	0.47878350000000003
1689	0.4789
1690	0.4790155
1691	0.4791136
1692	0.4791465999999999
1693	0.4791992
1694	0.47928919999999997
1695	0.47933400000000004
1696	0.4793771
1697	0.47952040000000007
1698	0.4796817
1699	0.47974459999999997
1700	0.47982109999999994
1701	0.4798959
1702	0.4798821
1703	0.4799662
1704	0.48010699999999995
1705	0.48018
1706	0.480286
1707	0.48035059999999996
1708	0.48040079999999996
1709	0.4804915
1710	0.4805755
1711	0.48068549999999993
1712	0.4807416
1713	0.48079279999999996
1714	0.4808948
1715	0.4809611
1716	0.48104880000000005
1717	0.4811666
1718	0.4811808
1719	0.4811553
1720	0.48123130000000003
1721	0.4813249
1722	0.4813889
1723	0.4814819
1724	0.481605
1725	0.4816428
1726	0.48157079999999997
1727	0.4815784000000001
1728	0.4816062
1729	0.4815621
1730	0.4815876
1731	0.4816933
1732	0.48180730000000005
1733	0.48184209999999994
1734	0.4819089
1735	0.4820465
1736	0.48205479999999995
1737	0.4821039000000001
1738	0.48225429999999997
1739	0.4823263
1740	0.4823335999999999
1741	0.4823245
1742	0.4823844
1743	0.4824071
1744	0.48239160000000003
1745	0.48251499999999997
1746	0.48258490000000004
1747	0.48254430000000004
1748	0.48257799999999995
1749	0.4826358
1750	0.48268140000000004
1751	0.4827772
1752	0.48282780000000003
1753	0.4827482
1754	0.482818
1755	0.48282159999999996
1756	0.48278640000000006
1757	0.4827902
1758	0.48272139999999997
1759	0.4826844
1760	0.482766
1761	0.4827822
1762	0.48267609999999994
1763	0.4827228
1764	0.48283980000000004
1765	0.48293679999999994
1766	0.48312619999999995
1767	0.4832693
1768	0.48335059999999996
1769	0.48345770000000005
1770	0.48357849999999997
1771	0.4837067
1772	0.4838246
1773	0.48388230000000004
1774	0.4839731
1775	0.48408679999999993
1776	0.48409490000000005
1777	0.48408320000000005
1778	0.4841614000000001
1779	0.48421279999999994
1780	0.48419140000000005
1781	0.484256
1782	0.4843559
1783	0.4843827
1784	0.484455
1785	0.4844831
1786	0.484404
1787	0.48445649999999996
1788	0.48462829999999996
1789	0.4848260999999999
1790	0.48502619999999996
1791	0.4851137
1792	0.4851166
1793	0.48519480000000004
1794	0.48536549999999995
1795	0.4854397
1796	0.485432
1797	0.485422
1798	0.48536899999999994
1799	0.48550150000000003
1800	0.48574170000000005
1801	0.4844499
1802	0.4851018
1803	0.48558329999999994
1804	0.4860273
1805	0.48630390000000007
1806	0.486529
1807	0.4869268
1808	0.4871714
1809	0.48706499999999997
1810	0.4871629
1811	0.48739970000000005
1812	0.48751930000000004
1813	0.48757659999999997
1814	0.48764840000000004
1815	0.4877956
1816	0.4877479
1817	0.48784929999999993
1818	0.48815569999999997
1819	0.48824940000000006
1820	0.4881922
1821	0.48830500000000004
1822	0.48838739999999997
1823	0.48848820000000004
1824	0.48873950000000005
1825	0.488878
1826	0.48890379999999994
1827	0.4891092000000001
1828	0.48926720000000007
1829	0.4894835999999999
1830	0.4896566
1831	0.4898557
1832	0.4899715
1833	0.48987780000000003
1834	0.48988909999999997
1835	0.48996239999999996
1836	0.4900242
1837	0.4901405
1838	0.4904259
1839	0.49058409999999997
1840	0.49065190000000003
1841	0.4908128
1842	0.4910767
1843	0.4913524
1844	0.49145550000000005
1845	0.4915622
1846	0.4916543
1847	0.4914954000000001
1848	0.49156239999999995
1849	0.4918679
1850	0.49201239999999996
1851	0.49198640000000005
1852	0.492004
1853	0.4920021
1854	0.4920321
1855	0.49201059999999996
1856	0.49197559999999996
1857	0.49196990000000007
1858	0.49193459999999994
1859	0.49189499999999997
1860	0.49197109999999994
1861	0.49199840000000006
1862	0.49200649999999996
1863	0.4920035
1864	0.4920825
1865	0.4920492
1866	0.4918275
1867	0.49147209999999997
1868	0.4911273
1869	0.49058950000000007
1870	0.4900772
1871	0.48985039999999996
1872	0.4895187
1873	0.4890481
1874	0.4886346
1875	0.48824570000000006
1876	0.4878948
1877	0.487501
1878	0.48703230000000003
1879	0.48635429999999996
1880	0.485446
1881	0.4845377
1882	0.48361329999999997
1883	0.4826014
1884	0.4813454000000001
1885	0.47999620000000004
1886	0.4783303
1887	0.4766214
1888	0.47477529999999996
1889	0.4727251
1890	0.470429
1891	0.46772659999999994
1892	0.4649847
1893	0.4622157
1894	0.4591291
1895	0.4560482
1896	0.4528318
1897	0.4495628
1898	0.4462566
1899	0.443245
1900	0.4405241
1901	0.4380326
1902	0.4359958
1903	0.43423809999999996
1904	0.43269650000000004
1905	0.43146320000000005
1906	0.4305144
1907	0.42960859999999995
1908	0.42909659999999994
1909	0.4291133
1910	0.42907740000000005
1911	0.42909030000000004
1912	0.4295248
1913	0.4300185
1914	0.4305394
1915	0.43136199999999997
1916	0.43258559999999996
1917	0.4338065
1918	0.43484129999999993
1919	0.4360376
1920	0.43729809999999997
1921	0.43847440000000004
1922	0.43951
1923	0.44056759999999995
1924	0.4417969
1925	0.4429393
1926	0.4440124
1927	0.4450857
1928	0.4462499
1929	0.4473572
1930	0.4483447
1931	0.44940959999999996
1932	0.4504657
1933	0.45138809999999996
1934	0.4522665
1935	0.45307709999999995
1936	0.4539323
1937	0.45482380000000006
1938	0.45568050000000004
1939	0.45651270000000005
1940	0.45742479999999996
1941	0.45828640000000004
1942	0.45899449999999997
1943	0.45961409999999997
1944	0.4602799
1945	0.4609271
1946	0.4615611
1947	0.46217879999999995
1948	0.4627978
1949	0.4633178
1950	0.46386099999999997
1951	0.4644062
1952	0.46482060000000003
1953	0.465314
1954	0.4659469
1955	0.4665045
1956	0.46706709999999996
1957	0.4677182
1958	0.4683358
1959	0.4688754
1960	0.4694504
1961	0.4702291
1962	0.4708492
1963	0.47128519999999996
1964	0.47190479999999996
1965	0.4724377
1966	0.47276999999999997
1967	0.473182
1968	0.47357319999999997
1969	0.474091
1970	0.47462
1971	0.47525259999999997
1972	0.4759793
1973	0.4765359
1974	0.47671720000000006
1975	0.477042
1976	0.4776415
1977	0.47799929999999996
1978	0.4784237
1979	0.4789823
1980	0.4796179
1981	0.4802663
1982	0.48077309999999995
1983	0.48136080000000003
1984	0.481995
1985	0.4824725
1986	0.4830399
1987	0.4839389
1988	0.48456289999999996
1989	0.4847254
1990	0.4850318
1991	0.4854933
1992	0.4860393
1993	0.4864469
1994	0.4868988
1995	0.4875126
1996	0.48795029999999995
1997	0.4882763
1998	0.48885690000000004
1999	0.4894626
2000	0.48976270000000005
2001	0.4900736
2002	0.4905223
2003	0.4910545
2004	0.491486
2005	0.49191490000000004
2006	0.49244620000000006
2007	0.4930420999999999
2008	0.4936206
2009	0.49426279999999995
2010	0.4948378
2011	0.49517520000000004
2012	0.4954628
2013	0.49585519999999994
2014	0.49629490000000004
2015	0.49670859999999994
2016	0.4972121
2017	0.4976285
2018	0.4979384
2019	0.4983058
2020	0.49877959999999993
2021	0.4991767
2022	0.4996735
2023	0.5001308
2024	0.5004379
2025	0.5007703
2026	0.5011905
2027	0.5017138
2028	0.5021127999999999
2029	0.5024689999999999
2030	0.5028123999999999
2031	0.5029732
2032	0.5033674
2033	0.5038616
2034	0.5042955
2035	0.5045937
2036	0.5047709
2037	0.5048987
2038	0.5051457
2039	0.5054436999999999
2040	0.5059223
2041	0.5062792
2042	0.5065949000000001
2043	0.5069067
2044	0.5073025999999999
2045	0.5074805
2046	0.5075603
2047	0.5078598
2048	0.5081106
2049	0.5081787999999999
2050	0.5083014
2051	0.5084685
2052	0.5085651
2053	0.5083991
2054	0.508551
2055	0.508968
2056	0.5092260000000001
2057	0.5095044
2058	0.5099328
2059	0.5103407999999999
2060	0.5102594
2061	0.5102085
2062	0.5105886
2063	0.5108942
2064	0.5110751
2065	0.511346
2066	0.5117657999999999
2067	0.5120456
2068	0.5122412000000001
2069	0.512466
2070	0.5126618
2071	0.512861
2072	0.5130556
2073	0.5133272
2074	0.5136056
2075	0.5136609999999999
2076	0.5136881
2077	0.5138198
2078	0.514001
2079	0.5143335
2080	0.5144689
2081	0.5144069
2082	0.514595
2083	0.5149514000000001
2084	0.5150574
2085	0.5150624
2086	0.515347
2087	0.5157214
2088	0.5157316
2089	0.515954
2090	0.5165294
2091	0.5166984
2092	0.5163444
2093	0.5164795999999999
2094	0.5169182
2095	0.5169939
2096	0.5169439
2097	0.5171253
2098	0.5172365
2099	0.5173897
2100	0.517833
2101	0.5180669
2102	0.5182146
2103	0.5181972
2104	0.5181695
2105	0.5185155
2106	0.5186883
2107	0.5187957999999999
2108	0.5189832999999999
2109	0.5191892
2110	0.519413
2111	0.5197278000000001
2112	0.5200208
2113	0.5203926
2114	0.5206074
2115	0.5207689
2116	0.5208020999999999
2117	0.5209107
2118	0.5211768
2119	0.5215893
2120	0.5220457000000001
2121	0.5224166
2122	0.5227416
2123	0.5230575
2124	0.5233804
2125	0.5237013
2126	0.5240259
2127	0.5242448000000001
2128	0.5243869000000001
2129	0.5245555000000001
2130	0.5247661
2131	0.5248316999999999
2132	0.524836
2133	0.5247407
2134	0.5247424
2135	0.5247895
2136	0.5249149999999999
2137	0.5250288000000001
2138	0.5249884
2139	0.5247460999999999
2140	0.5245694000000001
2141	0.5244232
2142	0.5241710999999999
2143	0.5236789000000001
2144	0.5234019
2145	0.5232934
2146	0.5230023
2147	0.5227589
2148	0.5224943
2149	0.5222036
2150	0.5215956
2151	0.5211020000000001
2152	0.5207646
2153	0.5202951
2154	0.5194846
2155	0.5188953
2156	0.5184472999999999
2157	0.5177480999999999
2158	0.516897
2159	0.5162019
2160	0.5153483
2161	0.5146202
2162	0.5142137
2163	0.5135767
2164	0.5127692
2165	0.512015
2166	0.5111523
2167	0.5103979000000001
2168	0.5097227
2169	0.5090755
2170	0.5084425
2171	0.5075436
2172	0.506695
2173	0.5057725000000001
2174	0.5049024000000001
2175	0.5039166
2176	0.503134
2177	0.5025267
2178	0.5017462
2179	0.5010551
2180	0.5002444
2181	0.4992794
2182	0.4983154
2183	0.4972323
2184	0.4962571
2185	0.4954222
2186	0.4943393
2187	0.4931526
2188	0.4923729
2189	0.4913165
2190	0.4897789000000001
2191	0.48869309999999994
2192	0.4877137
2193	0.4867982
2194	0.48626729999999996
2195	0.4852322
2196	0.4836223
2197	0.48274140000000004
2198	0.48231540000000006
2199	0.4813919
2200	0.4805335
2201	0.4797931
2202	0.4785874
2203	0.47759209999999996
2204	0.47693800000000003
2205	0.47652570000000005
2206	0.4756188
2207	0.474958
2208	0.4750713
2209	0.4750323
2210	0.4749173
2211	0.47487529999999994
2212	0.47512020000000005
2213	0.4752901
2214	0.4756367
2215	0.476476
2216	0.4769528
2217	0.47726769999999996
2218	0.47766720000000007
2219	0.4780987
2220	0.4784545
2221	0.4787174
2222	0.47896120000000003
2223	0.47913720000000004
2224	0.47949079999999994
2225	0.4800795
2226	0.48026450000000004
2227	0.48059440000000003
2228	0.48095590000000005
2229	0.48106930000000003
2230	0.4812885
2231	0.48172790000000004
2232	0.48172370000000003
2233	0.48191769999999995
2234	0.482213
2235	0.4823407
2236	0.48235200000000006
2237	0.48242640000000003
2238	0.48238770000000003
2239	0.4824279
2240	0.48257159999999993
2241	0.48271040000000004
2242	0.48282879999999995
2243	0.4829085
2244	0.48306579999999993
2245	0.4831474
2246	0.482993
2247	0.4830562
2248	0.48320920000000006
2249	0.4834669
2250	0.48334099999999997
2251	0.4837442
2252	0.48402330000000005
2253	0.48374579999999995
2254	0.48379040000000006
2255	0.48427489999999995
2256	0.4845782
2257	0.48491940000000006
2258	0.4851491
2259	0.48531369999999996
2260	0.485584
2261	0.4858792
2262	0.48612330000000004
2263	0.4863335999999999
2264	0.48675749999999995
2265	0.48730640000000003
2266	0.4876352
2267	0.4880399
2268	0.48845900000000003
2269	0.4887402
2270	0.4889278
2271	0.48930070000000003
2272	0.4894165
2273	0.48897240000000003
2274	0.4889785
2275	0.48935649999999997
2276	0.48910879999999995
2277	0.4888754
2278	0.48930200000000007
2279	0.4897376
2280	0.4898075
2281	0.4895491
2282	0.48917510000000003
2283	0.48904890000000006
2284	0.48863090000000003
2285	0.4885291
2286	0.4889553
2287	0.4888084
2288	0.48819840000000003
2289	0.488149
2290	0.48848450000000004
2291	0.48830779999999996
2292	0.4878734
2293	0.4878048
2294	0.4877076
2295	0.4874948
2296	0.4874977
2297	0.4874876
2298	0.4872264
2299	0.48711179999999993
2300	0.48742440000000004
2301	0.487437
2302	0.48723459999999996
2303	0.48671090000000006
2304	0.4868495
2305	0.4871754
2306	0.48674459999999997
2307	0.4865407
2308	0.4864612
2309	0.4860004
2310	0.4861852
2311	0.4866839
2312	0.4868572
2313	0.48699849999999995
2314	0.4870388
2315	0.4869587
2316	0.4869576
2317	0.4867825
2318	0.48666090000000006
2319	0.48667829999999995
2320	0.48670340000000006
2321	0.48655509999999996
2322	0.4864362
2323	0.4865319
2324	0.4865387
2325	0.4864004
2326	0.48622669999999996
2327	0.4860099
2328	0.4860004
2329	0.4860344
2330	0.48608409999999996
2331	0.48633580000000004
2332	0.4863983
2333	0.48617659999999996
2334	0.48619759999999995
2335	0.4863661
2336	0.48676899999999995
2337	0.48662669999999997
2338	0.4861058
2339	0.48572780000000004
2340	0.48515070000000005
2341	0.4849016
2342	0.4852639
2343	0.48502959999999995
2344	0.4845897
2345	0.4848014
2346	0.4849343
2347	0.4850575
2348	0.48566090000000006
2349	0.4856054
2350	0.4847541
2351	0.4848937
2352	0.48532359999999997
2353	0.48520959999999996
2354	0.48540600000000006
2355	0.4852694
2356	0.48494740000000003
2357	0.48509440000000004
2358	0.4853077
2359	0.4856804
2360	0.48577120000000007
2361	0.4855291
2362	0.4846968
2363	0.48474229999999996
2364	0.48509579999999997
2365	0.48494209999999993
2366	0.48500370000000004
2367	0.48495470000000007
2368	0.4843749
2369	0.4841188
2370	0.48436999999999997
2371	0.48424920000000005
2372	0.4835331
2373	0.48336899999999994
2374	0.4834064
2375	0.4837093
2376	0.4837379
2377	0.4834719
2378	0.48344890000000007
2379	0.4837795999999999
2380	0.48349549999999997
2381	0.48323180000000004
2382	0.4831124
2383	0.48192219999999997
2384	0.48141769999999995
2385	0.4819228
2386	0.4815272
2387	0.48094970000000004
2388	0.4810188
2389	0.4809901
2390	0.4808553
2391	0.48036080000000003
2392	0.47981009999999996
2393	0.4796867
2394	0.4788768
2395	0.4787624
2396	0.4792081
2397	0.47831190000000007
2398	0.4775653
2399	0.47783509999999996
2400	0.4783292
2401	0.4779799
2402	0.477652
2403	0.47821090000000005
2404	0.4781008
2405	0.4770286
2406	0.4761333
2407	0.4754657
2408	0.4743524
2409	0.47400020000000004
2410	0.47433580000000003
2411	0.47354300000000005
2412	0.47282879999999994
2413	0.4727411
2414	0.47245790000000004
2415	0.47198249999999997
2416	0.4710113
2417	0.47064490000000003
2418	0.47118009999999994
2419	0.47123940000000003
2420	0.47070509999999993
2421	0.4696751
2422	0.46873100000000006
2423	0.46840649999999995
2424	0.4676315
2425	0.4669299
2426	0.4671392
2427	0.4665786
2428	0.4647763
2429	0.4634549
2430	0.4626001
2431	0.46171080000000003
2432	0.4615968
2433	0.4612986
2434	0.4608424
2435	0.4607354
2436	0.46128959999999997
2437	0.4607135
2438	0.45952740000000003
2439	0.4587651
2440	0.45710619999999996
2441	0.4565896
2442	0.45775699999999997
2443	0.4573616
2444	0.45645109999999994
2445	0.4557321
2446	0.454158
2447	0.4530379
2448	0.45186499999999996
2449	0.45144300000000004
2450	0.45224319999999996
2451	0.45199529999999993
2452	0.45129759999999997
2453	0.45114170000000003
2454	0.4508808
2455	0.4500447
2456	0.4495303
2457	0.44909259999999995
2458	0.4468068
2459	0.4467183
2460	0.4503089
2461	0.44994520000000005
2462	0.44692200000000004
2463	0.44664319999999996
2464	0.4459536
2465	0.4448657999999999
2466	0.4459339
2467	0.4464124
2468	0.4445327
2469	0.44397529999999996
2470	0.4463759
2471	0.44608760000000003
2472	0.4430901
2473	0.4420347
2474	0.4417513
2475	0.44037250000000006
2476	0.43797349999999996
2477	0.4376498
2478	0.43773379999999995
2479	0.4378827
2480	0.441168
2481	0.4419746
2482	0.44013359999999996
2483	0.44019620000000004
2484	0.44138760000000005
2485	0.4408345
2486	0.4386423
2487	0.4390397
2488	0.44138599999999995
2489	0.44010479999999996
2490	0.43693820000000005
2491	0.43790390000000007
2492	0.4394513
2493	0.4377571
2494	0.43986590000000003
2495	0.43872209999999995
2496	0.4279563
2497	0.4239050999999999
2498	0.42384740000000004
2499	0.4256062
2500	0.43451059999999997
