350	0.08909600000000001
351	0.0893542
352	0.08462330000000001
353	0.0848773
354	0.0871203
355	0.0820095
356	0.08471319999999999
357	0.08923350000000001
358	0.0868287
359	0.08609560000000001
360	0.08707589999999998
361	0.0883703
362	0.08699069999999999
363	0.08542029999999999
364	0.08490299999999999
365	0.0849221
366	0.08723710000000001
367	0.0894409
368	0.08658160000000001
369	0.08660069999999999
370	0.0884463
371	0.088912
372	0.08812189999999999
373	0.0881948
374	0.09005980000000001
375	0.090533
376	0.0907193
377	0.0911492
378	0.0915948
379	0.0916048
380	0.09160510000000001
381	0.0925368
382	0.09171460000000001
383	0.0906478
384	0.0914336
385	0.09214510000000001
386	0.09244580000000001
387	0.0924938
388	0.09328439999999999
389	0.0943966
390	0.0953715
391	0.09555219999999999
392	0.0959052
393	0.0966629
394	0.0976863
395	0.09745419999999999
396	0.0966282
397	0.0963739
398	0.0971745
399	0.09828680000000001
400	0.0988825
401	0.09786669999999999
402	0.0979135
403	0.09923560000000001
404	0.0986672
405	0.09894630000000001
406	0.0999622
407	0.1002958
408	0.10026289999999999
409	0.1004191
410	0.10119410000000001
411	0.10165010000000001
412	0.10209
413	0.10269389999999999
414	0.1029442
415	0.10326769999999999
416	0.10373399999999999
417	0.1039366
418	0.1041972
419	0.10462370000000001
420	0.10523489999999999
421	0.10587
422	0.1063433
423	0.10656789999999998
424	0.1070925
425	0.1075578
426	0.10776960000000002
427	0.1082096
428	0.1087057
429	0.10918110000000002
430	0.1096749
431	0.11009110000000001
432	0.11054320000000001
433	0.11125139999999999
434	0.11190530000000001
435	0.1124742
436	0.11300339999999999
437	0.11354660000000001
438	0.11416910000000001
439	0.11484680000000001
440	0.1153036
441	0.11575719999999999
442	0.11629500000000001
443	0.1168661
444	0.1173365
445	0.1178379
446	0.11862249999999999
447	0.11905999999999999
448	0.11933419999999999
449	0.1197786
450	0.12036960000000001
451	0.12101669999999999
452	0.1216345
453	0.1221703
454	0.1226491
455	0.1231211
456	0.12368779999999999
457	0.12415630000000001
458	0.1245827
459	0.1251303
460	0.125604
461	0.125967
462	0.12626600000000002
463	0.1267986
464	0.12721500000000002
465	0.12741680000000002
466	0.1280017
467	0.1285838
468	0.1290062
469	0.1292831
470	0.1296625
471	0.1301253
472	0.1305304
473	0.13075630000000002
474	0.1309513
475	0.1312964
476	0.1319227
477	0.1323875
478	0.132571
479	0.1330425
480	0.13353579999999998
481	0.1339775
482	0.13442479999999998
483	0.1349015
484	0.13542420000000002
485	0.13598529999999998
486	0.1363428
487	0.1367164
488	0.1372793
489	0.1377536
490	0.13826629999999998
491	0.1388553
492	0.1393825
493	0.13992570000000001
494	0.1404268
495	0.1407326
496	0.14126670000000002
497	0.1419203
498	0.1424507
499	0.1429424
500	0.1434437
501	0.14399189999999998
502	0.1446199
503	0.1452302
504	0.1457818
505	0.1463037
506	0.14685510000000002
507	0.1473872
508	0.1477969
509	0.1483506
510	0.1489983
511	0.1496225
512	0.1502049
513	0.150739
514	0.1512624
515	0.15193489999999998
516	0.1525271
517	0.1530278
518	0.1536668
519	0.1542716
520	0.1548433
521	0.1554458
522	0.1560741
523	0.1567218
524	0.1573683
525	0.1579339
526	0.1584834
527	0.1590716
528	0.1597399
529	0.1603912
530	0.1610083
531	0.1616394
532	0.16224739999999999
533	0.16286620000000002
534	0.163548
535	0.16427170000000002
536	0.16496770000000002
537	0.1656074
538	0.16631529999999997
539	0.16701400000000002
540	0.1676872
541	0.168417
542	0.16913820000000002
543	0.1698551
544	0.1706061
545	0.1713554
546	0.172104
547	0.17285699999999998
548	0.173585
549	0.1743632
550	0.17522839999999998
551	0.17611279999999999
552	0.1770007
553	0.17790889999999998
554	0.1789004
555	0.1798995
556	0.1808733
557	0.1818088
558	0.1827075
559	0.1836104
560	0.18453770000000003
561	0.18536979999999997
562	0.18620899999999999
563	0.1870994
564	0.1879622
565	0.1887967
566	0.1896362
567	0.1905377
568	0.1913733
569	0.1921785
570	0.1930238
571	0.1938169
572	0.1945905
573	0.1953838
574	0.1962159
575	0.19702170000000002
576	0.19779249999999998
577	0.1986058
578	0.1994241
579	0.2002148
580	0.2009539
581	0.2017175
582	0.2024528
583	0.2031136
584	0.2038159
585	0.2044985
586	0.20513920000000002
587	0.2058143
588	0.20646289999999998
589	0.20708720000000003
590	0.20773609999999998
591	0.2083593
592	0.2089201
593	0.2093959
594	0.2098417
595	0.2102665
596	0.2107014
597	0.211298
598	0.2118824
599	0.21240540000000002
600	0.2129935
601	0.21358960000000002
602	0.21417350000000002
603	0.2147431
604	0.21529879999999998
605	0.2158435
606	0.2163859
607	0.21694290000000002
608	0.21750100000000003
609	0.2180436
610	0.21853960000000003
611	0.21905300000000003
612	0.2195837
613	0.22008870000000003
614	0.22056820000000002
615	0.22105619999999998
616	0.22158119999999998
617	0.22208640000000002
618	0.22259299999999999
619	0.223113
620	0.22362970000000001
621	0.22410389999999997
622	0.2245614
623	0.2251034
624	0.22560700000000003
625	0.22608270000000003
626	0.22658609999999998
627	0.2270956
628	0.2275777
629	0.2280219
630	0.2284864
631	0.2289716
632	0.22946620000000004
633	0.2299391
634	0.2304011
635	0.2308538
636	0.23129450000000001
637	0.23174499999999998
638	0.2322181
639	0.2327091
640	0.23315329999999998
641	0.23362159999999998
642	0.23412689999999997
643	0.2345629
644	0.2350074
645	0.23547970000000001
646	0.23596810000000001
647	0.23641639999999997
648	0.23684639999999998
649	0.23729650000000002
650	0.2377507
651	0.2381999
652	0.2386478
653	0.23912979999999998
654	0.23958739999999998
655	0.24002270000000003
656	0.2404865
657	0.2409709
658	0.2414556
659	0.24191379999999998
660	0.2423315
661	0.24276620000000002
662	0.24324320000000002
663	0.24369290000000002
664	0.24411950000000002
665	0.2445402
666	0.2449909
667	0.2454697
668	0.2459419
669	0.24636889999999997
670	0.24682470000000004
671	0.24728320000000004
672	0.24771999999999997
673	0.24816149999999998
674	0.2485906
675	0.2490152
676	0.2494794
677	0.2499143
678	0.2503302
679	0.25076889999999996
680	0.2512337
681	0.25168939999999995
682	0.2521121
683	0.25254679999999996
684	0.25300439999999996
685	0.2534674
686	0.2538758
687	0.25431079999999995
688	0.2547626
689	0.2551843
690	0.2556286
691	0.2560938
692	0.2565652
693	0.2570102
694	0.2574498
695	0.2578894
696	0.2583017
697	0.2586956
698	0.2590987
699	0.2595462
700	0.25998649999999995
701	0.2604163
702	0.2608447
703	0.2612989
704	0.2617485
705	0.2621791
706	0.262604
707	0.26306290000000004
708	0.26353000000000004
709	0.263945
710	0.26435640000000005
711	0.26477670000000003
712	0.2652095
713	0.265651
714	0.26606729999999995
715	0.26645959999999996
716	0.26689229999999997
717	0.2673188
718	0.26772740000000006
719	0.2681215
720	0.2685178
721	0.26893649999999997
722	0.269383
723	0.26981350000000004
724	0.2702303
725	0.2706389
726	0.2710514
727	0.27146570000000003
728	0.271873
729	0.2722659
730	0.2726842
731	0.273108
732	0.273519
733	0.27394229999999997
734	0.27436859999999996
735	0.2747967
736	0.2752365
737	0.2756574
738	0.27606820000000004
739	0.27649309999999994
740	0.27687990000000007
741	0.2772742
742	0.2777099
743	0.278118
744	0.2785309
745	0.2789511
746	0.2793387
747	0.27974440000000006
748	0.2801493
749	0.28051509999999996
750	0.28091220000000006
751	0.2813191
752	0.281715
753	0.2821228
754	0.282517
755	0.282894
756	0.2832735
757	0.2836567
758	0.28404609999999997
759	0.2844414
760	0.2848366
761	0.28522459999999994
762	0.2856014
763	0.2859752
764	0.28635370000000004
765	0.2867348
766	0.28710820000000004
767	0.2874877
768	0.2878706
769	0.2882499
770	0.2886225
771	0.2889862
772	0.28934840000000006
773	0.2897395
774	0.2901106
775	0.29046
776	0.2908152
777	0.2911729
778	0.2915297
779	0.29188070000000005
780	0.29222950000000003
781	0.2925818
782	0.2929345
783	0.2932728
784	0.2936257
785	0.2939765
786	0.29429390000000005
787	0.2946261
788	0.2949556
789	0.2952715
790	0.2956182
791	0.2959594
792	0.29628540000000003
793	0.2966112
794	0.29693420000000004
795	0.29726009999999997
796	0.29759209999999997
797	0.2979079
798	0.2982154
799	0.2985193
800	0.29880840000000003
801	0.2991115
802	0.2994231
803	0.29971490000000006
804	0.3000145
805	0.3003111
806	0.3005955
807	0.3009074
808	0.30121390000000003
809	0.30150370000000004
810	0.30180359999999995
811	0.3020609
812	0.30230949999999995
813	0.30261079999999996
814	0.3028897
815	0.30315190000000003
816	0.30341090000000004
817	0.3036685
818	0.3039322
819	0.3041992
820	0.3044582
821	0.3047341
822	0.30500609999999995
823	0.3052541
824	0.30552579999999996
825	0.3057777
826	0.3059966
827	0.3062247
828	0.30647859999999993
829	0.3067454
830	0.3069937
831	0.3072163
832	0.3074357
833	0.3076639
834	0.3078618
835	0.30807009999999996
836	0.3082933
837	0.308502
838	0.3087184
839	0.3089317
840	0.3091308
841	0.3093515
842	0.3095828
843	0.3098108
844	0.3100205
845	0.3102114
846	0.3103964
847	0.3105942
848	0.31078449999999996
849	0.31097779999999997
850	0.3111811
851	0.3113815
852	0.31157959999999996
853	0.3117636
854	0.3119125
855	0.3121196
856	0.31234290000000003
857	0.31252490000000005
858	0.3127223
859	0.31291040000000003
860	0.31308109999999995
861	0.3132526
862	0.3134295
863	0.31360309999999997
864	0.31376770000000004
865	0.3140094
866	0.3142511
867	0.31444440000000007
868	0.31464169999999997
869	0.31485159999999995
870	0.315051
871	0.31519949999999997
872	0.31539029999999996
873	0.3155953
874	0.31578090000000003
875	0.3159827
876	0.3161826
877	0.3163763
878	0.3165736
879	0.3167467
880	0.3169245
881	0.31713559999999996
882	0.31731370000000003
883	0.3175024
884	0.31770970000000004
885	0.31787659999999995
886	0.31807179999999996
887	0.31826950000000004
888	0.318419
889	0.31860320000000003
890	0.3187923
891	0.3189729
892	0.3192011
893	0.3194107
894	0.31960370000000005
895	0.3198182
896	0.32000170000000006
897	0.3201745
898	0.3203638
899	0.32058590000000003
900	0.3207783
901	0.3209442
902	0.32114509999999996
903	0.3213539
904	0.3215805
905	0.3218288
906	0.32205079999999997
907	0.32225440000000005
908	0.3224444
909	0.3226182
910	0.322841
911	0.323077
912	0.3232736
913	0.323491
914	0.3237129
915	0.3239278
916	0.3241389
917	0.3243707
918	0.3246
919	0.3247938
920	0.3250034
921	0.3252236
922	0.32544559999999995
923	0.32566459999999997
924	0.3258649
925	0.3260612
926	0.32627890000000004
927	0.3264939
928	0.3267177
929	0.32694629999999997
930	0.3271241
931	0.3273413
932	0.3275918
933	0.3278136
934	0.3280004
935	0.3281746
936	0.3283738
937	0.3286706
938	0.3289202
939	0.3291165
940	0.3293478
941	0.329574
942	0.3298007
943	0.3300322
944	0.3302494
945	0.33044229999999997
946	0.3306509
947	0.330951
948	0.33121849999999997
949	0.3314559
950	0.3316835
951	0.3318732
952	0.33208190000000004
953	0.3323261
954	0.3325827
955	0.33282090000000003
956	0.33302209999999993
957	0.3331832
958	0.33332990000000007
959	0.33356040000000003
960	0.33384780000000003
961	0.334049
962	0.33423259999999994
963	0.3344324
964	0.3346663
965	0.33491620000000005
966	0.33514829999999995
967	0.33536320000000003
968	0.3355938
969	0.3357604
970	0.33598579999999995
971	0.3363488
972	0.33658699999999997
973	0.3367755
974	0.336945
975	0.33708520000000003
976	0.3373683
977	0.3376508
978	0.33779770000000003
979	0.33800050000000004
980	0.33816399999999996
981	0.3383428
982	0.3387157
983	0.33899209999999996
984	0.3391817
985	0.3393496
986	0.3394929
987	0.33967459999999994
988	0.3399061
989	0.34015259999999997
990	0.3403665
991	0.34058
992	0.3408041
993	0.3409025
994	0.3411244
995	0.34145890000000007
996	0.3417037
997	0.3418699
998	0.34203940000000005
999	0.34226799999999996
1000	0.3424994
1001	0.3415474
1002	0.34180520000000003
1003	0.3420574
1004	0.3424208
1005	0.3425497
1006	0.3424143
1007	0.3425065
1008	0.3424906
1009	0.3427152
1010	0.3433054
1011	0.3435856
1012	0.3438325
1013	0.3440554
1014	0.3440552
1015	0.3441519
1016	0.3442633
1017	0.34437090000000004
1018	0.3446611
1019	0.3451357
1020	0.3453713
1021	0.3457173
1022	0.3458828
1023	0.34568909999999997
1024	0.34572579999999997
1025	0.345767
1026	0.3459343
1027	0.3462014
1028	0.34655359999999996
1029	0.34683850000000005
1030	0.3472837
1031	0.34743909999999995
1032	0.3473294
1033	0.34748829999999997
1034	0.3476616
1035	0.3478178
1036	0.34818649999999995
1037	0.348366
1038	0.3483259
1039	0.34839040000000004
1040	0.3483756
1041	0.3485217
1042	0.3486881
1043	0.34892490000000004
1044	0.349146
1045	0.3494658
1046	0.3496486
1047	0.3497886
1048	0.3499137
1049	0.34992070000000003
1050	0.3500388
1051	0.35018459999999996
1052	0.3503433
1053	0.3506581
1054	0.35081940000000006
1055	0.3508954
1056	0.35091609999999995
1057	0.3510491
1058	0.3511241
1059	0.3512812
1060	0.35163920000000004
1061	0.3518073
1062	0.3518344
1063	0.3519584
1064	0.352043
1065	0.35218829999999995
1066	0.3524584
1067	0.3526429
1068	0.3528103
1069	0.3529241
1070	0.3531027
1071	0.353298
1072	0.3534218
1073	0.3535211
1074	0.35368790000000006
1075	0.3538362
1076	0.35397090000000003
1077	0.3541822
1078	0.3543329
1079	0.3543205
1080	0.35447829999999997
1081	0.35475490000000004
1082	0.355026
1083	0.3553
1084	0.3554515
1085	0.35559309999999994
1086	0.3556114
1087	0.35574029999999995
1088	0.3558849
1089	0.3560586
1090	0.35626840000000004
1091	0.356468
1092	0.3567413
1093	0.3569156
1094	0.35699990000000004
1095	0.357153
1096	0.3573228
1097	0.3574295
1098	0.35758490000000004
1099	0.3577348
1100	0.35789529999999997
1101	0.35803070000000004
1102	0.3581861
1103	0.3583993
1104	0.35854709999999995
1105	0.35861309999999996
1106	0.3587475
1107	0.3588861
1108	0.35905390000000004
1109	0.3592891
1110	0.3595026
1111	0.3596144
1112	0.3597136
1113	0.3597661
1114	0.3598192
1115	0.3599467
1116	0.36016190000000003
1117	0.3603195
1118	0.3605302
1119	0.3606659
1120	0.36067309999999997
1121	0.3607975
1122	0.3609535
1123	0.3611123
1124	0.3613337
1125	0.36160290000000006
1126	0.361714
1127	0.3617926
1128	0.3618387
1129	0.361883
1130	0.36204590000000003
1131	0.36236929999999995
1132	0.36251350000000004
1133	0.3625963
1134	0.36277909999999997
1135	0.3629624
1136	0.36307470000000003
1137	0.3632407
1138	0.3633926
1139	0.36344899999999997
1140	0.3634965
1141	0.36368979999999995
1142	0.36387090000000005
1143	0.3640029
1144	0.3641203
1145	0.3642685
1146	0.36445720000000004
1147	0.36456079999999996
1148	0.36459790000000003
1149	0.3647147
1150	0.36481990000000003
1151	0.3649386
1152	0.3651196
1153	0.3653011
1154	0.36537959999999997
1155	0.365431
1156	0.36559440000000004
1157	0.36577059999999995
1158	0.365902
1159	0.3660491
1160	0.3661955
1161	0.3663625
1162	0.36650279999999996
1163	0.366677
1164	0.36685070000000003
1165	0.36697399999999997
1166	0.3671153
1167	0.36732659999999995
1168	0.3675021
1169	0.3676241
1170	0.3677732
1171	0.3679925
1172	0.36814790000000003
1173	0.36822259999999996
1174	0.3683506
1175	0.36852579999999996
1176	0.36866209999999994
1177	0.3688212
1178	0.36902340000000006
1179	0.3692007
1180	0.36933119999999997
1181	0.3694699
1182	0.36962649999999997
1183	0.369791
1184	0.36992579999999997
1185	0.3700853
1186	0.3703111
1187	0.3705095
1188	0.37064240000000004
1189	0.3707522
1190	0.3708431
1191	0.3709465
1192	0.3711301
1193	0.37135890000000005
1194	0.37151409999999996
1195	0.37166459999999996
1196	0.37182309999999996
1197	0.3718825
1198	0.3720242
1199	0.3722491
1200	0.372469
1201	0.3725603
1202	0.3727033
1203	0.3728307
1204	0.3729268
1205	0.3730881
1206	0.3732287
1207	0.37339229999999995
1208	0.3736031
1209	0.37373629999999997
1210	0.3738478
1211	0.3739932
1212	0.37410329999999997
1213	0.37423249999999997
1214	0.374407
1215	0.3745875
1216	0.3747977
1217	0.3749071
1218	0.3750164
1219	0.3752273
1220	0.3754027
1221	0.3755368
1222	0.37572490000000003
1223	0.3758727
1224	0.3760148
1225	0.3761943
1226	0.3764013
1227	0.37659940000000003
1228	0.3766921
1229	0.3768445
1230	0.3770182
1231	0.3772095
1232	0.37732990000000005
1233	0.37741990000000003
1234	0.3776122
1235	0.3778323
1236	0.37797509999999995
1237	0.3781443
1238	0.3783303
1239	0.37841440000000004
1240	0.3785135
1241	0.37870170000000003
1242	0.3789363
1243	0.37909729999999997
1244	0.3791589
1245	0.3793224
1246	0.3795413
1247	0.37963600000000003
1248	0.37973490000000004
1249	0.3799035
1250	0.380123
1251	0.3802709
1252	0.3804307
1253	0.3806369
1254	0.3808243
1255	0.3809688
1256	0.38109640000000006
1257	0.3812295
1258	0.3814111
1259	0.3815672
1260	0.38165859999999996
1261	0.3818308
1262	0.3820376
1263	0.3821935
1264	0.3823566
1265	0.3825257
1266	0.382698
1267	0.3828321
1268	0.3829911
1269	0.38316740000000005
1270	0.38337109999999996
1271	0.3835415
1272	0.3836795
1273	0.38383520000000004
1274	0.3839918
1275	0.3841759
1276	0.3843742
1277	0.3845022
1278	0.38464440000000005
1279	0.38485790000000003
1280	0.38503000000000004
1281	0.38516
1282	0.3853196
1283	0.3854772
1284	0.3855852
1285	0.3857058
1286	0.3859175
1287	0.3861144
1288	0.38630690000000006
1289	0.3864714
1290	0.3866303
1291	0.38674000000000003
1292	0.3868896
1293	0.387063
1294	0.3871814
1295	0.3873346
1296	0.3875234
1297	0.3876365
1298	0.38772090000000003
1299	0.387913
1300	0.38810690000000003
1301	0.38821009999999995
1302	0.388423
1303	0.3886598
1304	0.3887165
1305	0.388816
1306	0.38898920000000003
1307	0.3892508
1308	0.389434
1309	0.3895804
1310	0.3897228
1311	0.38982649999999996
1312	0.38995630000000003
1313	0.39014899999999997
1314	0.390352
1315	0.39054809999999995
1316	0.39068059999999993
1317	0.3908098
1318	0.3909978
1319	0.3911147
1320	0.39125370000000004
1321	0.3914924
1322	0.39168790000000003
1323	0.3918225
1324	0.3920099
1325	0.39222529999999994
1326	0.392367
1327	0.3924241
1328	0.3926044
1329	0.3928222
1330	0.3929802
1331	0.39318509999999995
1332	0.39342009999999994
1333	0.39356620000000003
1334	0.3936298
1335	0.3937369
1336	0.39388379999999995
1337	0.394011
1338	0.3941801
1339	0.39430370000000003
1340	0.3944159
1341	0.39459740000000004
1342	0.3947558
1343	0.3948994
1344	0.3950563
1345	0.39520570000000005
1346	0.3953178
1347	0.39540440000000004
1348	0.3955227
1349	0.3956657
1350	0.3958131
1351	0.3959488
1352	0.39611779999999996
1353	0.3962691
1354	0.3963665
1355	0.3965023
1356	0.3966385
1357	0.396754
1358	0.3969063
1359	0.3970526
1360	0.3971574
1361	0.3972903
1362	0.3974348
1363	0.3975184
1364	0.3976234
1365	0.39774149999999997
1366	0.39783
1367	0.3979178
1368	0.3979861
1369	0.3980538
1370	0.3980763
1371	0.3980273
1372	0.39801390000000003
1373	0.39802790000000005
1374	0.39797150000000003
1375	0.3978801
1376	0.397821
1377	0.3977374
1378	0.3975764
1379	0.39744070000000004
1380	0.397343
1381	0.3972271
1382	0.3970641
1383	0.39687990000000006
1384	0.3966961
1385	0.39648649999999996
1386	0.3963083
1387	0.3961715
1388	0.39602950000000003
1389	0.39582059999999997
1390	0.3955739
1391	0.3953513
1392	0.39507070000000005
1393	0.3947341
1394	0.39441620000000005
1395	0.39408190000000004
1396	0.3937098
1397	0.3933373
1398	0.39298720000000004
1399	0.3926038
1400	0.3921809
1401	0.39177080000000003
1402	0.39139850000000004
1403	0.3909474
1404	0.3904741
1405	0.390079
1406	0.38970229999999995
1407	0.3893283
1408	0.3889911
1409	0.3886998
1410	0.3884344
1411	0.3882
1412	0.38813359999999997
1413	0.3882116
1414	0.38836
1415	0.3886599
1416	0.3890769
1417	0.38961609999999997
1418	0.3902157
1419	0.3907752
1420	0.3913598
1421	0.39194070000000003
1422	0.3924993
1423	0.3930447
1424	0.39359770000000005
1425	0.3941696
1426	0.39467409999999997
1427	0.3951228
1428	0.3956263
1429	0.39611890000000005
1430	0.39653390000000005
1431	0.3969614
1432	0.39743259999999997
1433	0.39790390000000003
1434	0.3983129
1435	0.3986807
1436	0.399061
1437	0.3994433
1438	0.3998401
1439	0.40025229999999995
1440	0.400645
1441	0.40098870000000003
1442	0.401312
1443	0.40163530000000003
1444	0.4019533
1445	0.4022657
1446	0.4025309
1447	0.4027815
1448	0.4030973
1449	0.4033923
1450	0.4036696
1451	0.4039087
1452	0.4041513
1453	0.4043946
1454	0.4046101
1455	0.4048005
1456	0.40497990000000006
1457	0.4051656
1458	0.4053064
1459	0.4054818
1460	0.4056631
1461	0.4058374
1462	0.4059914
1463	0.40614120000000004
1464	0.40635709999999997
1465	0.40657909999999997
1466	0.40676490000000004
1467	0.4070207
1468	0.4073098
1469	0.4075525
1470	0.4077868
1471	0.4080125
1472	0.4082673
1473	0.40854709999999994
1474	0.4087854
1475	0.40902109999999997
1476	0.4092634
1477	0.4094914
1478	0.40974099999999997
1479	0.41000420000000004
1480	0.4102066
1481	0.4103697
1482	0.41057790000000005
1483	0.4108162
1484	0.4110447
1485	0.4112972
1486	0.4115201
1487	0.4117098
1488	0.4119273
1489	0.41216959999999997
1490	0.4123803
1491	0.41258469999999997
1492	0.4127907
1493	0.4129776
1494	0.4131478
1495	0.4133451
1496	0.4135433
1497	0.41372529999999996
1498	0.41388149999999996
1499	0.4140491
1500	0.4142402
1501	0.41440550000000004
1502	0.4146117
1503	0.41486130000000004
1504	0.41505640000000005
1505	0.41522780000000004
1506	0.41541819999999996
1507	0.4155871
1508	0.4157442
1509	0.4159085
1510	0.4160495
1511	0.41620680000000004
1512	0.4163727
1513	0.4165288
1514	0.41671490000000005
1515	0.41688869999999995
1516	0.41707669999999997
1517	0.41728760000000004
1518	0.4174638
1519	0.4176312
1520	0.41779269999999996
1521	0.41794490000000006
1522	0.4180889
1523	0.41824979999999995
1524	0.41839449999999995
1525	0.418584
1526	0.4188492999999999
1527	0.41903100000000004
1528	0.41915810000000003
1529	0.41933919999999997
1530	0.4195188
1531	0.4196621
1532	0.41983469999999995
1533	0.4200133
1534	0.4201613
1535	0.42026840000000004
1536	0.4204169
1537	0.4205865
1538	0.4207153
1539	0.42083009999999993
1540	0.42101000000000005
1541	0.4211568
1542	0.4212316
1543	0.4213814
1544	0.4215678
1545	0.4217018
1546	0.4218281
1547	0.4219541
1548	0.4220786
1549	0.4222438
1550	0.42238159999999997
1551	0.42248230000000003
1552	0.42260349999999997
1553	0.42271210000000004
1554	0.4228739
1555	0.42306980000000005
1556	0.42318140000000004
1557	0.4233012
1558	0.4234388
1559	0.42355600000000004
1560	0.4237329000000001
1561	0.42389160000000004
1562	0.4240331
1563	0.42423140000000004
1564	0.42439309999999997
1565	0.4245121
1566	0.4246282
1567	0.4247254
1568	0.4248441
1569	0.42499309999999996
1570	0.4251345
1571	0.4252532
1572	0.42539740000000004
1573	0.42558549999999995
1574	0.4257427
1575	0.42588240000000005
1576	0.42604079999999994
1577	0.4262015
1578	0.4263437
1579	0.4264743
1580	0.42662259999999996
1581	0.42677250000000005
1582	0.42688990000000004
1583	0.4270116
1584	0.42717079999999996
1585	0.4273166
1586	0.427429
1587	0.42754549999999997
1588	0.4276955
1589	0.42783590000000005
1590	0.4279664000000001
1591	0.42813999999999997
1592	0.4283183
1593	0.4284791
1594	0.42858450000000003
1595	0.4287625
1596	0.4289107
1597	0.4289814
1598	0.4290857
1599	0.4292335
1600	0.42935509999999993
1601	0.429472
1602	0.42964300000000005
1603	0.42982349999999997
1604	0.42996090000000003
1605	0.43007259999999997
1606	0.43018959999999995
1607	0.43031260000000005
1608	0.43043170000000003
1609	0.43054970000000004
1610	0.4307027
1611	0.4308691
1612	0.43097470000000004
1613	0.4310651
1614	0.4312097
1615	0.4313349
1616	0.4314549
1617	0.4316108
1618	0.4316963
1619	0.43178940000000005
1620	0.43192200000000003
1621	0.4319992
1622	0.4321202
1623	0.4322661
1624	0.4323861
1625	0.432572
1626	0.4327271
1627	0.4328026
1628	0.43293630000000005
1629	0.43308090000000005
1630	0.4331817
1631	0.43332609999999994
1632	0.4334888
1633	0.4336072
1634	0.43371990000000005
1635	0.4338815
1636	0.4340307
1637	0.4341253
1638	0.4342654
1639	0.4343663
1640	0.434388
1641	0.4344814
1642	0.43460509999999997
1643	0.434742
1644	0.43487040000000005
1645	0.4349259
1646	0.4350487
1647	0.435213
1648	0.43529120000000004
1649	0.4354045
1650	0.435551
1651	0.43562629999999997
1652	0.43575909999999995
1653	0.4359397
1654	0.43601090000000003
1655	0.4360547000000001
1656	0.436162
1657	0.4362875
1658	0.4363991
1659	0.43652520000000006
1660	0.43664490000000006
1661	0.43669189999999997
1662	0.4367388
1663	0.43686320000000006
1664	0.4369535
1665	0.4369933
1666	0.4371075
1667	0.437209
1668	0.43727959999999994
1669	0.4374472
1670	0.43761190000000005
1671	0.4376923
1672	0.43775649999999994
1673	0.4378184
1674	0.4378733
1675	0.43793459999999995
1676	0.4380488
1677	0.43818379999999996
1678	0.4382688
1679	0.43835909999999995
1680	0.43848809999999994
1681	0.43864849999999994
1682	0.43880779999999997
1683	0.4389425
1684	0.4390523
1685	0.43904840000000006
1686	0.43902340000000006
1687	0.4391371
1688	0.43925990000000004
1689	0.4393391
1690	0.4394787
1691	0.4396657
1692	0.43976980000000004
1693	0.43978490000000003
1694	0.43988299999999997
1695	0.44003290000000006
1696	0.4401371
1697	0.44028670000000003
1698	0.4404976
1699	0.440612
1700	0.440645
1701	0.4407528
1702	0.4408553
1703	0.44089870000000003
1704	0.441007
1705	0.44118050000000003
1706	0.4413044
1707	0.4413857
1708	0.44146660000000004
1709	0.44151540000000006
1710	0.4415964
1711	0.4417415
1712	0.4418541
1713	0.4419128
1714	0.4419751
1715	0.44203549999999997
1716	0.4420647
1717	0.44211469999999997
1718	0.4422236
1719	0.4423192
1720	0.4423775
1721	0.442445
1722	0.4424872
1723	0.44247440000000005
1724	0.4424976
1725	0.44259390000000004
1726	0.4426568
1727	0.4426928
1728	0.44277799999999995
1729	0.4428982
1730	0.44296850000000004
1731	0.442949
1732	0.4429576
1733	0.44302659999999994
1734	0.44312399999999996
1735	0.4432634
1736	0.4433439
1737	0.44335909999999995
1738	0.4433995
1739	0.44343940000000004
1740	0.443488
1741	0.44353590000000004
1742	0.44358220000000004
1743	0.4436655
1744	0.44371540000000004
1745	0.4437786
1746	0.4438460999999999
1747	0.44386369999999997
1748	0.4439465
1749	0.4439932
1750	0.44400329999999993
1751	0.44414079999999995
1752	0.44426400000000005
1753	0.44433999999999996
1754	0.4444518
1755	0.44450329999999993
1756	0.4445993
1757	0.44467829999999997
1758	0.44462840000000003
1759	0.4446521
1760	0.44480920000000007
1761	0.4448931
1762	0.44487150000000003
1763	0.44490159999999995
1764	0.4449577
1765	0.44501660000000004
1766	0.44513990000000003
1767	0.44520119999999996
1768	0.44518509999999994
1769	0.4452416
1770	0.44534140000000005
1771	0.445457
1772	0.4455827
1773	0.4456122
1774	0.44561239999999996
1775	0.44576579999999993
1776	0.4459327
1777	0.4459469
1778	0.44600029999999996
1779	0.4461347
1780	0.44617740000000006
1781	0.44622740000000005
1782	0.44634799999999997
1783	0.4464049
1784	0.44642250000000006
1785	0.44651140000000006
1786	0.4466254
1787	0.44668549999999996
1788	0.4467278
1789	0.4467852
1790	0.44691559999999997
1791	0.44709220000000005
1792	0.4472389
1793	0.4474205
1794	0.44755600000000006
1795	0.44764
1796	0.4478037
1797	0.4479653
1798	0.4480686
1799	0.4480872
1800	0.44803679999999996
1801	0.4477991
1802	0.4477955
1803	0.4478902
1804	0.44805790000000006
1805	0.44841909999999996
1806	0.4485992999999999
1807	0.44870550000000003
1808	0.4489553
1809	0.4491045999999999
1810	0.4491929
1811	0.44922159999999994
1812	0.44937970000000005
1813	0.4495518
1814	0.4496169
1815	0.44979890000000006
1816	0.44997349999999997
1817	0.45002650000000005
1818	0.4501128
1819	0.45020240000000006
1820	0.45033490000000004
1821	0.45045470000000004
1822	0.45056229999999997
1823	0.4506884
1824	0.45075770000000004
1825	0.4505872
1826	0.4505965
1827	0.45090690000000005
1828	0.45106040000000003
1829	0.45136980000000004
1830	0.45152299999999995
1831	0.4515505
1832	0.4514787
1833	0.4515345
1834	0.4517179
1835	0.4520838
1836	0.4523018
1837	0.4524018
1838	0.4523492
1839	0.45249140000000004
1840	0.4527253
1841	0.4526354
1842	0.45261309999999993
1843	0.45280950000000003
1844	0.45290119999999995
1845	0.45289540000000006
1846	0.4529646
1847	0.4532001
1848	0.4532412
1849	0.45307759999999997
1850	0.45317349999999995
1851	0.4533347
1852	0.4532516
1853	0.4531925
1854	0.45328199999999996
1855	0.4533063
1856	0.45329659999999994
1857	0.45329929999999996
1858	0.45334250000000004
1859	0.4533115
1860	0.4532562
1861	0.4530389
1862	0.4529712
1863	0.45306
1864	0.45292150000000003
1865	0.45276459999999996
1866	0.45268279999999994
1867	0.4526263
1868	0.45240690000000006
1869	0.45224140000000007
1870	0.45214170000000004
1871	0.4518121
1872	0.4514245
1873	0.4511097
1874	0.4506698
1875	0.4501808
1876	0.4496767
1877	0.4491072
1878	0.4485274
1879	0.44786620000000005
1880	0.4470384
1881	0.44620390000000004
1882	0.4453170999999999
1883	0.44434709999999994
1884	0.44313220000000003
1885	0.4419085
1886	0.440352
1887	0.4386407
1888	0.43691260000000004
1889	0.43498770000000003
1890	0.43280909999999995
1891	0.43035690000000004
1892	0.42761689999999997
1893	0.42479120000000004
1894	0.42189090000000007
1895	0.41893320000000006
1896	0.4157809
1897	0.41260399999999997
1898	0.40954209999999996
1899	0.40672659999999994
1900	0.404206
1901	0.4019638
1902	0.400084
1903	0.3984264
1904	0.3969978
1905	0.3958457
1906	0.3949468
1907	0.394179
1908	0.3937059
1909	0.39363790000000004
1910	0.39371090000000003
1911	0.3938313
1912	0.3941139
1913	0.394558
1914	0.3952766
1915	0.3960387
1916	0.3970539
1917	0.3980196
1918	0.3988633
1919	0.399615
1920	0.40046509999999996
1921	0.4014946
1922	0.40258679999999997
1923	0.40381259999999997
1924	0.4049758
1925	0.405972
1926	0.40684549999999997
1927	0.4078369
1928	0.40886290000000003
1929	0.4098012
1930	0.41090820000000006
1931	0.41194129999999995
1932	0.4126624
1933	0.41344090000000006
1934	0.41427070000000005
1935	0.4151189
1936	0.4159375
1937	0.4168215
1938	0.4175666
1939	0.4182299
1940	0.418875
1941	0.4196213
1942	0.4202559
1943	0.4207745
1944	0.4214062
1945	0.421975
1946	0.42260470000000006
1947	0.4232334
1948	0.42399560000000003
1949	0.42453739999999995
1950	0.42498329999999995
1951	0.4255649
1952	0.4260399
1953	0.42644129999999997
1954	0.42699040000000005
1955	0.4275232
1956	0.4280589
1957	0.42872129999999997
1958	0.4292026
1959	0.4295916
1960	0.4299317
1961	0.43039620000000006
1962	0.4308763
1963	0.4314121
1964	0.4319766
1965	0.43241940000000006
1966	0.4327939
1967	0.43325059999999993
1968	0.43389629999999996
1969	0.4343817
1970	0.4347577
1971	0.43515119999999996
1972	0.43573140000000005
1973	0.43618770000000007
1974	0.4365733
1975	0.4370799
1976	0.4375888
1977	0.43810420000000005
1978	0.4386166
1979	0.4392888
1980	0.43979170000000006
1981	0.44015240000000005
1982	0.44052929999999996
1983	0.44113389999999997
1984	0.4417281
1985	0.4422915
1986	0.44291049999999993
1987	0.44337709999999997
1988	0.4437724
1989	0.44428320000000004
1990	0.4448018
1991	0.4453025
1992	0.4457365
1993	0.4462513
1994	0.44677669999999997
1995	0.44746320000000006
1996	0.44808180000000003
1997	0.4484686
1998	0.44881570000000004
1999	0.4492272
2000	0.44970140000000003
2001	0.45029949999999996
2002	0.45084300000000005
2003	0.45149399999999995
2004	0.45198009999999994
2005	0.4522985
2006	0.452766
2007	0.45321670000000003
2008	0.4535559
2009	0.45399459999999997
2010	0.4544972
2011	0.4550251
2012	0.4554804
2013	0.45588069999999997
2014	0.4561808
2015	0.4566058
2016	0.45708869999999996
2017	0.45743959999999995
2018	0.4578392
2019	0.45806199999999997
2020	0.45820150000000004
2021	0.4584003
2022	0.4587696
2023	0.45926759999999994
2024	0.4596124
2025	0.45996090000000006
2026	0.4603876
2027	0.46093199999999995
2028	0.4612402
2029	0.46143999999999996
2030	0.4617562
2031	0.4620258
2032	0.462193
2033	0.462488
2034	0.4629478
2035	0.46320950000000005
2036	0.46334440000000005
2037	0.4636683
2038	0.4640396
2039	0.4643107
2040	0.4645666
2041	0.46483329999999995
2042	0.464979
2043	0.46520259999999997
2044	0.46546590000000004
2045	0.4658723
2046	0.4661027
2047	0.4663151
2048	0.4664558
2049	0.46660859999999993
2050	0.4668195
2051	0.46699840000000004
2052	0.4673156
2053	0.4679017
2054	0.46809170000000005
2055	0.46816019999999997
2056	0.46832979999999996
2057	0.4683286
2058	0.46823809999999993
2059	0.46856590000000004
2060	0.4689412
2061	0.46915200000000007
2062	0.4693285
2063	0.46948019999999996
2064	0.469649
2065	0.46982029999999997
2066	0.47003249999999996
2067	0.47024309999999997
2068	0.47037829999999997
2069	0.4705382000000001
2070	0.4705934
2071	0.4710539000000001
2072	0.47128919999999996
2073	0.4713819
2074	0.47187640000000003
2075	0.47221260000000004
2076	0.47222890000000006
2077	0.47268059999999995
2078	0.472904
2079	0.4727606
2080	0.47282690000000005
2081	0.47313820000000006
2082	0.4733121
2083	0.4734035
2084	0.4734975
2085	0.4735085
2086	0.47366210000000003
2087	0.473812
2088	0.473954
2089	0.4742419
2090	0.47428980000000004
2091	0.47440779999999994
2092	0.4745647
2093	0.4746201
2094	0.4744185
2095	0.47459170000000006
2096	0.4749666
2097	0.4751264
2098	0.47542870000000004
2099	0.475738
2100	0.47594899999999996
2101	0.4760191
2102	0.47607079999999996
2103	0.476209
2104	0.4763801
2105	0.4764303
2106	0.4765969
2107	0.47707619999999995
2108	0.47733230000000004
2109	0.47731490000000004
2110	0.47753359999999995
2111	0.4779811
2112	0.47823770000000004
2113	0.4784184
2114	0.4786794
2115	0.4789405
2116	0.4791142
2117	0.4792728
2118	0.4795184
2119	0.4798004
2120	0.4798800999999999
2121	0.4800737
2122	0.4804138
2123	0.4806572
2124	0.4807991
2125	0.4809901
2126	0.4812585
2127	0.4814168
2128	0.48149369999999997
2129	0.48161279999999995
2130	0.4817621
2131	0.4817582
2132	0.48148620000000003
2133	0.48162170000000004
2134	0.4818723
2135	0.48185209999999995
2136	0.48183109999999996
2137	0.4819226
2138	0.4819236
2139	0.48173530000000003
2140	0.48154830000000004
2141	0.4813924
2142	0.48123990000000005
2143	0.4810441
2144	0.48075039999999997
2145	0.4804183
2146	0.48015519999999995
2147	0.47981499999999994
2148	0.479412
2149	0.4791424
2150	0.4787729
2151	0.47812209999999994
2152	0.4775742
2153	0.47729040000000006
2154	0.47705649999999994
2155	0.476621
2156	0.4762032
2157	0.4756601
2158	0.474871
2159	0.47423640000000006
2160	0.4736073
2161	0.473037
2162	0.47264639999999997
2163	0.471975
2164	0.4710286
2165	0.47039369999999997
2166	0.46980299999999997
2167	0.4691282
2168	0.4685858
2169	0.4682418
2170	0.4675317
2171	0.4664406
2172	0.46561179999999996
2173	0.4648532
2174	0.46401850000000006
2175	0.46309399999999995
2176	0.46234319999999995
2177	0.4616477
2178	0.46094799999999997
2179	0.4604589
2180	0.4597883
2181	0.4589884
2182	0.45814170000000004
2183	0.4573903
2184	0.4563788
2185	0.4550335
2186	0.45372640000000003
2187	0.4530907
2188	0.4523018
2189	0.451295
2190	0.4508044
2191	0.44992139999999997
2192	0.44835230000000004
2193	0.4473442
2194	0.4468367999999999
2195	0.4458763
2196	0.4444951
2197	0.4437528
2198	0.4434647
2199	0.44265129999999997
2200	0.4418308
2201	0.441193
2202	0.4401594
2203	0.439324
2204	0.4388229
2205	0.4385458
2206	0.4377573
2207	0.43700900000000004
2208	0.4368407999999999
2209	0.43682250000000006
2210	0.4368938
2211	0.437328
2212	0.4376424
2213	0.437954
2214	0.43820290000000006
2215	0.43842359999999997
2216	0.4388572
2217	0.4394542
2218	0.4398398
2219	0.4402682
2220	0.4406818
2221	0.4409391
2222	0.44115059999999995
2223	0.44132550000000004
2224	0.44164709999999996
2225	0.44178
2226	0.44235909999999995
2227	0.4426956
2228	0.44279589999999996
2229	0.4429303
2230	0.4428364000000001
2231	0.44326909999999997
2232	0.4439378
2233	0.44403940000000003
2234	0.44378909999999994
2235	0.4438729
2236	0.4437887
2237	0.44377259999999996
2238	0.4440232
2239	0.4441423
2240	0.4440393
2241	0.4439991
2242	0.4441648
2243	0.44418379999999996
2244	0.44400280000000003
2245	0.4439496
2246	0.44389470000000003
2247	0.44385600000000003
2248	0.44376109999999996
2249	0.4438742
2250	0.4439641
2251	0.444062
2252	0.44443649999999996
2253	0.4446187
2254	0.4445052
2255	0.4448003
2256	0.44503679999999995
2257	0.44517470000000003
2258	0.44536499999999996
2259	0.44589639999999997
2260	0.44593649999999996
2261	0.44544979999999995
2262	0.44556019999999996
2263	0.44575020000000004
2264	0.4459855
2265	0.44671930000000004
2266	0.44708809999999993
2267	0.44720770000000004
2268	0.4473869000000001
2269	0.44754269999999996
2270	0.447636
2271	0.4474871
2272	0.4476312
2273	0.4478548
2274	0.44832619999999995
2275	0.448484
2276	0.4484808
2277	0.44865070000000007
2278	0.4484745
2279	0.4484715
2280	0.44887570000000004
2281	0.4487516
2282	0.4482445
2283	0.4480663
2284	0.44799929999999993
2285	0.4477854
2286	0.4474407
2287	0.4474497
2288	0.44768220000000003
2289	0.44755649999999997
2290	0.44757109999999994
2291	0.44744750000000005
2292	0.4467178
2293	0.44650039999999996
2294	0.44676980000000005
2295	0.44675420000000005
2296	0.4467067
2297	0.44672259999999997
2298	0.446745
2299	0.44657240000000004
2300	0.4461963
2301	0.44618009999999997
2302	0.4462828
2303	0.44624759999999997
2304	0.44621000000000005
2305	0.4461794
2306	0.4459575
2307	0.44575249999999994
2308	0.44569670000000006
2309	0.445528
2310	0.4453875
2311	0.4452294
2312	0.44502879999999995
2313	0.4451442
2314	0.44551009999999996
2315	0.4456691
2316	0.44574490000000005
2317	0.4462174
2318	0.4463049
2319	0.4457312
2320	0.4456968
2321	0.4459059
2322	0.44595109999999993
2323	0.4462317
2324	0.4461728
2325	0.4456523
2326	0.44574540000000007
2327	0.4460786
2328	0.44604160000000004
2329	0.446437
2330	0.44651549999999995
2331	0.4455514
2332	0.4454491
2333	0.44629079999999993
2334	0.4464053
2335	0.44630240000000004
2336	0.44639880000000004
2337	0.4468207
2338	0.4464897
2339	0.4461387
2340	0.44682089999999997
2341	0.44673140000000006
2342	0.4458339
2343	0.44586149999999997
2344	0.44653679999999996
2345	0.4468437
2346	0.44681309999999996
2347	0.44696309999999995
2348	0.4468324000000001
2349	0.4466929
2350	0.4467842000000001
2351	0.44636809999999993
2352	0.44565459999999996
2353	0.44584229999999997
2354	0.44670909999999997
2355	0.4469027
2356	0.44679480000000005
2357	0.44694579999999995
2358	0.4467167
2359	0.44656440000000003
2360	0.4471501
2361	0.4474759
2362	0.44712559999999996
2363	0.44722340000000005
2364	0.4481702
2365	0.448165
2366	0.4473876
2367	0.44724949999999997
2368	0.44702879999999995
2369	0.4468521
2370	0.4470125
2371	0.4470492999999999
2372	0.447366
2373	0.44696759999999996
2374	0.44609350000000003
2375	0.4454657
2376	0.445242
2377	0.4450023
2378	0.4455312
2379	0.4457388
2380	0.4449175
2381	0.44417829999999997
2382	0.4443317
2383	0.4449148
2384	0.4448334
2385	0.44465609999999994
2386	0.44410190000000005
2387	0.4430164000000001
2388	0.4431219
2389	0.4436377
2390	0.4433487
2391	0.4432856
2392	0.44329650000000004
2393	0.4426295
2394	0.441772
2395	0.4407608
2396	0.4403335
2397	0.44071049999999995
2398	0.44082089999999996
2399	0.440821
2400	0.4406218
2401	0.44014179999999997
2402	0.43961239999999996
2403	0.4394848
2404	0.4399135
2405	0.43933469999999997
2406	0.4383515
2407	0.43912629999999997
2408	0.439362
2409	0.4376208
2410	0.43683140000000004
2411	0.4369733
2412	0.4367521
2413	0.43730600000000003
2414	0.4374954000000001
2415	0.43620640000000005
2416	0.435501
2417	0.434526
2418	0.4329045
2419	0.432546
2420	0.4318663
2421	0.4307172
2422	0.431101
2423	0.4318468
2424	0.4309353
2425	0.4296032
2426	0.4297258
2427	0.43008019999999997
2428	0.42979570000000006
2429	0.4294411
2430	0.4285634
2431	0.42706009999999994
2432	0.4262036
2433	0.4253663
2434	0.4253413
2435	0.4249098
2436	0.42443590000000003
2437	0.4239524
2438	0.4233827
2439	0.42281599999999997
2440	0.4221021
2441	0.4217977
2442	0.42186999999999997
2443	0.4221063
2444	0.4226304
2445	0.4220348
2446	0.42129629999999996
2447	0.42101629999999995
2448	0.4201013
2449	0.4191619000000001
2450	0.41864579999999996
2451	0.41757159999999993
2452	0.4149901
2453	0.41522380000000003
2454	0.4182175
2455	0.4172889
2456	0.41511709999999996
2457	0.41521779999999997
2458	0.41387159999999995
2459	0.4128054
2460	0.41470109999999993
2461	0.41515630000000003
2462	0.41262089999999996
2463	0.4119173
2464	0.4145066
2465	0.41419540000000005
2466	0.4106902
2467	0.40992159999999994
2468	0.40996279999999996
2469	0.40906079999999995
2470	0.4093122
2471	0.4093536
2472	0.4090986
2473	0.4072918
2474	0.4036875
2475	0.4029649
2476	0.4024563
2477	0.4013587
2478	0.40314629999999996
2479	0.403453
2480	0.4010204
2481	0.39986309999999997
2482	0.4007658
2483	0.3999296
2484	0.3953065
2485	0.3955573
2486	0.4000637
2487	0.40135440000000006
2488	0.40380390000000005
2489	0.40599240000000003
2490	0.40737059999999997
2491	0.40540940000000003
2492	0.40084549999999997
2493	0.3999011
2494	0.3956563
2495	0.3938952
2496	0.4011869
2497	0.4002569
2498	0.3891275
2499	0.38823009999999997
2500	0.393312
